StaID,1,2,3,4,5,6,7,8,9,10,11,12,13,14,15,16,17,18,19,20,21,22,23,24,25,26,27,28,29,30,31,32,33,34,35,36,37,38,39,40,41,42,43,44,45,46,47,48,49,50,51,52,53,54,55,56,57,58,59,60,61,62,63,64,65,66,67,68,69,70,71,72,73,74,75,76,77,78,79,80,81,82,83,84,85,86,87,88,89,90,91,92,93,94,95,96,97,98,99,100,101,102,103,104,105,106,107,108,109,110,111,112,113,114,115,116,117,118,119,120,121,122,123,124,125,126,127,128,129,130,131,132,133,134,135,136,137,138,139,140,141,142,143,144,145,146,147,148,149,150,151,152,153,154,155,156,157,158,159,160,161,162,163,164,165,166,167,168,169,170,171,172,173,174,175,176,177,178,179,180,181,182,183,184,185,186,187,188,189,190,191,192,193,194,195,196,197,198,199,200,201,202,203,204,205,206,207,208,209,210,211,212,213,214,215,216,217,218,219,220,221,222,223,224,225,226,227,228,229,230,231,232,233,234,235,236,237,238,239,240,241,242,243,244,245,246,247,248,249,250,251,252,253,254,255,256,257,258,259,260,261,262,263,264,265,266,267,268,269,270,271,272,273,274,275,276,277,278,279,280,281,282,283,284,285,286,287,288,289,290,291,292,293,294,295,296,297,298,299,300,301,302,303,304,305,306,307,308,309,310,311,312,313,314,315,316,317,318,319,320,321,322,323,324,325,326,327,328,329,330,331,332,333,334,335,336,337,338,339,340,341,342,343,344,345,346,347,348,349,350,351,352,353,354,355,356,357,358,359,360,361,362,363,364,365,366
6038500,0.4512194925427051,0.4512194925427051,0.4512194925427051,0.4512194925427051,0.4512194925427051,0.4512194925427051,0.4512194925427051,0.4512194925427051,0.4512194925427051,0.4512194925427051,0.4512194925427051,0.4512194925427051,0.4512194925427051,0.4512194925427051,0.4512194925427051,0.44337977162980113,0.44250869152836714,0.43815329102119815,0.43815329102119815,0.43815329102119815,0.43815329102119815,0.43815329102119815,0.43815329102119815,0.43815329102119815,0.43815329102119815,0.43815329102119815,0.43815329102119815,0.43815329102119815,0.43815329102119815,0.43815329102119815,0.43815329102119815,0.43815329102119815,0.43815329102119815,0.43815329102119815,0.43815329102119815,0.43815329102119815,0.43815329102119815,0.43815329102119815,0.43815329102119815,0.41724736858678735,0.41724736858678735,0.43815329102119815,0.43815329102119815,0.43815329102119815,0.43815329102119815,0.43815329102119815,0.43815329102119815,0.43815329102119815,0.43815329102119815,0.43815329102119815,0.43815329102119815,0.43815329102119815,0.43815329102119815,0.43815329102119815,0.43815329102119815,0.43815329102119815,0.43031357010829424,0.41376304818105236,0.41202088797818437,0.41202088797818437,0.4076654874710154,0.4076654874710154,0.4076654874710154,0.4076654874710154,0.40331008696384646,0.40331008696384646,0.3989546864566775,0.3945992859495085,0.39024388544233957,0.3858884849351706,0.3771776839208326,0.3728222834136637,0.35975608189215674,0.32055747732763606,0.3170731569219006,0.2909407538788873,0.2857142732702843,0.2857142732702843,0.2813588727631154,0.25522646972010155,0.24738674880719713,0.24216026819859465,0.24216026819859465,0.24216026819859465,0.24216026819859465,0.24216026819859465,0.24216026819859465,0.24216026819859465,0.24216026819859465,0.24216026819859465,0.24216026819859465,0.24216026819859465,0.2378048676914257,0.2238675860684853,0.21602786515558087,0.21602786515558087,0.20731706414124293,0.20731706414124293,0.18989546211256705,0.17682926059106016,0.16811845957672222,0.1428571366351419,0.1332752555193705,0.09407665095484978,0.08101044943334289,0.06794424791183598,0.06794424791183598,0.06358884740466701,0.06358884740466701,0.06358884740466701,0.06358884740466701,0.06358884740466701,0.06010452699893204,0.05139372598459411,0.04616724537599115,0.03397212395591824,0.03310104385448425,0.028745643347315282,0.028745643347315282,0.028745643347315282,0.028745643347315282,0.024390242840146313,0.024390242840146313,0.020905922434411337,0.020034842332977348,0.020034842332977348,0.01567944182580838,0.011324041318639413,0.007839720912904437,0.0034843204057349755,0.0034843204057349755,0.007839720912904437,0.011324041318639413,0.01567944182580838,0.016550521927242372,0.020034842332977348,0.020034842332977348,0.020034842332977348,0.020034842332977348,0.024390242840146313,0.025261322941580306,0.028745643347315282,0.03832752446308671,0.05487804639032908,0.05574912649176308,0.05923344689749805,0.05923344689749805,0.05923344689749805,0.05923344689749805,0.05923344689749805,0.05923344689749805,0.05923344689749805,0.05574912649176308,0.05487804639032908,0.04181184486882218,0.03832752446308671,0.02961672344874927,0.02177700253584533,0.02177700253584533,0.00958188111577242,0.008710801014338429,0.0,0.0,0.008710801014338429,0.01567944182580838,0.020905922434411337,0.025261322941580306,0.03397212395591824,0.05487804639032908,0.06794424791183648,0.13763065602653946,0.17247386008389218,0.21602786515558087,0.21602786515558087,0.21602786515558087,0.24216026819859465,0.27003483144447643,0.2996515548932252,0.329268278341974,0.34668988037064985,0.41986060889108884,0.4477351721369701,0.465156774165646,0.5121950996430706,0.5383275026860844,0.6123693113079569,0.6297909133366327,0.6428571148581397,0.6655051974954179,0.721254323987181,0.7386759260158569,0.7386759260158569,0.7517421275373638,0.7613240086531358,0.7778745305803776,0.7778745305803776,0.7874564116961495,0.7909407321018845,0.8170731351448983,0.8214285356520673,0.8606271402165879,0.8780487422452639,0.8824041427524328,0.8911149437667707,0.8998257447811087,0.9059233054911451,0.9172473468097846,0.9224738274183875,0.9259581478241224,0.9259581478241224,0.9398954294470634,0.9486062304614014,0.9520905508671362,0.9520905508671362,0.9520905508671362,0.9520905508671362,0.9520905508671362,0.9520905508671362,0.9520905508671362,0.9564459513743052,0.9564459513743052,0.9564459513743052,0.9520905508671362,0.9520905508671362,0.9520905508671362,0.9520905508671362,0.9520905508671362,0.9520905508671362,0.9529616309685702,0.9564459513743052,0.9564459513743052,0.9564459513743052,0.9564459513743052,0.9564459513743052,0.9564459513743052,0.9564459513743052,0.9564459513743052,0.9564459513743052,0.9564459513743052,0.9564459513743052,0.9564459513743052,0.9564459513743052,0.9564459513743052,0.9590591916786068,0.9738675534029811,0.995644555938826,0.9999999564459949,0.9999999564459949,0.9999999564459949,0.9965156360402599,0.995644555938826,0.995644555938826,0.995644555938826,0.984320514620187,0.9790940340115836,0.9590591916786068,0.9520905508671362,0.9486062304614014,0.9477351503599674,0.9433797498527984,0.9390243493456294,0.9355400289398944,0.9224738274183875,0.8954703442739397,0.8911149437667707,0.8824041427524328,0.8789198223466979,0.8632403805208899,0.8353658172750081,0.8214285356520673,0.8179442152463323,0.7996515331162224,0.7952961326090535,0.7874564116961495,0.7743902101746426,0.7735191300732086,0.7735191300732086,0.7691637295660396,0.7691637295660396,0.7691637295660396,0.7691637295660396,0.7691637295660396,0.7700348096674732,0.7735191300732086,0.7735191300732086,0.7735191300732086,0.7735191300732086,0.7735191300732086,0.7735191300732086,0.7743902101746426,0.781358850986113,0.7952961326090535,0.8083623341305604,0.8135888147391633,0.8170731351448983,0.8170731351448983,0.8179442152463323,0.8222996157535013,0.8310104167678392,0.8353658172750081,0.8397212177821767,0.8432055381879121,0.8432055381879121,0.8484320187965151,0.8527874193036841,0.8580138999122869,0.8649825407237569,0.8658536208251909,0.8693379412309259,0.8693379412309259,0.8693379412309259,0.8702090213323599,0.8736933417380949,0.8736933417380949,0.8736933417380949,0.8736933417380949,0.8745644218395283,0.8780487422452639,0.8745644218395283,0.8736933417380949,0.8736933417380949,0.8736933417380949,0.8702090213323599,0.8658536208251909,0.856271739709419,0.8475609386950811,0.8432055381879121,0.8388501376807431,0.8388501376807431,0.8344947371735741,0.8344947371735741,0.8344947371735741,0.8344947371735741,0.8301393366664052,0.8214285356520673,0.8179442152463323,0.7386759260158569,0.7125435229728431,0.6742159985097569,0.6367595541481037,0.5513937042075913,0.5296167016717465,0.5252613011645775,0.5165505001502396,0.49564457771582876,0.4904180971072258,0.4860626966000568,0.4860626966000568,0.48170729609288787,0.48170729609288787,0.4773518955857189,0.4729964950785499,0.4729964950785499,0.4729964950785499,0.4729964950785499,0.4729964950785499,0.4729964950785499,0.4729964950785499,0.4729964950785499,0.4729964950785499,0.4729964950785499,0.4729964950785499,0.4729964950785499,0.4729964950785499,0.4729964950785499,0.4729964950785499
6054500,0.2827004213445139,0.28481012598141325,0.28481012598141325,0.28481012598141325,0.2852320669087931,0.28734177154569257,0.28902953525521197,0.2911392398921113,0.2911392398921113,0.2932489445290107,0.29367088545639053,0.29535864916591004,0.2974683538028094,0.29957805843970875,0.2999999993670886,0.3016877630766081,0.3016877630766081,0.3016877630766081,0.30210970400398796,0.30210970400398796,0.3016877630766081,0.3016877630766081,0.30379746771350746,0.3042194086408873,0.3059071723504068,0.3059071723504068,0.3059071723504068,0.3063291132777867,0.3080168769873062,0.3080168769873062,0.31012658162420553,0.3122362862611049,0.3122362862611049,0.3122362862611049,0.31434599089800425,0.31434599089800425,0.3164556955349036,0.3168776364622835,0.31856540017180296,0.31856540017180296,0.31856540017180296,0.31856540017180296,0.31856540017180296,0.3206751048087023,0.3206751048087023,0.3206751048087023,0.3232067503729816,0.3270042187194004,0.32911392335629974,0.33333333263009846,0.3354430372669978,0.33755274190389717,0.3396624465407965,0.3459915604514946,0.3502109697252933,0.354430378999092,0.35907172920027064,0.3628691975466895,0.3654008431109688,0.36751054774786807,0.37383966165856614,0.377637130004985,0.3801687755692642,0.38396624391568307,0.3860759485525824,0.38860759411686174,0.39029535782638114,0.39451476710017985,0.39451476710017985,0.3966244717370792,0.39704641266445906,0.39873417637397857,0.4008438810108779,0.4029535856477773,0.40506329028467664,0.40506329028467664,0.407172994921576,0.40928269955847535,0.41181434512275455,0.4156118134691734,0.4177215181060728,0.41983122274297213,0.4219409273798715,0.42405063201677085,0.4261603366536702,0.4261603366536702,0.4286919822179494,0.43248945056436827,0.43248945056436827,0.436708859838167,0.43881856447506634,0.4392405054024462,0.44303797374886505,0.44303797374886505,0.4451476783857644,0.4493670876595631,0.4514767922964625,0.4556962015702612,0.45611814249764115,0.4599156108440599,0.4645569610452385,0.4704641340285567,0.47679324793925476,0.4814345981404334,0.4894514757606509,0.49198312132493016,0.4962025305987289,0.4999999989451477,0.5021097035820471,0.5067510537832256,0.5084388174927451,0.5177215178951025,0.5232067499510407,0.52531645458794,0.5295358638617387,0.5400843870462355,0.5447257372474141,0.5552742604319109,0.5658227836164077,0.5759493658735245,0.5843881844211221,0.5886075936949208,0.5932489438960993,0.5999999987341772,0.6101265809912941,0.6160337539746124,0.6202531632484111,0.6253164543769697,0.6350210957067066,0.6413502096174046,0.6476793235281028,0.6586497876399794,0.6776371293720737,0.6966244711041678,0.7050632896517652,0.7156118128362621,0.7219409267469601,0.7426160321885739,0.7582278465016291,0.7818565384349021,0.8021097029491356,0.8164556944800513,0.827426158591928,0.843881854759743,0.8548523188716196,0.8696202513299152,0.892827002335808,0.9101265803583828,0.9337552722916556,0.9493670866047108,0.968776369264185,0.9746835422475031,0.978481010593922,0.9957805886164967,0.9962025295438766,0.9999999978902954,0.9940928249069773,0.9729957785379837,0.9569620232975485,0.9417721499118733,0.9105485212857627,0.9008438799560257,0.8556962007263794,0.827426158591928,0.7940928253289183,0.7586497874290091,0.7071729942886646,0.6628691969137781,0.6274261590138689,0.6033755261532162,0.5751054840187648,0.555696201359291,0.5341772140629175,0.5042194082189464,0.47721518886663467,0.4476793239500436,0.4139240497596539,0.3924050624632805,0.3569620245633713,0.3210970457360823,0.28059071670761454,0.2620253159029002,0.24303797417080597,0.22827004171251047,0.21518987296373446,0.20042194050543896,0.17932489413644537,0.16497890260552975,0.1540084384936531,0.14767932458295502,0.13080168748776017,0.12025316430326337,0.11012658204614646,0.10168776349854902,0.09704641329737045,0.09282700402357173,0.08649789011287365,0.08016877620217558,0.07383966229147751,0.07172995765457815,0.06751054838077944,0.06540084374388008,0.059071729833182006,0.05485232055938329,0.05063291128558458,0.04852320664868522,0.046413502011785866,0.0443037973748865,0.04008438810108779,0.035864978827289076,0.03164556955349036,0.027426160279691646,0.027426160279691646,0.023206751005892933,0.023206751005892933,0.018987341732094216,0.018987341732094216,0.01687763709519486,0.014767932458295501,0.012658227821396145,0.010548523184496787,0.00843881854759743,0.0063291139106980724,0.0063291139106980724,0.004641350201178634,0.0021097046368993575,0.0021097046368993575,0.0021097046368993575,0.00042194092737991943,0.0,0.0,0.0,0.0,0.0021097046368993575,0.0021097046368993575,0.004219409273798715,0.0063291139106980724,0.0063291139106980724,0.00843881854759743,0.010548523184496787,0.012658227821396145,0.01729957802257478,0.023206751005892933,0.03164556955349036,0.03417721511776964,0.03797468346418843,0.042194092737987146,0.046413502011785866,0.05063291128558458,0.05485232055938329,0.059071729833182006,0.06329113910698073,0.06751054838077944,0.07172995765457815,0.07637130785575678,0.08016877620217558,0.08438818547597429,0.088607594749773,0.09282700402357173,0.10126582257116916,0.10548523184496787,0.11434599131994518,0.1286919828508608,0.14556961994605566,0.1540084384936531,0.16033755240435116,0.16455696167814987,0.17088607558884794,0.17510548486264665,0.1835443034102441,0.1940928265947409,0.20253164514233832,0.21729957760063381,0.22995780542202995,0.23628691933272802,0.24472573788032545,0.25105485179102355,0.25527426106482226,0.26160337497552033,0.2637130796124197,0.27004219352311776,0.2784810120707152,0.2869198306183126,0.29535864916591004,0.30379746771350746,0.3164556955349036,0.32911392335629974,0.3417721511776959,0.3506329106526732,0.3628691975466895,0.38059071649664417,0.39029535782638114,0.39451476710017985,0.4029535856477773,0.40506329028467664,0.40928269955847535,0.4139240497596539,0.42405063201677085,0.43248945056436827,0.4350210961286475,0.4392405054024462,0.44725738302266377,0.4514767922964625,0.45358649693336184,0.4556962015702612,0.45822784713454046,0.4599156108440599,0.4599156108440599,0.46202531548095926,0.4603375517714398,0.45822784713454046,0.45780590620716055,0.4556962015702612,0.45358649693336184,0.4514767922964625,0.4434599146762449,0.43881856447506634,0.436708859838167,0.43248945056436827,0.42658227758105005,0.4244725729441507,0.42405063201677085,0.41983122274297213,0.4156118134691734,0.4156118134691734,0.41350210883227406,0.4097046404858552,0.407172994921576,0.4029535856477773,0.3966244717370792,0.3924050624632805,0.3881856531894818,0.3822784802061637,0.37974683464188436,0.377637130004985,0.3734177207311863,0.3607594929097901,0.354430378999092,0.34430379674197514,0.3354430372669978,0.3274261596467803,0.3206751048087023,0.3147679318253842,0.3122362862611049,0.3080168769873062,0.3059071723504068,0.3016877630766081,0.2974683538028094,0.2932489445290107,0.2932489445290107,0.2911392398921113,0.2869198306183126,0.28481012598141325,0.27890295299809503,0.2784810120707152,0.2767932483611957,0.2763713074338158,0.2721518981600171,0.2721518981600171,0.2721518981600171,0.2746835437242963,0.2721518981600171,0.27004219352311776,0.2704641344504976,0.27004219352311776,0.26582278424931904
6066500,0.8260869445494646,0.8405796979626131,0.8579710020583913,0.8695652047889101,0.8695652047889101,0.8695652047889101,0.8695652047889101,0.8840579582020586,0.8869565088846884,0.8869565088846884,0.8869565088846884,0.8869565088846884,0.8869565088846884,0.8869565088846884,0.8985507116152072,0.9130434650283556,0.9275362184415041,0.9420289718546526,0.9565217252678011,0.9710144786809496,0.9855072320940981,0.9855072320940981,0.9999999855072467,0.9999999855072467,0.9884057827767279,0.9855072320940981,0.9855072320940981,0.9855072320940981,0.9855072320940981,0.9855072320940981,0.9855072320940981,0.9855072320940981,0.9855072320940981,0.9710144786809496,0.9710144786809496,0.9565217252678011,0.9449275225372823,0.9420289718546526,0.9275362184415041,0.9275362184415041,0.9275362184415041,0.9159420157109853,0.9130434650283556,0.8985507116152072,0.8985507116152072,0.8840579582020586,0.8840579582020586,0.8695652047889101,0.8550724513757616,0.8550724513757616,0.8405796979626131,0.8405796979626131,0.8405796979626131,0.8115941911363161,0.8115941911363161,0.8115941911363161,0.8115941911363161,0.8260869445494646,0.8405796979626131,0.8405796979626131,0.8405796979626131,0.8405796979626131,0.8405796979626131,0.8405796979626131,0.8405796979626131,0.8434782486452428,0.8550724513757616,0.8550724513757616,0.8579710020583913,0.8695652047889101,0.8695652047889101,0.8579710020583913,0.8579710020583913,0.8550724513757616,0.8579710020583913,0.8840579582020586,0.8985507116152072,0.8985507116152072,0.8985507116152072,0.8985507116152072,0.8985507116152072,0.8985507116152072,0.8985507116152072,0.8985507116152072,0.8985507116152072,0.8985507116152072,0.8985507116152072,0.8985507116152072,0.8869565088846884,0.8840579582020586,0.8724637554715398,0.8695652047889101,0.8550724513757616,0.8579710020583913,0.8550724513757616,0.8434782486452428,0.8434782486452428,0.8434782486452428,0.8405796979626131,0.8260869445494646,0.8260869445494646,0.8260869445494646,0.8144927418189458,0.8144927418189458,0.8144927418189458,0.7999999884057973,0.7971014377231675,0.7855072349926501,0.7681159308968706,0.7565217281663518,0.7536231774837221,0.7420289747532033,0.7275362213400548,0.7101449172442766,0.7101449172442766,0.695652163831128,0.695652163831128,0.6840579611006092,0.6840579611006092,0.6695652076874614,0.6695652076874614,0.6695652076874614,0.6666666570048311,0.6695652076874614,0.6695652076874614,0.6840579611006092,0.695652163831128,0.6985507145137578,0.7101449172442766,0.7101449172442766,0.7101449172442766,0.7101449172442766,0.7101449172442766,0.7130434679269063,0.7275362213400548,0.7275362213400548,0.7275362213400548,0.7130434679269063,0.7101449172442766,0.6753623090527215,0.6521739035916826,0.6115941940348668,0.5942028899390885,0.5826086872085697,0.5420289776517546,0.5217391228733461,0.49275361604704904,0.4811594133165303,0.45217390649023326,0.3971014435202696,0.36231883532871256,0.347826081915564,0.33623187918504527,0.33333332850241554,0.33333332850241554,0.3217391257718974,0.31884057508926705,0.3043478216761185,0.28985506826297003,0.27536231484982154,0.24927535870615422,0.23478260529300574,0.21739130119722752,0.20579709846670938,0.18840579437093052,0.1768115916404117,0.173913040957782,0.15942028754463353,0.15942028754463353,0.14492753413148501,0.13043478071833653,0.13043478071833653,0.11884057798781772,0.13043478071833653,0.13043478071833653,0.13043478071833653,0.11594202730518802,0.10144927389203952,0.086956520478891,0.086956520478891,0.07536231774837221,0.07536231774837221,0.046376810922075205,0.028985506826297004,0.014492753413148502,0.0028985506826297003,0.0,0.0,0.0,0.0028985506826297003,0.014492753413148502,0.0173913040957782,0.028985506826297004,0.028985506826297004,0.028985506826297004,0.03188405750892671,0.03188405750892671,0.028985506826297004,0.03188405750892671,0.0434782602394455,0.046376810922075205,0.05797101365259401,0.046376810922075205,0.046376810922075205,0.046376810922075205,0.05797101365259401,0.05797101365259401,0.046376810922075205,0.0434782602394455,0.0434782602394455,0.0434782602394455,0.0434782602394455,0.0434782602394455,0.0434782602394455,0.0434782602394455,0.0434782602394455,0.0434782602394455,0.0434782602394455,0.0434782602394455,0.0434782602394455,0.05797101365259401,0.07246376706574251,0.07246376706574251,0.07246376706574251,0.07536231774837221,0.086956520478891,0.086956520478891,0.086956520478891,0.086956520478891,0.086956520478891,0.086956520478891,0.07246376706574251,0.07246376706574251,0.07246376706574251,0.07246376706574251,0.07536231774837221,0.07536231774837221,0.07246376706574251,0.07246376706574251,0.086956520478891,0.08985507116152137,0.10144927389203952,0.10144927389203952,0.08985507116152137,0.10144927389203952,0.08985507116152137,0.10144927389203952,0.10144927389203952,0.10144927389203952,0.08985507116152137,0.086956520478891,0.086956520478891,0.086956520478891,0.07536231774837221,0.07246376706574251,0.07246376706574251,0.07536231774837221,0.086956520478891,0.086956520478891,0.10144927389203952,0.10144927389203952,0.10144927389203952,0.11594202730518802,0.11594202730518802,0.11594202730518802,0.11594202730518802,0.11594202730518802,0.1043478245746692,0.1043478245746692,0.10144927389203952,0.10144927389203952,0.08985507116152137,0.08985507116152137,0.10144927389203952,0.10144927389203952,0.10144927389203952,0.10144927389203952,0.10144927389203952,0.10144927389203952,0.10144927389203952,0.11594202730518802,0.11594202730518802,0.11594202730518802,0.11594202730518802,0.11594202730518802,0.11594202730518802,0.11594202730518802,0.11594202730518802,0.11594202730518802,0.11594202730518802,0.11594202730518802,0.11594202730518802,0.11594202730518802,0.11594202730518802,0.11594202730518802,0.11594202730518802,0.11594202730518802,0.11594202730518802,0.11594202730518802,0.11594202730518802,0.11594202730518802,0.11594202730518802,0.11594202730518802,0.11884057798781772,0.13043478071833653,0.14492753413148501,0.14492753413148501,0.15942028754463353,0.15942028754463353,0.173913040957782,0.18840579437093052,0.18840579437093052,0.20579709846670938,0.21739130119722752,0.21739130119722752,0.23188405461037603,0.24637680802352452,0.24637680802352452,0.24637680802352452,0.26086956143667306,0.26086956143667306,0.26086956143667306,0.27536231484982154,0.2782608655324512,0.29275361894559976,0.3043478216761185,0.31884057508926705,0.33333332850241554,0.347826081915564,0.347826081915564,0.347826081915564,0.36231883532871256,0.37681158874186105,0.39130434215500953,0.40869564625078775,0.43478260239445504,0.4492753558076036,0.45217390649023326,0.46666665990338174,0.49275361604704904,0.5217391228733461,0.5217391228733461,0.5217391228733461,0.5362318762864946,0.5362318762864946,0.5420289776517546,0.5797101365259401,0.608695643352237,0.6405797008611638,0.6695652076874614,0.6985507145137578,0.7101449172442766,0.7101449172442766,0.7130434679269063,0.7275362213400548,0.7391304240705736,0.7391304240705736,0.7391304240705736,0.7391304240705736,0.7391304240705736,0.7536231774837221,0.7681159308968706,0.7681159308968706,0.7710144815795003,0.7826086843100191,0.7826086843100191
6191500,0.0042527338939053255,0.0042527338939053255,0.0042527338939053255,0.00400972052853932,0.003948967187197802,0.003705953821831797,0.003645200480490279,0.003645200480490279,0.003645200480490279,0.0033414337737827557,0.0026123936776847067,0.0021263669469526627,0.0021263669469526627,0.0021263669469526627,0.0021263669469526627,0.001883353581586658,0.0010935601441470905,0.0007594167667688081,0.0006075334134150465,0.0006075334134150465,0.0006075334134150465,0.0006075334134150465,0.0006075334134150465,0.00033414337737828245,0.00030376670670752325,0.00015188335335376162,3.037667067075923e-05,3.037667067075923e-05,0.0,0.0,0.0,0.0,0.0,0.0,3.037667067075923e-05,0.00015188335335376162,0.00015188335335376162,0.00018226002402452085,0.00030376670670752325,0.00030376670670752325,0.00048602673073204407,0.0006075334134150465,0.0007594167667688081,0.0010631834734763314,0.0015188335335376162,0.0018226002402451395,0.00200486026426966,0.0023390036416479428,0.0028857837137214707,0.003219927091099753,0.003705953821831797,0.004404617247259087,0.004556500600612848,0.005042527331344892,0.005680437415430681,0.006439854182199506,0.007381530972992818,0.008657351141164412,0.009295261225250219,0.009720534614640744,0.010236938016043548,0.010631834734763314,0.01145200484287364,0.012788578352386734,0.013699878472509305,0.014277035215253591,0.015188335335376162,0.01597812877281573,0.01707168891696282,0.018074119049097632,0.019471445899952245,0.02053462937342858,0.022053462906966192,0.023086269709771765,0.02445321988995562,0.025850546740810235,0.02703523689696957,0.027946537017092137,0.028736330454531705,0.029678007245325034,0.030832320730813607,0.031773997521606936,0.03314094770179079,0.034021871151242604,0.03447752121130389,0.03541919800209722,0.0359963547448415,0.03705953821831783,0.03754556494904988,0.038730255105209214,0.039793438578685544,0.04058323201612511,0.0417982988429552,0.04298298899911454,0.04513973261673796,0.04602065606618977,0.04817739968381319,0.04984811657070457,0.051427703445583686,0.05346294038052409,0.05528554062076923,0.058323207687844464,0.06136087475491969,0.06439854182199492,0.06743620888907016,0.07047387595614539,0.07533414326346577,0.07958687715737109,0.08566221129152156,0.0902187118921344,0.09477521249274726,0.0993317130933601,0.10388821369397294,0.10996354782812341,0.1175577154958115,0.12363304962996195,0.12970838376411242,0.1388213849653381,0.14945321970010145,0.1570473873677895,0.16919805563609044,0.17831105683731613,0.18894289157207947,0.19957472630684278,0.22114216248307692,0.23784933135199068,0.2560753337544421,0.26944106884957314,0.2849331708916568,0.3031591732941082,0.3244228427636348,0.34082624492584107,0.3696840820630558,0.39459295201307276,0.43226002364480565,0.46719319491617073,0.509720533855224,0.5449574718332967,0.5722964754369738,0.6051032797613863,0.6631227207425232,0.7038274594413313,0.7375455638858665,0.7664034010230812,0.7955650048670033,0.8256379088310482,0.8541919792615553,0.8772782489713271,0.8970230849073161,0.922539488270748,0.934690156539049,0.9517010921146704,0.9699270945171217,0.9802551625451775,0.9908869972799408,0.9969623314140913,0.9999999984811665,0.9999999984811665,0.9999999984811665,0.9987849316543365,0.9987849316543365,0.9972660981207988,0.9954434978805536,0.9866342633860354,0.9714459280506593,0.9517010921146704,0.9407654906731995,0.9240583218042857,0.9122114202426924,0.895200484667071,0.8708991481304691,0.8572296463286306,0.8377885770993493,0.823815308590803,0.8074119064285967,0.7873633037859002,0.7736938019840617,0.751215065687705,0.7266099624443956,0.6977521253071809,0.6767922225443618,0.660085053675448,0.637910084085799,0.62059538180347,0.5993317123339433,0.5795868763979544,0.5625759408223331,0.542831104886344,0.5279465362576754,0.5139732677491293,0.5006075326539985,0.4884568643856975,0.47478736258385884,0.4653705946759256,0.4535236931143322,0.44258809167286134,0.4277035230441928,0.41676792160272186,0.4034021865075909,0.39246658506612003,0.38213851703806423,0.3712029155965934,0.3605710808618301,0.352976913194142,0.3438639119929163,0.3362697443252282,0.3271567431240025,0.31804374192277685,0.31044957425508873,0.3028554065874007,0.2940461720928826,0.287970837958732,0.27885783675750636,0.27095990238311074,0.26215066788859254,0.25577156704773457,0.2469623325532164,0.24210206524589603,0.23481166428491546,0.23147023051113272,0.22387606284344463,0.21931956224283178,0.21324422810868132,0.20868772750806847,0.202612393373918,0.19653705923976753,0.1907654918123246,0.1859052245050042,0.18286755743792898,0.17679222330377853,0.17223572270316567,0.16798298880926038,0.1646415550354776,0.16008505443486476,0.1570473873677895,0.15400972030071428,0.14975698640680896,0.14671931933973376,0.1448967190994886,0.14185905203241336,0.1388213849653381,0.1373025514318005,0.13456865107143284,0.13001215047081996,0.1266707166970372,0.12363304962996195,0.12089914926959429,0.11907654902934911,0.11603888196227388,0.11300121489519864,0.11148238136166103,0.10874848100129335,0.10571081393421809,0.10540704722751057,0.10236938016043533,0.10085054662689771,0.0993317130933601,0.09781287955982249,0.09629404602628487,0.09507897919945481,0.09477521249274726,0.09477521249274726,0.09325637895920963,0.09204131213237958,0.09173754542567202,0.0902187118921344,0.0902187118921344,0.08869987835859679,0.08869987835859679,0.08718104482505917,0.08718104482505917,0.08566221129152156,0.08566221129152156,0.08414337775798393,0.08262454422444632,0.08262454422444632,0.08262454422444632,0.0811057106909087,0.0811057106909087,0.0811057106909087,0.07958687715737109,0.07958687715737109,0.07806804362383347,0.07806804362383347,0.07685297679700341,0.07654921009029586,0.07654921009029586,0.07503037655675825,0.07503037655675825,0.07503037655675825,0.07351154302322062,0.07351154302322062,0.071992709489683,0.071992709489683,0.07047387595614539,0.07047387595614539,0.06895504242260778,0.06773997559577771,0.06743620888907016,0.06591737535553255,0.06439854182199492,0.06439854182199492,0.0628797082884573,0.06136087475491969,0.06136087475491969,0.05984204122138208,0.058323207687844464,0.05680437415430684,0.05528554062076923,0.053766707087231615,0.05273390028442604,0.051336573433571425,0.050273389960095095,0.04951397319332629,0.04769137295308115,0.046658566150275575,0.04574726603015301,0.04422843249661539,0.043438639059175825,0.04225394890301649,0.04131227211222316,0.04024908863874683,0.0391859051652705,0.03797083833844041,0.03693803153563483,0.03538882133142646,0.03438639119929165,0.03386998779788884,0.032958687677766274,0.03226002425233898,0.03189550420428994,0.03098420408416737,0.030042527293374057,0.029617253903983516,0.029161603843922232,0.02812879704111666,0.026761846860932803,0.025820170070139474,0.024908869950016906,0.024908869950016906,0.024058323171235838,0.02266099632038124,0.021324422810868146,0.019441069229281488,0.018712029133183438,0.017952612366414614,0.017314702282328825,0.017314702282328825,0.01622114213818177,0.015795868748791207,0.014641555263302634,0.014003645179216827,0.013396111765801782,0.013213851741777262,0.012758201681715976,0.01215066826830093,0.011725394878910405,0.010935601441470837,0.009781287955982262,0.009720534614640744,0.009720534614640744,0.009599027931957741,0.00853584445848141,0.008049817727749365,0.007776427691712602,0.007472660985005078
6192500,0.005425935966595312,0.005425935966595312,0.005425935966595312,0.005425935966595312,0.005425935966595312,0.005425935966595312,0.005425935966595312,0.005425935966595312,0.005425935966595312,0.005425935966595312,0.005425935966595312,0.005425935966595312,0.005425935966595312,0.005425935966595312,0.005425935966595312,0.005425935966595312,0.005425935966595312,0.005425935966595312,0.005425935966595312,0.005208898527931496,0.005425935966595312,0.005425935966595312,0.005046120448933647,0.003988062935447552,0.0025501899042997904,0.0023060227858030078,0.0018176885488094265,0.0008410200748222796,0.0008410200748222796,0.0004883342369935812,0.0,0.0,0.0011123168731520605,0.0020618556673062246,0.002170374386638125,0.0024416711849678907,0.002712967983297656,0.0030113944614604043,0.003526858378286953,0.003526858378286953,0.003526858378286953,0.003526858378286953,0.003526858378286953,0.0036082474177858855,0.003960933255614584,0.00423223005394435,0.0046120455716060155,0.0053174172472634125,0.005425935966595312,0.005425935966595312,0.005425935966595312,0.005425935966595312,0.00678241995824414,0.00678241995824414,0.008138903949892968,0.008138903949892968,0.009495387941541797,0.010851871933190625,0.010851871933190625,0.010851871933190625,0.010851871933190625,0.012208355924839452,0.012208355924839452,0.012208355924839452,0.012208355924839452,0.012208355924839452,0.012208355924839452,0.01356483991648828,0.01492132390813711,0.01492132390813711,0.017634291891434766,0.018990775883083594,0.020618556673062217,0.023060227858030077,0.024416711849678904,0.024688008648008703,0.025773195841327732,0.02712967983297656,0.02848616382462539,0.02848616382462539,0.02984264781627422,0.030113944614604014,0.031199131807923046,0.031199131807923046,0.03255561579957187,0.0339120997912207,0.0339120997912207,0.03526858378286953,0.03526858378286953,0.036625067774518356,0.036625067774518356,0.03798155176616719,0.03798155176616719,0.04069451974946484,0.04205100374111367,0.04205100374111367,0.0434074877327625,0.04612045571606015,0.04774823650603878,0.051546391682655464,0.052902875674304295,0.05697232764925078,0.05968529563254844,0.06266956041417589,0.06646771559079258,0.06918068357409023,0.07325013554903671,0.07867607151563202,0.08166033629725948,0.08545849147387617,0.09088442744047148,0.09631036340706679,0.10444926735695977,0.10987520332355508,0.11530113929015039,0.1207270752567457,0.12886597920663867,0.13429191517323397,0.14243081912312694,0.15084101987134968,0.16277807899785937,0.17118827974608217,0.18176885488094296,0.19126424282248475,0.21161150269721718,0.23087357537863054,0.24823657047173553,0.26722734635481915,0.28133477986796696,0.29842647816274215,0.311448724482571,0.3355941395339201,0.3567552898036418,0.37845903367002304,0.4072164942929783,0.4397721100925501,0.4685295707155052,0.495387953750152,0.5263157887597453,0.5534454685927218,0.5900705363672402,0.6307650561167051,0.6606077039329793,0.71758003158223,0.7555615833483972,0.7962561030978621,0.8260987509141363,0.8545849147387616,0.8844275625550359,0.9064026032197469,0.9253933791028305,0.9392295158176486,0.9579489949024024,0.9658166020539656,0.9820944099537515,0.9902333139036444,0.994302765878591,0.9945740626769207,0.9997287018451863,0.9999999986435161,0.9997287018451863,0.996473140265229,0.9932175786852719,0.9799240355671135,0.9706999444239014,0.9579489949024024,0.9511665749441582,0.9313619086660854,0.911014648791353,0.8941942472949075,0.8724905034285264,0.8510580563604747,0.8304394996874125,0.8166033629725945,0.7938144319128941,0.7772653272147785,0.7547476929534079,0.7368421042636434,0.7124253924139645,0.6882799773626154,0.6701030918745211,0.6402604440582469,0.6161150290068977,0.591427020358889,0.568366792500859,0.552088984601073,0.5344546927096383,0.5154639168265547,0.4994574057250985,0.4804666298420149,0.4655453059338778,0.4503526852274109,0.43814432930257147,0.42620727017606175,0.4126424302595735,0.39880629354475544,0.38714053121657555,0.37845903367002304,0.3638090065602158,0.3516006506353762,0.339120997912207,0.32854042277734613,0.32040151882745327,0.3119913180792305,0.30249593013768866,0.2932718389944766,0.28757460622955155,0.27807921828800974,0.2688551271447977,0.2618014103882238,0.2525773192450118,0.24823657047173553,0.24308193130347,0.23765599533687468,0.23087357537863054,0.22273467142873757,0.21839392265546131,0.21296798668886602,0.20618556673062186,0.20075963076402656,0.19533369479743123,0.18990775883083594,0.1844818228642406,0.17905588689764532,0.17498643492269883,0.1695604989561035,0.16549104698115702,0.16006511101456172,0.15735214303126405,0.15328269105631756,0.14921323908137107,0.14405859991310555,0.14107433513147813,0.13836136714818045,0.13456321197156373,0.13157894718993632,0.12886597920663867,0.12479652723169218,0.12208355924839452,0.11801410727344804,0.11665762328179921,0.11530113929015039,0.11258817130685272,0.11014650012188484,0.10716223534025741,0.10580575134860859,0.10444926735695977,0.10309278336531093,0.1017362993736621,0.10037981538201328,0.09902333139036444,0.09766684739871562,0.09631036340706679,0.09495387941541797,0.09495387941541797,0.09495387941541797,0.0922409114321203,0.0922409114321203,0.09088442744047148,0.09088442744047148,0.08952794344882266,0.08952794344882266,0.08952794344882266,0.08844275625550359,0.08817145945717382,0.08817145945717382,0.08817145945717382,0.08817145945717382,0.08817145945717382,0.08817145945717382,0.08817145945717382,0.08708627226385479,0.08708627226385479,0.086814975465525,0.08545849147387617,0.08545849147387617,0.08437330428055713,0.08437330428055713,0.08437330428055713,0.08410200748222733,0.08410200748222733,0.08410200748222733,0.08410200748222733,0.08410200748222733,0.08410200748222733,0.08410200748222733,0.08410200748222733,0.08301682028890828,0.08274552349057851,0.08274552349057851,0.08166033629725948,0.08138903949892969,0.08138903949892969,0.08003255550728086,0.08003255550728086,0.08003255550728086,0.07867607151563202,0.07867607151563202,0.07867607151563202,0.07867607151563202,0.0773195875239832,0.07596310353233438,0.07596310353233438,0.07460661954068554,0.07460661954068554,0.07325013554903671,0.07189365155738789,0.07053716756573906,0.06918068357409023,0.0678241995824414,0.06646771559079258,0.06511123159914374,0.06375474760749492,0.06104177962419726,0.05968529563254844,0.058328811640899605,0.05697232764925078,0.052902875674304295,0.051546391682655464,0.05018990769100664,0.047476939707708984,0.04612045571606015,0.04612045571606015,0.04476397172441133,0.0434074877327625,0.0434074877327625,0.04069451974946484,0.04069451974946484,0.03933803575781601,0.03798155176616719,0.03798155176616719,0.036625067774518356,0.03526858378286953,0.0339120997912207,0.0339120997912207,0.03255561579957187,0.03255561579957187,0.031199131807923046,0.02984264781627422,0.02848616382462539,0.02740097663130636,0.02712967983297656,0.025773195841327732,0.025773195841327732,0.024416711849678904,0.024416711849678904,0.023060227858030077,0.023060227858030077,0.02170374386638125,0.02034725987473242,0.018990775883083594,0.018990775883083594,0.018990775883083594,0.018990775883083594,0.017634291891434766,0.017634291891434766,0.015192620706466905,0.01492132390813711,0.01356483991648828,0.012208355924839452,0.012208355924839452,0.012208355924839452,0.012208355924839452,0.010851871933190625,0.009495387941541797,0.008138903949892968
6207500,0.04431247124571735,0.04431247124571735,0.04431247124571735,0.04431247124571735,0.04431247124571735,0.04431247124571735,0.04431247124571735,0.04431247124571735,0.04431247124571735,0.04431247124571735,0.04431247124571735,0.04431247124571735,0.04431247124571735,0.04431247124571735,0.04431247124571735,0.04431247124571735,0.04431247124571735,0.04431247124571735,0.04431247124571735,0.04431247124571735,0.04431247124571735,0.04431247124571735,0.04431247124571735,0.04431247124571735,0.04385564164524604,0.04339881204477472,0.04339881204477472,0.04294198244430341,0.04294198244430341,0.04294198244430341,0.04257651876392635,0.04339881204477472,0.04339881204477472,0.04339881204477472,0.04339881204477472,0.04339881204477472,0.04339881204477472,0.04339881204477472,0.04294198244430341,0.04294198244430341,0.04257651876392635,0.0424851528438321,0.04211968916345504,0.04211968916345504,0.0424851528438321,0.04211968916345504,0.0424851528438321,0.04202832324336078,0.0424851528438321,0.0424851528438321,0.0424851528438321,0.0424851528438321,0.04257651876392635,0.04257651876392635,0.04294198244430341,0.04294198244430341,0.04339881204477472,0.04339881204477472,0.04339881204477472,0.04339881204477472,0.04339881204477472,0.04349017796486898,0.04339881204477472,0.04339881204477472,0.04339881204477472,0.04339881204477472,0.04339881204477472,0.04339881204477472,0.04339881204477472,0.04339881204477472,0.04349017796486898,0.04349017796486898,0.04349017796486898,0.04385564164524604,0.04385564164524604,0.04385564164524604,0.04431247124571735,0.04431247124571735,0.04431247124571735,0.04431247124571735,0.04431247124571735,0.04431247124571735,0.04431247124571735,0.04431247124571735,0.04431247124571735,0.04431247124571735,0.04431247124571735,0.04431247124571735,0.04431247124571735,0.04431247124571735,0.04431247124571735,0.044769300846188666,0.045226130446659976,0.046139789647602604,0.046596619248073914,0.047144814768639486,0.04888076725043048,0.0497944264513731,0.05116491525278704,0.05207857445372967,0.052535404054200985,0.053449063255143606,0.05390589285561492,0.055367747577123115,0.05756052965938542,0.05893101846079936,0.062220191584192806,0.06359068038560675,0.06532663286739775,0.06669712166881168,0.06815897639031988,0.0708085880730535,0.07272727239503303,0.0754682499978609,0.08040200968295107,0.08323435320587323,0.08780264921058635,0.09419826361718474,0.09894929146208638,0.10452261258783642,0.11256281355613149,0.12197350332584055,0.12846048365253324,0.14143444430591848,0.1508451340756275,0.16171767856684482,0.1768844213024924,0.18967565011568913,0.1992690717255867,0.21224303237897202,0.22485152935198022,0.23490178056234912,0.2506167188185623,0.2654179978738328,0.2886249415777756,0.31082686016068134,0.33622658594688626,0.3557788928470585,0.3901324788025012,0.4280493356416202,0.4783005916934646,0.5157606189321123,0.5705801709886699,0.6162631310358011,0.6427592478631372,0.6747373198961292,0.7112836879338341,0.7478300559715392,0.7843764240092442,0.8209227920469493,0.86295111529031,0.884878936112933,0.904979438533671,0.9305618961600644,0.9396984881694906,0.9543170353845726,0.9680219233987122,0.9817268114128513,0.9853814482166219,0.9862951074175645,0.989949744221335,0.989949744221335,0.9908634034222776,0.9908634034222776,0.989949744221335,0.9945180402260482,0.9990863362307613,0.9999999954317039,0.9990863362307613,0.9908634034222776,0.9853814482166219,0.9671082641977694,0.9579716721883431,0.9360438513657201,0.9122887121412119,0.8803106401082199,0.8620374560893674,0.8437642720705149,0.8163544960422361,0.7843764240092442,0.7478300559715392,0.7021470959244079,0.6747373198961292,0.6381909518584241,0.6025582430216618,0.5705801709886699,0.5331201437500221,0.5102786637264565,0.4828688876981777,0.4600274076746121,0.4463225196604727,0.42348103963690703,0.39552306808806287,0.3760621271079848,0.35605299060734125,0.33686614738754617,0.3142987651242633,0.2939241649432427,0.2755596150042959,0.25682960138497213,0.23380538952121796,0.2197350378267015,0.2017359515681318,0.19104613891710306,0.177798080503435,0.16820465889353745,0.15815440768316852,0.14993147487468494,0.14024668734469306,0.13348560925771766,0.12206486924593485,0.11420740011782822,0.10644129690981591,0.09968021882284046,0.09410689769709045,0.08588396488860682,0.08095020520351666,0.07857469128106581,0.07409776119644697,0.06989492887211086,0.06450433958654937,0.061306532383250185,0.0564641386182543,0.05390589285561492,0.05034262197193867,0.046596619248073914,0.04349017796486898,0.039287345640532906,0.03700319763817635,0.03389675635497142,0.032434901633463215,0.030607583231577962,0.027957971548844357,0.026496116827336148,0.02512562802592221,0.02375513922450827,0.022384650423094333,0.020648697941303352,0.019186843219795142,0.017816354418381204,0.016902695217438576,0.015989036016495952,0.014618547215082012,0.013796253934233657,0.011968935532348405,0.010050251210368883,0.008679762408954945,0.006943809927163963,0.006030150726221338,0.004659661924807399,0.00319780720329919,0.00319780720329919,0.0027409776028278774,0.0022841480023565643,0.0018273184018852515,0.0013704888014139387,0.001005025121036896,0.0005481955205655833,0.0004568296004713129,0.0004568296004713129,0.0,0.0,0.0,9.136592009427036e-05,0.0004568296004713129,0.0004568296004713129,0.0004568296004713129,0.0009136592009426258,0.0013704888014139387,0.0013704888014139387,0.0022841480023565643,0.0027409776028278774,0.0027409776028278774,0.00319780720329919,0.00319780720329919,0.003654636803770503,0.004111466404241816,0.004568296004713129,0.005481955205655755,0.00639561440659838,0.006852444007069693,0.007766103208012319,0.007766103208012319,0.008222932808483631,0.009593421609897571,0.010507080810840196,0.011420740011782822,0.013248058413668074,0.015989036016495952,0.017816354418381204,0.019186843219795142,0.02055733202120908,0.021470991222151705,0.02192782082262302,0.022841480023565643,0.02448606658526238,0.026770214587618947,0.027866605628750086,0.030242119551200933,0.0322521697932747,0.034536317795631266,0.03627227027742225,0.03791685683911897,0.03992690708119276,0.04257651876392635,0.04431247124571735,0.04604842372750834,0.04796710804948785,0.04888076725043048,0.05025125605184442,0.05116491525278704,0.05162174485325836,0.052535404054200985,0.053449063255143606,0.05408862469580345,0.05500228389674607,0.05573321125750017,0.05728643189910264,0.05801735925985674,0.05801735925985674,0.058200091100045266,0.05893101846079936,0.05911375030098789,0.059387848061270676,0.060118775422024776,0.060301507262213304,0.060301507262213304,0.060301507262213304,0.060301507262213304,0.060301507262213304,0.060758336862684614,0.060758336862684614,0.060758336862684614,0.060301507262213304,0.059387848061270676,0.05801735925985674,0.05801735925985674,0.05801735925985674,0.05801735925985674,0.05801735925985674,0.05582457717759443,0.05573321125750017,0.05445408837618049,0.053540429175237866,0.053449063255143606,0.053449063255143606,0.053449063255143606,0.053449063255143606,0.053449063255143606,0.053449063255143606,0.053449063255143606,0.05308359957476655,0.05216994037382393,0.05162174485325836,0.05043398789203296,0.04888076725043048,0.04888076725043048,0.04888076725043048,0.04888076725043048,0.04888076725043048,0.04888076725043048,0.04888076725043048,0.04805847396958211,0.046139789647602604,0.044769300846188666,0.04431247124571735
6214500,0.0,0.0,0.0009389671354155187,0.0025039123611080498,0.003912363064231328,0.004851330199646847,0.005633802812493112,0.006259780902770125,0.006259780902770125,0.006259780902770125,0.006259780902770125,0.006259780902770125,0.006259780902770125,0.006259780902770125,0.006259780902770125,0.006259780902770125,0.006259780902770125,0.006259780902770125,0.006259780902770125,0.006259780902770125,0.006259780902770125,0.006259780902770125,0.006259780902770125,0.006259780902770125,0.005477308289923859,0.004851330199646847,0.004851330199646847,0.005633802812493112,0.005633802812493112,0.006259780902770125,0.005477308289923859,0.005477308289923859,0.006259780902770125,0.006259780902770125,0.006259780902770125,0.006259780902770125,0.006259780902770125,0.006259780902770125,0.006259780902770125,0.006259780902770125,0.006259780902770125,0.006259780902770125,0.006259780902770125,0.006259780902770125,0.006259780902770125,0.00704225351561639,0.007824726128462656,0.008607198741308922,0.010172143967001453,0.011111111102417007,0.013458528940955767,0.01408450703123278,0.014866979644079046,0.015805946779494564,0.017214397482617844,0.018779342708310373,0.020344287934002905,0.02112676054684917,0.021283255069418423,0.021909233159695438,0.021909233159695438,0.021909233159695438,0.0226917057725417,0.022848200295110956,0.023474178385387966,0.023474178385387966,0.023630672907957256,0.024256650998234233,0.024413145520803484,0.0250391236110805,0.025821596223926765,0.025821596223926765,0.02660406883677303,0.027386541449619294,0.027386541449619294,0.02816901406246556,0.028325508585034815,0.028951486675311826,0.029733959288158092,0.029733959288158092,0.029733959288158092,0.029733959288158092,0.030516431901004358,0.030516431901004358,0.031298904513850624,0.03208137712669689,0.03208137712669689,0.032863849739543156,0.03364632235238942,0.03458528948780494,0.035993740190928214,0.03677621280377448,0.03677621280377448,0.037558685416620746,0.038497652552036264,0.040062597777728796,0.04147104848085208,0.043818466319390875,0.0453834115450834,0.04694835677077593,0.048513301996468465,0.04929577460931473,0.05179968697042278,0.05555555551208485,0.05790297335062365,0.06118935832457797,0.06588419400165556,0.0704225351561639,0.07449139274296449,0.08294209696170415,0.08998435047732053,0.09796557112835245,0.10563380273424586,0.11189358363701597,0.11987480428804792,0.1262910797133873,0.1345852894095577,0.14006259769948154,0.14710485121509792,0.15571204995640686,0.16697965558139308,0.17543035980013275,0.1841940530640109,0.19514866964385863,0.21048513285564543,0.22472613440944747,0.2460093894788659,0.26056338007780644,0.2826291077600711,0.29890453810727347,0.3133020341836447,0.3287949919180008,0.3444444441749262,0.35539906075477384,0.3710485130116991,0.4045383408415193,0.4345852891748159,0.4564945223345115,0.479186228107053,0.5050078243309798,0.5309859150774758,0.5704225347649277,0.5964006255114236,0.6400625973082452,0.6807511731762512,0.7261345847213344,0.7652582153636477,0.8059467912316537,0.845070421873967,0.8904538334190503,0.9217527379329008,0.9374021901898262,0.9530516424467514,0.9687010947036768,0.9687010947036768,0.9843505469606021,0.9921752730890647,0.9999999992175274,0.9999999992175274,0.9999999992175274,0.9999999992175274,0.9999999992175274,0.9937402183147575,0.9859154921862948,0.9843505469606021,0.9702660399293694,0.9687010947036768,0.9687010947036768,0.9608763685752141,0.9467918615439815,0.9311424092870562,0.9139280118044382,0.8841940525162802,0.8591549289051996,0.827856024391349,0.8122065721344237,0.7902973389747285,0.7589984344608778,0.7261345847213344,0.6948356802074839,0.6651017209193257,0.6247261340964584,0.595305163853439,0.552112675624325,0.5112676052337499,0.477308293836222,0.4553990606765266,0.43051643158801534,0.4109546162668587,0.388888888584594,0.36776212803774483,0.3600938964318514,0.34788732367144976,0.33521126734334017,0.3201877931766919,0.3012519559458122,0.28826291057256426,0.27777777756042427,0.2676056335934228,0.2536776210847593,0.23881064144068026,0.2276995303382633,0.21064162737821468,0.19248826276018133,0.17918622834179482,0.1682316117619471,0.15571204995640686,0.14334898267343585,0.13615023463525022,0.12660406875852584,0.1205007823783249,0.1151799686109703,0.11032863841132344,0.10406885750855333,0.10093896705716826,0.09467918615439813,0.08998435047732053,0.08528951480024295,0.07902973389747282,0.07198748038185643,0.06744913922734809,0.06181533641485498,0.05633802812493112,0.05320813767354606,0.04788732390619145,0.044600938932237134,0.04162754300342133,0.039906103255159545,0.03834115802946701,0.035993740190928214,0.03442879496523569,0.032863849739543156,0.031298904513850624,0.030516431901004358,0.028951486675311826,0.02816901406246556,0.026760563359342283,0.025821596223926765,0.0250391236110805,0.024256650998234233,0.024256650998234233,0.023004694817680242,0.023004694817680242,0.024256650998234233,0.024256650998234233,0.024256650998234233,0.0250391236110805,0.0250391236110805,0.025821596223926765,0.025978090746496017,0.02660406883677303,0.027386541449619294,0.02816901406246556,0.029733959288158092,0.029890453810727382,0.031298904513850624,0.031298904513850624,0.03208137712669689,0.032863849739543156,0.03364632235238942,0.03521126757808195,0.035993740190928214,0.03834115802946701,0.039906103255159545,0.04225352109369834,0.04303599370654461,0.04616588415792967,0.04694835677077593,0.048513301996468465,0.05086071983500726,0.05258215958326905,0.05649452264750037,0.059467918576316184,0.06259780902770125,0.06525821591137858,0.06823161184019436,0.07136150229157942,0.07433489822039523,0.07511737083324149,0.07762128319434955,0.07840375580719582,0.08059467912316536,0.08215962434885789,0.08763693263878175,0.0907668230901668,0.09467918615439813,0.100156494444322,0.10406885750855333,0.10641627534709212,0.10719874795993839,0.10798122057278466,0.10876369318563092,0.10954616579847717,0.11032863841132344,0.11032863841132344,0.10876369318563092,0.10798122057278466,0.10798122057278466,0.10798122057278466,0.10798122057278466,0.10798122057278466,0.10641627534709212,0.10485133012139959,0.10406885750855333,0.10250391228286079,0.10093896705716826,0.09937402183147573,0.09937402183147573,0.0978090766057832,0.0954616587672444,0.09389671354155187,0.0907668230901668,0.08920187786447427,0.08763693263878175,0.08607198741308922,0.08450704218739669,0.08294209696170415,0.07902973389747282,0.07668231605893402,0.07511737083324149,0.07292644751727195,0.06979655706588693,0.06744913922734809,0.06494522686624005,0.06259780902770125,0.061032863802008716,0.06025039118916245,0.05868544596346992,0.05790297335062365,0.05790297335062365,0.05555555551208485,0.05399061028639233,0.05320813767354606,0.05258215958326905,0.05086071983500726,0.04788732390619145,0.04616588415792967,0.0453834115450834,0.04397496084196013,0.04068857586800581,0.037558685416620746,0.037558685416620746,0.035993740190928214,0.033802816874958674,0.03223787164926614,0.031298904513850624,0.029733959288158092,0.029733959288158092,0.02754303597218855,0.025821596223926765,0.024256650998234233,0.021909233159695438,0.021283255069418423,0.018779342708310373,0.017996870095464107,0.016431924869771578,0.01408450703123278,0.01408450703123278,0.012676056328109503,0.00954616587672444,0.0071987480381856435,0.006259780902770125,0.006259780902770125,0.006259780902770125,0.006259780902770125,0.006259780902770125
6224000,0.00770416012782496,0.00770416012782496,0.00770416012782496,0.00770416012782496,0.00770416012782496,0.00770416012782496,0.00770416012782496,0.00770416012782496,0.00770416012782496,0.00770416012782496,0.00770416012782496,0.00770416012782496,0.007241910520155461,0.007087827317598965,0.006502311147884264,0.006163328102259968,0.006163328102259968,0.006163328102259968,0.006163328102259968,0.005238828886920971,0.004622496076694976,0.004622496076694976,0.004622496076694976,0.004622496076694976,0.004622496076694976,0.004622496076694976,0.004622496076694976,0.004067796547491585,0.003728813501867283,0.003081664051129984,0.003081664051129984,0.003081664051129984,0.003081664051129984,0.0026194144434604854,0.0024653312409039893,0.0018489984306779893,0.001540832025564992,0.001540832025564992,0.001540832025564992,0.001540832025564992,0.001540832025564992,0.001540832025564992,0.001540832025564992,0.0009553158558503021,0.0004622496076694987,0.00018489984306780603,0.0,0.0,0.0,0.0,0.0,0.0,0.0,0.0,0.0,0.0001540832025565014,0.00018489984306780603,0.0004622496076694987,0.0004622496076694987,0.0006163328102259946,0.0006163328102259946,0.000770416012782496,0.0008012326532938006,0.0009244992153389974,0.0010785824178954932,0.001109399058406798,0.0012326656204519947,0.0013867488230084905,0.001540832025564992,0.001540832025564992,0.001540832025564992,0.001540832025564992,0.001540832025564992,0.001540832025564992,0.0016949152281214934,0.0020030816332344908,0.0021879814763022913,0.0024653312409039893,0.00265023108397179,0.003081664051129984,0.003081664051129984,0.003081664051129984,0.003235747253686485,0.0035439136587994825,0.004160246469025478,0.004622496076694976,0.004622496076694976,0.00465331271720628,0.005423728729988777,0.006163328102259968,0.006163328102259968,0.006348227945327768,0.007550076925268458,0.00770416012782496,0.00770416012782496,0.00909090895083345,0.009244992153389952,0.010785824178954944,0.011587056832248744,0.012388289485542539,0.013867488230084928,0.01540832025564992,0.01694915228121491,0.017318951967350508,0.018489984306779905,0.020030816332344895,0.021571648357909888,0.023112480383474878,0.02465331240903987,0.027734976460169855,0.03007704113902866,0.03300462198760213,0.03697996861355981,0.040739598755938404,0.04443759561729437,0.04930662481807974,0.05553158620136232,0.062465330316404784,0.07010785716320714,0.07704160127824959,0.0802465318914248,0.08474576140607455,0.09090908950833453,0.0970724176105945,0.10631740976398445,0.11605546816555519,0.12499229391383215,0.1355932182497193,0.14483821040310924,0.1556240345820642,0.16640985876101913,0.18027734699110406,0.19260400319562399,0.20338982737457895,0.2160246499842119,0.23266563586031377,0.25454545062333667,0.28197226067839354,0.3149460660254844,0.3519260346390442,0.383667174365683,0.40708782115427095,0.44838211943941264,0.4764252623046955,0.5038520723597524,0.5285053847687923,0.5580893596596402,0.587057001740262,0.6209553063026918,0.6412942890401498,0.6770415920332576,0.7057010677087663,0.7263482168513373,0.7432973691325521,0.759938355008654,0.779969171340999,0.8089368134216208,0.8200308040056888,0.8416024523635987,0.8508474445169887,0.8634822671266217,0.8739599249004635,0.8986132373095034,0.9115562263242495,0.9355932059230632,0.961787350357668,0.972573174536623,0.9845916643360298,0.9901386596280639,0.9999999845916798,0.9999999845916798,0.9879814947922729,0.9815100002848999,0.972573174536623,0.96918334408038,0.9630200159781199,0.9614791839525549,0.9479198621275832,0.9371340379486282,0.9223420505032042,0.9078582294628933,0.8983050709043903,0.8875192467254354,0.8758089233311416,0.8677965967982035,0.8539291085681187,0.8428351179840506,0.8249614664874968,0.8089368134216208,0.794144825976197,0.779969171340999,0.764252684680236,0.749460697234812,0.7383667066507443,0.7183358903183994,0.7041602356832013,0.6875192498070996,0.6604006061571556,0.6456086187117316,0.6351309609378899,0.6215716391129179,0.6070878180726068,0.5842835040942451,0.5657935197874652,0.5439137050244421,0.5303543831994703,0.5177195605898373,0.5069337364108824,0.4976887442574924,0.48875191850921545,0.4776579279251475,0.46872110217687063,0.46379043969506256,0.45608627956723763,0.45146378349054267,0.44530045538828267,0.43605546323489275,0.42403697343548585,0.4101694852054009,0.39784282900088097,0.39137133449350797,0.380585510314553,0.37134051816116304,0.3608628603873211,0.35007703620836617,0.3389830456242982,0.33590138157316823,0.3281972214453433,0.31741139726638834,0.30816640511299837,0.30046224498517343,0.2927580848573485,0.2835130927039585,0.27889059662726357,0.27272726852500356,0.2665639404227436,0.2604006123204836,0.2526964521926587,0.2496147881415287,0.24036979598813873,0.2342064678858788,0.22650230775805383,0.22033897965579385,0.2126348195279689,0.20523882580525696,0.20184899534901396,0.19568566724675399,0.191063171170059,0.18644067509336404,0.18335901104223404,0.1775038493450871,0.1725731868632791,0.16795069078658412,0.16332819470988916,0.15870569863319417,0.1556240345820642,0.1510015385053692,0.14822804085935226,0.14329737837754425,0.13898304870596231,0.1340523862241543,0.13097072217302433,0.12788905812189433,0.12326656204519935,0.12006163143202418,0.11852079940645918,0.1155624019173744,0.11402156989180941,0.11254237114726702,0.11093990584067942,0.10850539124028674,0.10631740976398445,0.10453004461432906,0.10323574571285446,0.10018489830223577,0.09793528354491089,0.0955315855850295,0.09399075355946451,0.0918644053641848,0.08936825748276954,0.08640985999368477,0.08517719437323276,0.08351309578562259,0.08169491399545586,0.08012326532937958,0.07858243330381459,0.07704160127824959,0.0755007692526846,0.07189522231286252,0.06933744115042464,0.06779660912485964,0.06505392811935395,0.06163328102259968,0.060092448997034684,0.0585516169714697,0.05614791901158831,0.05546995292033971,0.05392912089477472,0.05238828886920973,0.051802772699495035,0.05084745684364474,0.04930662481807974,0.04776579279251475,0.04631741068848366,0.04579352779979156,0.04468412874138477,0.04302003015377458,0.04160246469025478,0.04160246469025478,0.040523882272359285,0.04006163266468979,0.03898305024679429,0.038520800639124796,0.037103235175605015,0.03697996861355981,0.035439136587994816,0.035439136587994816,0.03389830456242982,0.03389830456242982,0.03235747253686483,0.031587056524082335,0.03081664051129984,0.030693373949254643,0.02927580848573485,0.02927580848573485,0.027796609741192465,0.027734976460169855,0.027303543493011666,0.026194144434604865,0.026194144434604865,0.02465331240903987,0.02465331240903987,0.023328196867053983,0.023112480383474878,0.02172573156046639,0.021571648357909888,0.021571648357909888,0.020030816332344895,0.018489984306779905,0.018489984306779905,0.017565485091440906,0.01694915228121491,0.01694915228121491,0.01694915228121491,0.01620955290894372,0.01540832025564992,0.01540832025564992,0.01540832025564992,0.014175654635197925,0.013867488230084928,0.013867488230084928,0.013867488230084928,0.013281972060370233,0.012634822609632933,0.012326656204519936,0.012326656204519936,0.012326656204519936,0.012326656204519936,0.010970724022022744,0.010785824178954944,0.010785824178954944,0.010785824178954944,0.010662557616909747,0.00973805840157075,0.00970724176105945,0.009244992153389952
6228000,0.6116852675881097,0.5967500867211278,0.5848019420275425,0.5848019420275425,0.5967500867211278,0.5967500867211278,0.5967500867211278,0.5848019420275425,0.581814905854146,0.581814905854146,0.581814905854146,0.581814905854146,0.581814905854146,0.581814905854146,0.581814905854146,0.581814905854146,0.581814905854146,0.581814905854146,0.581814905854146,0.581814905854146,0.581814905854146,0.581814905854146,0.581814905854146,0.5519445441201821,0.5519445441201821,0.5519445441201821,0.5519445441201821,0.5519445441201821,0.5519445441201821,0.5519445441201821,0.5519445441201821,0.5519445441201821,0.5519445441201821,0.5519445441201821,0.5519445441201821,0.5519445441201821,0.5519445441201821,0.5519445441201821,0.5519445441201821,0.5668797249871641,0.581814905854146,0.581814905854146,0.581814905854146,0.581814905854146,0.581814905854146,0.581814905854146,0.581814905854146,0.581814905854146,0.6045163807719586,0.6116852675881097,0.6116852675881097,0.6116852675881097,0.6116852675881097,0.6116852675881097,0.6415556293220734,0.6415556293220734,0.6415556293220734,0.6415556293220734,0.6714259910560372,0.6714259910560372,0.6714259910560372,0.6935300587391705,0.7012963527900009,0.7012963527900009,0.7012963527900009,0.7012963527900009,0.7108548685448695,0.7162315336569828,0.7162315336569828,0.7198159770650586,0.7281796783505683,0.7287770855852477,0.7311667145239646,0.7287770855852477,0.7281796783505683,0.7222056060037756,0.7162315336569828,0.7012963527900009,0.7012963527900009,0.6839715429843021,0.6666467331786031,0.6272178556897708,0.581814905854146,0.4957882640603303,0.4396319840004786,0.39064459075677793,0.35539756391070076,0.31656609365654786,0.2896827680959805,0.2568253701886204,0.23233167356677006,0.21500686376107112,0.19947427565940992,0.18453909479242805,0.17557798627223892,0.1666168777520498,0.15478821450540017,0.14576736526174308,0.13375947984468967,0.12324511251433445,0.11320867097172263,0.1066371913902506,0.10090208193732955,0.09791504576393317,0.09349423222730657,0.08895393724374405,0.0829798648969513,0.07700579255015855,0.07401875637676218,0.06804468402996942,0.06248879674745221,0.05645498367719146,0.05310950316298755,0.04743413443353446,0.04444709826013807,0.04044446978778694,0.037457433614390565,0.0358444340807565,0.03351454586550737,0.03255869429002051,0.031722324161469515,0.03160284271453364,0.030826213309450613,0.02939243594622034,0.02939243594622034,0.028317102923797646,0.02664436266669567,0.02664436266669567,0.027719695689118362,0.027839177136054237,0.027241769901374953,0.0284365843707335,0.02921321377581655,0.0323197313961488,0.03697950782664715,0.03895095170108877,0.041161358469402054,0.04552243128256078,0.05478224342008953,0.056932909464934914,0.06207061168317667,0.07031483152175069,0.07736423689096608,0.08895393724374405,0.09791504576393317,0.11583726280431142,0.13136985090597258,0.13806081193438044,0.14570762453827518,0.1516816968850679,0.16840909945608773,0.18334428032306962,0.21142242035299544,0.22934463739337368,0.24726685443375193,0.25981240636201675,0.26817610764752653,0.28012425234111205,0.2837086957491878,0.2837086957491878,0.2837086957491878,0.28012425234111205,0.28072165957579137,0.2950594332080939,0.301630912789566,0.3099946140750758,0.31596868642186854,0.3404623830437189,0.35241052773730436,0.3649560796655692,0.37989126053255107,0.3936316269301743,0.3960212558688916,0.3667483013696072,0.28012425234111205,0.23591611697484574,0.20066909012876857,0.17617539350691824,0.16362984157865368,0.14403488428117334,0.1338192205681576,0.12169185370416839,0.11786844740222098,0.11285022663091505,0.10568133981476377,0.10090208193732955,0.08943186303148759,0.07204731250232058,0.06547583292084855,0.05328872533339134,0.04844972673248922,0.04713543081619482,0.041161358469402054,0.03554573046341688,0.03196128705534122,0.02921321377581655,0.028974250881944847,0.026226177602420176,0.02240277130047281,0.020252105255627425,0.0184001428281217,0.016129995336340443,0.014278032908834675,0.010574108053823186,0.010574108053823186,0.010574108053823186,0.008303960562041926,0.008303960562041926,0.008303960562041926,0.008303960562041926,0.011052033841566595,0.011350737458906237,0.01439751435577055,0.016070254612872505,0.016129995336340443,0.017026106188359345,0.017026106188359345,0.017026106188359345,0.017026106188359345,0.01696636546489141,0.017026106188359345,0.017026106188359345,0.017026106188359345,0.016070254612872505,0.01439751435577055,0.01403907001496297,0.012366329757861016,0.00872214562631742,0.008303960562041926,0.007527331156958875,0.005316924388645551,0.004838998600902141,0.0024493696621850497,0.0009558515754868621,0.0002389628938717049,0.0,0.0002389628938717049,0.0009558515754868621,0.0023298882152491757,0.0024493696621850497,0.002987036173396375,0.005316924388645551,0.008303960562041926,0.008483182732445716,0.010753330224226955,0.01308321843947613,0.014278032908834675,0.01726506908223105,0.0232391414290238,0.026704103390163585,0.02921321377581655,0.032200249949212924,0.0351872861226093,0.037935359402133974,0.04265487655610026,0.04815102311514958,0.051317281458949725,0.0571121316353387,0.06457972206882964,0.07377979348289052,0.07999282872355493,0.08638508613462317,0.09492800959053681,0.10090208193732955,0.11189437505542824,0.11906326187157955,0.12778540749789694,0.13352051695081796,0.13680625674155397,0.1427205883648788,0.14821673492392815,0.1513829932677283,0.1546687330584643,0.1586116208073475,0.16064280540525705,0.16362984157865343,0.16362984157865343,0.16362984157865343,0.16362984157865343,0.1666168777520498,0.1696039139254462,0.17259095009884254,0.17557798627223892,0.18155205861903168,0.18752613096582443,0.19648723948601354,0.20843538417959906,0.2144094565263918,0.21739649269978817,0.22038352887318455,0.22396797228126025,0.23352648803612872,0.24726685443375193,0.25981240636201675,0.26817610764752653,0.2950594332080939,0.3559949711453801,0.41035902950119413,0.47786604701995206,0.4987753002337267,0.5471652862427481,0.6684389548826408,0.8518429759291785,0.9235318440906914,0.9438436900697866,0.9677399794569577,0.9701296083956746,0.9790907169158637,0.9999999701296384,0.9999999701296384,0.9999999701296384,0.9976103411909217,0.9790907169158637,0.9701296083956746,0.9701296083956746,0.9701296083956746,0.9551944275286928,0.9402592466617108,0.9312981381415217,0.910388884927747,0.910388884927747,0.899038147468841,0.8805185231937833,0.8697651929695567,0.8506481614598196,0.8506481614598196,0.8506481614598196,0.8207777997258558,0.8207777997258558,0.8207777997258558,0.8136089129097046,0.7909074379918921,0.7909074379918921,0.7909074379918921,0.7610370762579284,0.7610370762579284,0.7610370762579284,0.7610370762579284,0.7311667145239646,0.7287770855852477,0.7012963527900009,0.7012963527900009,0.7012963527900009,0.6714259910560372,0.6714259910560372,0.6714259910560372,0.6714259910560372,0.6714259910560372,0.6714259910560372,0.6714259910560372,0.6415556293220734,0.6415556293220734,0.6415556293220734,0.6415556293220734,0.6415556293220734,0.6415556293220734,0.6415556293220734,0.6266204484550916,0.6116852675881097,0.6116852675881097,0.6116852675881097,0.6116852675881097,0.6116852675881097,0.6116852675881097,0.6116852675881097,0.6116852675881097
6235500,0.11389961206725212,0.11647361459984533,0.11647361459984533,0.11647361459984533,0.11647361459984533,0.11647361459984533,0.11647361459984533,0.11647361459984533,0.11647361459984533,0.11647361459984533,0.11389961206725212,0.11389961206725212,0.11389961206725212,0.11647361459984533,0.11486486301697454,0.11325611143410375,0.11325611143410375,0.11325611143410375,0.11325611143410375,0.10842985668549138,0.10553410383632397,0.1052123535197498,0.1052123535197498,0.1052123535197498,0.1052123535197498,0.1052123535197498,0.1052123535197498,0.1052123535197498,0.1052123535197498,0.1052123535197498,0.10939510763521393,0.11325611143410375,0.11325611143410375,0.11325611143410375,0.11325611143410375,0.11486486301697454,0.11679536491641952,0.11840411649929031,0.12129986934845771,0.12129986934845771,0.12129986934845771,0.12129986934845771,0.12129986934845771,0.12129986934845771,0.12129986934845771,0.12129986934845771,0.12129986934845771,0.12934362726281168,0.13738738517716562,0.13738738517716562,0.13738738517716562,0.13738738517716562,0.14414414182522298,0.15347490100587355,0.15347490100587355,0.15347490100587355,0.1576576551213377,0.16956241683458145,0.16956241683458145,0.16956241683458145,0.18564993266328939,0.18564993266328939,0.18564993266328939,0.18564993266328939,0.18597168297986352,0.19369369057764335,0.2017374484919973,0.2017374484919973,0.2017374484919973,0.2017374484919973,0.2017374484919973,0.2017374484919973,0.2049549516577389,0.20817245482348046,0.20978120640635126,0.20978120640635126,0.21138995798922205,0.21299870957209285,0.21621621273783442,0.21621621273783442,0.21621621273783442,0.21621621273783442,0.21460746115496362,0.21460746115496362,0.21460746115496362,0.213320459888667,0.21460746115496362,0.21299870957209285,0.21299870957209285,0.21299870957209285,0.21299870957209285,0.21299870957209285,0.213320459888667,0.21460746115496362,0.21460746115496362,0.21460746115496362,0.21492921147153776,0.21621621273783442,0.21621621273783442,0.21621621273783442,0.21621621273783442,0.21653796305440856,0.21782496432070522,0.2210424674864468,0.2242599706521884,0.22747747381792996,0.2294079757173749,0.23230372856654236,0.2326254788831165,0.23584298204885806,0.24066923679747043,0.2451737412295087,0.25160874756099183,0.2548262507267334,0.2596525054753458,0.26480051054053233,0.27091376655544136,0.27413126972118296,0.2789575244697953,0.28088802636924026,0.28603603143442685,0.29021878554989083,0.2953667906150775,0.29987129504711557,0.30308879821285717,0.3082368032780438,0.3194980643581393,0.33236807702110566,0.3468468412669428,0.35489059918129673,0.3729086169094496,0.3867438805221384,0.3980051416022339,0.4108751542652002,0.4253539185110373,0.443050185922616,0.47039896283141946,0.5074002492374476,0.5302445217142132,0.564671805587648,0.601029591360528,0.6409266306157234,0.6731016622731393,0.713320451844909,0.761904749647607,0.8278635645453095,0.8564993427204095,0.8912483769104187,0.9227799079346862,0.9420849269291359,0.962998697506456,0.9761904604859963,0.9999999839124842,0.9906692247318337,0.9697554541545134,0.9642856987727526,0.9601029446572886,0.9533461880092312,0.9337194186982075,0.9256756607838535,0.9192406544523704,0.9128056481208873,0.9066923921059783,0.8873873731115288,0.8758043617148592,0.8632560993684669,0.8487773351226298,0.8314028180276253,0.8111325480834533,0.7889317762398365,0.7744530119939992,0.7438867319194541,0.7039896926642585,0.6634491527759145,0.6412483809322976,0.6225868625709964,0.5881595786975617,0.5563062973567198,0.5427927840606052,0.5209137625335623,0.5009652429059646,0.4720077144142903,0.4343629273751138,0.3986486422353824,0.36357785772879897,0.3484555928498136,0.33043757512166066,0.3162805611923977,0.29729729251452236,0.2699485156057189,0.2487129947118244,0.2310167273002457,0.21653796305440856,0.19530244216051412,0.17760617474893542,0.15990990733735672,0.142213639925778,0.13127412916225664,0.11969111776558691,0.11486486301697454,0.09427284275622844,0.08429858294242949,0.07947232819381712,0.07625482502807554,0.07142857027946316,0.06821106711372157,0.057271556350200224,0.05083655001871706,0.044723294003808076,0.03925353862204733,0.037387386785917215,0.03577863520304642,0.03285070732222157,0.03281853229056416,0.032046331530786176,0.03001930453636899,0.02506434966112698,0.023423423046598755,0.022779922413450428,0.02110682076726482,0.02010939478588492,0.019948519627597826,0.01621621595533765,0.014961389720698381,0.012226512029818054,0.010617760446947263,0.010617760446947263,0.010617760446947263,0.010328185162030486,0.008687258547502285,0.008687258547502285,0.007303732186233427,0.006048905951594208,0.0048262547486123755,0.003893178830547319,0.0031531531024267647,0.0022522522160191177,0.001962676931102387,0.0006756756648057352,0.0003217503165741629,0.0,0.0003217503165741629,0.0006756756648057352,0.0019305018994449548,0.00212355208938948,0.00260617756425069,0.0030566280074545136,0.003088803039111923,0.0036036035456305884,0.004697554621982715,0.0048262547486123755,0.007078506964631493,0.007786357661094661,0.008687258547502285,0.00949163433893768,0.011583011396669705,0.013256113042855339,0.015186614942300294,0.01595881570207828,0.018339768044727034,0.022715572350135587,0.02818532773189629,0.03474903419000914,0.04086229020491812,0.04440154368723389,0.05566280476732943,0.06981981869659237,0.07303732186233396,0.07818532692752052,0.08429858294242949,0.08912483769104187,0.09395109243965424,0.09749034592197002,0.10038609877113741,0.1052123535197498,0.10714285541919477,0.10842985668549138,0.11164735985123296,0.11486486301697454,0.11808236618271613,0.12483912283077347,0.13256113042855325,0.13899613676003642,0.14543114309151958,0.15669240417161512,0.16634491366883988,0.1714929187340264,0.18082367791467702,0.1891891861456051,0.19562419247708826,0.20205919880857143,0.20366795039144223,0.2065637032406097,0.2101029567229254,0.21492921147153776,0.21782496432070522,0.21943371590357602,0.2210424674864468,0.2242599706521884,0.2242599706521884,0.2242599706521884,0.2258687222350592,0.2258687222350592,0.2258687222350592,0.22747747381792996,0.22619047255163333,0.22619047255163333,0.22619047255163333,0.2258687222350592,0.2258687222350592,0.2258687222350592,0.22458172096876253,0.2258687222350592,0.22168596811959518,0.21782496432070522,0.21782496432070522,0.21782496432070522,0.2117117083057962,0.20817245482348046,0.20238094912514568,0.2017374484919973,0.2017374484919973,0.20012869690912652,0.1891891861456051,0.18564993266328939,0.18564993266328939,0.17953667664838036,0.17760617474893542,0.17631917348263876,0.17277992000032305,0.16956241683458145,0.16956241683458145,0.16956241683458145,0.16956241683458145,0.16956241683458145,0.16956241683458145,0.16666666398541408,0.16151865892022751,0.15508365258874435,0.15347490100587355,0.15347490100587355,0.15347490100587355,0.15347490100587355,0.15347490100587355,0.14864864625726118,0.14543114309151958,0.14543114309151958,0.14382239150864878,0.1377091354937398,0.13738738517716562,0.13738738517716562,0.13738738517716562,0.13738738517716562,0.13738738517716562,0.13738738517716562,0.13738738517716562,0.13738738517716562,0.13738738517716562,0.13738738517716562,0.13449163232799824,0.13127412916225664,0.12934362726281168,0.12612612409707008,0.12323037124790269,0.1229086209313285,0.12129986934845771
6279500,0.15559157086230493,0.15559157086230493,0.15559157086230493,0.15705024183913918,0.1630470002994571,0.1653160440411991,0.1717990261604617,0.1717990261604617,0.1717990261604617,0.1717990261604617,0.1717990261604617,0.1717990261604617,0.1717990261604617,0.1717990261604617,0.1717990261604617,0.1717990261604617,0.1717990261604617,0.1717990261604617,0.1717990261604617,0.1717990261604617,0.1717990261604617,0.1717990261604617,0.17763371006779818,0.17990275380954007,0.18071312657444794,0.18071312657444794,0.18071312657444794,0.17990275380954007,0.17990275380954007,0.1800648283625217,0.1841166921870609,0.1841166921870609,0.1841166921870609,0.1841166921870609,0.18136142478637415,0.1800648283625217,0.1800648283625217,0.18087520112742952,0.18200972299830048,0.18508913950495023,0.1865478104817844,0.18735818324669223,0.18800648145861848,0.19059967430632357,0.19157212162421294,0.19611020910769686,0.19627228366067845,0.2017828184620517,0.20421393675677524,0.20437601130975683,0.2058346822865909,0.20664505505149874,0.2124797389588352,0.21961101929002416,0.220421392054932,0.22593192685630545,0.23889789109483087,0.2528363026512455,0.2528363026512455,0.2609400303003239,0.2625607758301396,0.27066450347921817,0.2771474855984807,0.2771474855984807,0.2771474855984807,0.2787682311282965,0.28525121324755903,0.28525121324755903,0.2787682311282965,0.2787682311282965,0.28525121324755903,0.28525121324755903,0.28525121324755903,0.28525121324755903,0.28525121324755903,0.28525121324755903,0.2771474855984807,0.2771474855984807,0.2771474855984807,0.2771474855984807,0.2690437579494023,0.2625607758301396,0.2609400303003239,0.2544570481810614,0.2528363026512455,0.24505672410813026,0.23841166743588604,0.23257698352854958,0.22771474693910254,0.22123176481983983,0.21507293180654025,0.2098865461111301,0.2076175023693882,0.20421393675677524,0.20421393675677524,0.201296594803107,0.19773095463751253,0.19611020910769686,0.1930307926010471,0.19059967430632357,0.19043759975334199,0.18768233235265536,0.18379254308109766,0.17860615738568753,0.1782820082797244,0.1763371136439456,0.1758508899850009,0.1758508899850009,0.17520259177307465,0.17423014445518523,0.1717990261604617,0.17115072794853547,0.1717990261604617,0.17439221900816682,0.17876823193866914,0.18379254308109766,0.18735818324669223,0.18978930154141574,0.19611020910769686,0.19870340195540198,0.20437601130975683,0.20826580058131441,0.21572123001846658,0.22528362864437904,0.24327390402533308,0.2609400303003239,0.2690437579494023,0.2787682311282965,0.29335494089663744,0.3095623961947942,0.3176661238438726,0.3273905970227666,0.3419773067911077,0.3662884897383429,0.37439221738742123,0.3987034003346564,0.42301458328189157,0.4635332215272835,0.495948132123597,0.5623986988460398,0.6175040468597728,0.6580226851051646,0.7001620688803724,0.7228525062977917,0.7633711445431836,0.7957860551394972,0.8119935104376539,0.8541328942128616,0.8930307869284377,0.9254456975247513,0.9416531528229081,0.9578606081210648,0.9756888089490372,0.9999999918962724,0.9740680634192216,0.9659643357701432,0.9497568804719864,0.9416531528229081,0.9254456975247513,0.9092382422265944,0.9027552601073318,0.8849270592793593,0.8606158763321242,0.8119935104376539,0.7730956177220778,0.716369524178529,0.7066450509996349,0.6823338680523998,0.6515397029859019,0.6256077745088511,0.5850891362634592,0.5526742256671456,0.5218800606006478,0.495948132123597,0.4651539670570993,0.4311183109309699,0.39059967268557805,0.38249594503649964,0.3435980523209236,0.3176661238438726,0.29335494089663744,0.2690437579494023,0.2479740660617985,0.22625607596226846,0.21717990099530066,0.20259319122695957,0.1865478104817844,0.18071312657444794,0.16628849135908844,0.15413289988547088,0.14376012849465047,0.13306320799786708,0.1273905986435122,0.11766612546461815,0.11507293261691302,0.11102106879237383,0.10648298130889002,0.09805510455384843,0.09092382422265949,0.0868719603981203,0.08427876755041518,0.08103727649078382,0.07698541266624463,0.07568881624239207,0.06839546135822162,0.06645056672244273,0.05850891362634596,0.053160453377954206,0.0487844404474519,0.044894651175894314,0.0403565636924104,0.03679092352681584,0.03338735791420297,0.028687195877737548,0.02269043741741947,0.021880064652511633,0.013938411556414855,0.009886547731875663,0.007455429437152148,0.005024311142428634,0.004213938377520795,0.003403565612612957,0.0024311182947235146,0.001134521870870955,0.0,0.0,0.0008103727649078382,0.0,0.0001620745529816045,0.0016207455298156764,0.003241491059631353,0.004213938377520795,0.004862236589447029,0.005834683907336472,0.008103727649078383,0.009076174966967825,0.012317666026599177,0.02139384099356691,0.025121555712142984,0.029173419536682177,0.03014586685457162,0.03241491059631353,0.034197730679110715,0.03905996726855784,0.04213938377520759,0.0445705020699311,0.05202593150708325,0.058346839073364354,0.06353322476877458,0.06888168501716625,0.07471636892450272,0.08427876755041518,0.08849270592793597,0.09238249519949356,0.09902755187173777,0.1016207447194429,0.10956239781553977,0.1207455419712679,0.13192868612699601,0.14764991776620817,0.1588330619219363,0.16693678957101468,0.17423014445518523,0.18184764844531887,0.19043759975334199,0.19805510374347565,0.20680712960448036,0.21329011172374307,0.22123176481983983,0.23095623799873388,0.23922204020079388,0.24084278573060955,0.24846028972074322,0.2528363026512455,0.2544570481810614,0.2609400303003239,0.2609400303003239,0.2625607758301396,0.2690437579494023,0.2771474855984807,0.2771474855984807,0.28525121324755903,0.28525121324755903,0.28525121324755903,0.29335494089663744,0.29335494089663744,0.30145866854571585,0.3111831417246101,0.32576985149295096,0.32576985149295096,0.32576985149295096,0.33387357914202936,0.33387357914202936,0.3354943246718452,0.3419773067911077,0.3419773067911077,0.33387357914202936,0.33387357914202936,0.3273905970227666,0.32576985149295096,0.32576985149295096,0.32576985149295096,0.32576985149295096,0.32576985149295096,0.3176661238438726,0.3095623961947942,0.3095623961947942,0.3030794140755317,0.30145866854571585,0.30145866854571585,0.29335494089663744,0.29335494089663744,0.29335494089663744,0.28525121324755903,0.2771474855984807,0.2771474855984807,0.2771474855984807,0.2771474855984807,0.2771474855984807,0.2771474855984807,0.27066450347921817,0.2690437579494023,0.2690437579494023,0.2609400303003239,0.2528363026512455,0.24246353126042552,0.23662884735308876,0.22949756702189983,0.22787682149208416,0.220421392054932,0.220421392054932,0.220421392054932,0.220421392054932,0.220421392054932,0.21977309384300575,0.2162074536774112,0.21231766440585362,0.20421393675677524,0.20421393675677524,0.20421393675677524,0.20421393675677524,0.20421393675677524,0.20421393675677524,0.20421393675677524,0.20421393675677524,0.20421393675677524,0.20421393675677524,0.19611020910769686,0.19611020910769686,0.19611020910769686,0.19611020910769686,0.1954619108957706,0.18800648145861848,0.18800648145861848,0.18800648145861848,0.18800648145861848,0.18800648145861848,0.18800648145861848,0.18800648145861848,0.18800648145861848,0.18735818324669223,0.18525121405793182,0.18525121405793182,0.18525121405793182,0.18152349933935577,0.1800648283625217
6280300,0.006863227140073674,0.006007996343802813,0.005815569414641861,0.005815569414641861,0.005794188644735094,0.005794188644735094,0.005794188644735094,0.005794188644735094,0.005794188644735094,0.005794188644735094,0.005794188644735094,0.005794188644735094,0.005794188644735094,0.005794188644735094,0.005794188644735094,0.005794188644735094,0.005794188644735094,0.005794188644735094,0.004853434768837132,0.004725150149396513,0.004725150149396513,0.004725150149396513,0.004404438600794942,0.0036561116540579325,0.0036561116540579325,0.003228496255922494,0.002587073158719352,0.0018387462119823423,0.0015180346633807712,0.0015180346633807712,0.0015180346633807712,0.0015180346633807712,0.0015180346633807712,0.0015180346633807712,0.0015180346633807712,0.0015180346633807712,0.001346988504126602,0.0005131384777625077,0.0004489961680421905,0.0004489961680421905,0.0004489961680421905,0.0004489961680421905,0.0,0.0004489961680421905,0.0004489961680421905,0.0004489961680421905,0.0004489961680421905,0.0004489961680421905,0.0004489961680421905,0.0004489961680421905,0.0014325115837537017,0.0015180346633807712,0.0015180346633807712,0.0015180346633807712,0.0017532231323552578,0.0023732654596516326,0.002587073158719352,0.0026084539286261193,0.0036561116540579325,0.0036561116540579325,0.0036561116540579325,0.0036561116540579325,0.0036561116540579325,0.0036774924239647,0.004532723220235576,0.004725150149396513,0.005302430936879353,0.005794188644735094,0.005794188644735094,0.005794188644735094,0.005794188644735094,0.006136280963243448,0.006863227140073674,0.006991511759514294,0.007932265635412255,0.007932265635412255,0.007932265635412255,0.007932265635412255,0.008488165652988313,0.009001304130750835,0.009001304130750835,0.009771011847394612,0.010070342626089416,0.010070342626089416,0.010070342626089416,0.010091723395996184,0.010840050342733193,0.011032477271894145,0.011139381121427996,0.011139381121427996,0.01178080421863114,0.012208419616766577,0.012208419616766577,0.013170554262571306,0.013619550430613511,0.01434649660744374,0.01533001202315525,0.01584315050091776,0.01652733513793445,0.018237796730476173,0.019606166004509557,0.021444912216491915,0.024352696923812853,0.02708943547187962,0.029227512462556785,0.03145111253286103,0.03252015102819961,0.03572726651421535,0.03786534350489251,0.04107245899090826,0.044279574476923995,0.04855572845827832,0.050907613148023216,0.0573218441200547,0.06459130588835703,0.06993649836504993,0.07635072933708141,0.08084069101750348,0.0881101527858058,0.09238630676716013,0.09687626844758218,0.10307669172054594,0.11162899968325458,0.11697419215994748,0.12338842313197897,0.13621688507604193,0.1439139622424797,0.1490453470201049,0.15823907808001675,0.16721900144086077,0.18004746338492375,0.19202069453271584,0.20378011798144022,0.21425669523575833,0.23136131116117561,0.2484659270865929,0.2659981584101457,0.2811785050439536,0.3074768520292826,0.3384789683941014,0.3632806614859564,0.3902204315684887,0.4346924329745738,0.46462551084405407,0.5014004350837011,0.5448033979944474,0.5873511301089229,0.6132218616961166,0.6269055544364505,0.647644901246019,0.670308517347197,0.6848474408838016,0.7083662877812503,0.726753749901074,0.7423617119330171,0.770370520510888,0.7949584059036754,0.8236086375787492,0.8398580227078957,0.86380448500348,0.8749224853550012,0.8922409089794862,0.9084902941086326,0.9191806790620184,0.9416304874641286,0.9724187961298797,0.9893096043562293,0.9989309508142765,0.9991447585133443,0.9999999893096151,0.9989309508142765,0.9852472580739428,0.9784054117037757,0.9681426421485254,0.9615146034774261,0.9469756799408214,0.935216256492097,0.9166149866732057,0.8922409089794862,0.8732120237624594,0.8539693308463651,0.8182634451020564,0.7874751364363053,0.7618182125481794,0.7301746730861575,0.7060144030915054,0.6735156328332127,0.6367407085935655,0.6132218616961166,0.5899168224977356,0.5691774756881671,0.5456586287907182,0.515084127824035,0.4964828580051436,0.46890166482540835,0.44687947182143345,0.4186568555444951,0.3951380086470463,0.3799576620132383,0.35793546900926365,0.3416860838801173,0.32565050645003846,0.3061940058348762,0.2976416978721676,0.28267515893742745,0.26471531221573935,0.25509396575769216,0.24333454230896776,0.2358512728415977,0.22708515717982128,0.22173996470312837,0.21233242594414892,0.20356631028237251,0.19736588700940874,0.19180688683364813,0.1877445405513615,0.1821855403756009,0.17598511710263712,0.16935707843153794,0.16294284745950646,0.15888050117721983,0.1554595779921364,0.15225246250612065,0.15011438551544348,0.14476919303875058,0.14156207755273484,0.1372859235713805,0.1332235772890939,0.13087169259934903,0.12873361560867186,0.12552650012265612,0.1212503461413018,0.11911226915062464,0.11697419215994748,0.11483611516927032,0.11162899968325458,0.10970473039164515,0.10842188419723883,0.10735284570190026,0.10735284570190026,0.1052147687112231,0.1052147687112231,0.10307669172054594,0.10093861472986877,0.09986957623453019,0.0988005377391916,0.09773149924385303,0.09666246074851445,0.09559342225317587,0.09452438375783728,0.09366915296156644,0.09260011446622786,0.09238630676716013,0.09131726827182154,0.09131726827182154,0.09024822977648296,0.08939299898021212,0.0881101527858058,0.08704111429046722,0.08704111429046722,0.08597207579512864,0.0851168449988578,0.08490303729979007,0.08490303729979007,0.08383399880445148,0.0827649603091129,0.08084069101750348,0.08062688331843575,0.07955784482309716,0.07955784482309716,0.07848880632775858,0.07848880632775858,0.07848880632775858,0.07848880632775858,0.07741976783242,0.07635072933708141,0.07635072933708141,0.07528169084174284,0.07442646004547199,0.07314361385106567,0.07314361385106567,0.07207457535572709,0.07121934455945625,0.06993649836504993,0.06886745986971135,0.06779842137437277,0.0667293828790342,0.06566034438369561,0.06566034438369561,0.06459130588835703,0.06352226739301844,0.06245322889767987,0.06245322889767987,0.06138419040234129,0.060315151907002706,0.05924611341166413,0.058177074916325545,0.05710803642098697,0.056038997925648384,0.05390092093497122,0.05283188243963264,0.05069380544895548,0.04855572845827832,0.04748668996293974,0.04534861297226258,0.044279574476923995,0.04235530518531457,0.04107245899090826,0.03914818969929883,0.03786534350489251,0.036796305009553935,0.03572726651421535,0.03457270493924969,0.03358918952353819,0.03252015102819961,0.031173162524072994,0.02931303554218387,0.028243997046845288,0.027174958551506707,0.026105920056168127,0.023967843065490966,0.022898804570152385,0.02120972374751743,0.019691689084136644,0.01862265058879806,0.0164845735981209,0.01541553510278232,0.014902396625019796,0.01434649660744374,0.01327745811210516,0.012208419616766577,0.011139381121427996,0.010070342626089416,0.009001304130750835,0.007932265635412255,0.006863227140073674,0.005943854034082511,0.005259669397065804,0.004725150149396513,0.003869919353125652,0.0036561116540579325,0.003314019335549594,0.003228496255922494,0.0031429731762954096,0.003228496255922494,0.003314019335549594,0.0036561116540579325,0.0036561116540579325,0.0032926385656428113,0.0032926385656428113,0.0032926385656428113,0.0032926385656428113,0.0032926385656428113,0.003228496255922494,0.0036561116540579325,0.0036561116540579325,0.0036561116540579325,0.0036561116540579325,0.003891300123032419,0.004468580910515259,0.004725150149396513,0.004725150149396513,0.004853434768837132,0.005152765547531951,0.0056017617155741575,0.0057086655651080245
6281000,0.12343580780241727,0.12343580780241727,0.12343580780241727,0.12343580780241727,0.12450969959877123,0.12450969959877123,0.12450969959877123,0.12450969959877123,0.12450969959877123,0.12450969959877123,0.12450969959877123,0.12316733485332874,0.12182497010788627,0.12182497010788627,0.12182497010788627,0.12075107831153233,0.1203752161828084,0.11914024061700133,0.11914024061700133,0.11914024061700133,0.11914024061700133,0.11914024061700133,0.11914024061700133,0.11914024061700133,0.11914024061700133,0.11914024061700133,0.11914024061700133,0.11914024061700133,0.11914024061700133,0.11914024061700133,0.11876437848827744,0.11806634882064736,0.11779787587155885,0.11779787587155885,0.11779787587155885,0.11779787587155885,0.11779787587155885,0.11779787587155885,0.11779787587155885,0.11838851635955354,0.11876437848827744,0.11863014201373319,0.11887176766791283,0.11914024061700133,0.11914024061700133,0.11914024061700133,0.11914024061700133,0.11914024061700133,0.11914024061700133,0.11914024061700133,0.11914024061700133,0.11914024061700133,0.1204826053624438,0.12158334445370662,0.12182497010788627,0.12182497010788627,0.12284516731442256,0.12319418214823759,0.12408014288022964,0.12450969959877123,0.12450969959877123,0.12450969959877123,0.12450969959877123,0.12450969959877123,0.12453654689368007,0.12523457656131018,0.1258520643442137,0.1260131481136668,0.12719442908965617,0.12719442908965617,0.12719442908965617,0.12789245875728625,0.12853679383509864,0.12977176940090573,0.1298791585805411,0.1298791585805411,0.12993285317035883,0.13071142472271546,0.13122152332598358,0.13122152332598358,0.13216117864779334,0.13256388807142608,0.13256388807142608,0.13256388807142608,0.13256388807142608,0.13256388807142608,0.13256388807142608,0.13256388807142608,0.13256388807142608,0.13256388807142608,0.13256388807142608,0.1312752179158013,0.13122152332598358,0.13122152332598358,0.1303087152990827,0.1298791585805411,0.12966438022127033,0.12853679383509864,0.12853679383509864,0.12719442908965617,0.1258520643442137,0.12450969959877123,0.12316733485332874,0.12182497010788627,0.1206973837217146,0.11914024061700133,0.11747570833265267,0.11543531391958012,0.11355600327596065,0.10974368739890401,0.1061998444709359,0.10496486890512882,0.10415945005786333,0.10029343959098902,0.09771609927973945,0.09524614814812532,0.09363531045359433,0.09229294570815186,0.09113851202707135,0.09095058096270937,0.0886148663056395,0.09095058096270937,0.09197077816924566,0.09454811848049521,0.10018605041135362,0.10442792300695182,0.11001216034799254,0.11511314638067391,0.1167239840752049,0.12198605387733938,0.12719442908965617,0.136859455256842,0.14464517078040834,0.15457866989668267,0.16612300670748792,0.17417719518014274,0.18652695083821352,0.19968212534354973,0.22142843421971783,0.24666489143403633,0.2770023346810363,0.30492352138623974,0.32613288436423077,0.3758003799456024,0.4176821600034076,0.4641279801957171,0.5006403012717525,0.5583619853257787,0.5999752924344957,0.6217216013106636,0.6536698822521946,0.676221609975628,0.7073644720698934,0.7274999432515306,0.7449506849422827,0.7731403445965747,0.8107265574689639,0.8413324736650523,0.8735492275556717,0.8915369151446008,0.8977117929736361,0.8985172118209018,0.9063029273444682,0.9103300215807956,0.9210689395443353,0.9395935730314414,0.9677832326857332,0.9747635293620343,0.9895295415619013,0.9962413652891139,0.9999999865763526,0.9895295415619013,0.9683201785839103,0.9342241140496715,0.9208004665952467,0.8977117929736361,0.8735492275556717,0.8416009466141409,0.8107265574689639,0.7688447774111586,0.7312585645387694,0.6925984598700262,0.6579654494376105,0.6206477095143097,0.5892363744709558,0.5446698649222655,0.4872166538173278,0.45097280569038084,0.401036837159921,0.3647929890329741,0.31781022294248745,0.28586194200095655,0.2590146470921071,0.23485208167414257,0.21310577279797446,0.1918964098199834,0.16343827721660295,0.14249738718770041,0.12751659662856235,0.1025217650684235,0.0829769343747811,0.06362003474550064,0.04799490910855021,0.03446387247449007,0.025362639500390118,0.022489978945143204,0.019402540030625515,0.01454317965212377,0.011751060981603416,0.01010263707420006,0.008679730444031038,0.007442070148733078,0.0055949762590042414,0.004539877569086448,0.004024409506836538,0.0038203700655292795,0.0035894833293131766,0.0032941630853158305,0.0032270448480437065,0.0029183009565919376,0.0026981531383393717,0.002582709770231319,0.0024082023533237976,0.0022632269608160115,0.0020860348144176033,0.0019544830693642413,0.001822931324310879,0.0016833253907848616,0.001549088916240614,0.0014148524416963666,0.0013906898762784023,0.0012806159671521196,0.0011920198939529166,0.0011463794926078721,0.0011463794926078721,0.0011463794926078721,0.0011463794926078721,0.0011356405746443324,0.0010604681488995543,0.0010121430180636247,0.001001404100100085,0.0008779065435193772,0.0008779065435193772,0.0007597784459204402,0.0006846060201756616,0.0006094335944308825,0.0006094335944308825,0.000582586299522033,0.0005369458981769894,0.00047519711988663524,0.00035706902228769746,0.00033022172737884824,0.000273842408070264,0.0002094089002890252,0.00014229066301690206,7.785715523566355e-05,7.248769625389305e-05,7.248769625389305e-05,7.248769625389305e-05,5.906404879946831e-05,3.7586212872389e-05,0.0,6.174877829035386e-05,7.248769625389305e-05,7.248769625389305e-05,7.248769625389305e-05,7.785715523566355e-05,0.0001396059335260168,0.0002094089002890252,0.000273842408070264,0.0003409606453423878,0.0003731773992330075,0.0005315764391952189,0.0006121183239217677,0.000689975479157431,0.0008107883062472537,0.0008805912730102621,0.0010443597719542441,0.0011812809759893775,0.001817561865329109,0.0030256901362273356,0.0052540156136618435,0.006789680882448032,0.008153523463817588,0.01068522337372209,0.01690574160410252,0.03338998067813611,0.04267914471659802,0.05094811154852367,0.057418309621556377,0.06678801554474484,0.07097619355052537,0.07484220401739969,0.08021166299916958,0.08235944659187754,0.08681609754674657,0.0949776751990368,0.10303186367169165,0.10974368739890401,0.11914024061700133,0.1258520643442137,0.13283236102051457,0.13820182000228448,0.14196044128952337,0.14357127898405436,0.14867226501673575,0.1516254674567092,0.1567264534893906,0.15941118298027554,0.16209591247116048,0.16343827721660295,0.16478064196204545,0.16612300670748792,0.1674653714529304,0.1674653714529304,0.1674653714529304,0.1674653714529304,0.1674653714529304,0.1674653714529304,0.16612300670748792,0.16612300670748792,0.16343827721660295,0.16209591247116048,0.15941118298027554,0.15941118298027554,0.1567264534893906,0.15538408874394813,0.15269935925306316,0.15269935925306316,0.14867226501673575,0.14732990027129328,0.1459875355258508,0.1459875355258508,0.1459875355258508,0.1459875355258508,0.14330280603496587,0.14196044128952337,0.1406180765440809,0.13927571179863843,0.13793334705319596,0.13551709051139954,0.13417472576595707,0.13256388807142608,0.13256388807142608,0.13256388807142608,0.13256388807142608,0.13256388807142608,0.13256388807142608,0.13256388807142608,0.13049664636344466,0.1298791585805411,0.12719442908965617,0.12719442908965617,0.12719442908965617,0.1258520643442137,0.1258520643442137,0.12450969959877123,0.12450969959877123,0.12316733485332874,0.1220934430569748,0.12182497010788627,0.12182497010788627,0.12182497010788627,0.12182497010788627,0.12182497010788627,0.12182497010788627
6285100,0.17486338115287337,0.17486338115287337,0.17486338115287337,0.17486338115287337,0.17486338115287337,0.17486338115287337,0.17486338115287337,0.17486338115287337,0.17486338115287337,0.17486338115287337,0.17486338115287337,0.17486338115287337,0.17486338115287337,0.17486338115287337,0.17486338115287337,0.17486338115287337,0.18266978209719875,0.18266978209719875,0.21389538587449694,0.21389538587449694,0.21389538587449694,0.21389538587449694,0.21389538587449694,0.21389538587449694,0.21389538587449694,0.21389538587449694,0.21389538587449694,0.21389538587449694,0.21389538587449694,0.21389538587449694,0.21389538587449694,0.21389538587449694,0.21389538587449694,0.21389538587449694,0.21077282549676724,0.21389538587449694,0.21077282549676724,0.20686962502460488,0.20218578445800986,0.19437938351368517,0.18735362266379288,0.18657298256936045,0.19125682313595546,0.19437938351368517,0.19437938351368517,0.18735362266379288,0.18266978209719809,0.17954722171946838,0.18345042219163074,0.18345042219163074,0.18345042219163074,0.18345042219163074,0.18266978209719809,0.17954722171946838,0.17876658162503573,0.17876658162503573,0.18266978209719809,0.18657298256936045,0.18735362266379288,0.1904761830415228,0.19906322408028015,0.2029664245524423,0.20999218540233458,0.21389538587449694,0.21389538587449694,0.2146760259689296,0.21389538587449694,0.21389538587449694,0.21389538587449694,0.2177985863466593,0.22638562738541665,0.23731458870747107,0.24121778917963344,0.23731458870747107,0.23419202832974115,0.23341138823530871,0.23341138823530871,0.2177985863466593,0.21389538587449694,0.21389538587449694,0.20999218540233458,0.18657298256936045,0.16393441983081897,0.13739265662011488,0.11319281369270832,0.10148321227622126,0.07806400944324712,0.05932864717686777,0.051522246232543055,0.051522246232543055,0.051522246232543055,0.04996096604367798,0.057767366988002694,0.05932864717686777,0.060109287271300195,0.07025760849892242,0.06635440802676006,0.07025760849892242,0.057767366988002694,0.057767366988002694,0.04996096604367798,0.04996096604367798,0.03434816415502856,0.026541763210703843,0.014832161794216776,0.014832161794216776,0.01092896132205442,0.01092896132205442,0.007025760849892064,0.003903200472162356,0.0,0.0,0.026541763210703843,0.031225603777298848,0.07338016887665212,0.09679937170962626,0.10928961322054598,0.1280249754869251,0.1327088160535201,0.15300545850876432,0.15925057926422395,0.15925057926422395,0.16081185945308904,0.17486338115287337,0.17174082077514344,0.16783762030298133,0.16783762030298133,0.17564402124730602,0.18657298256936045,0.19437938351368517,0.20608898493017222,0.21389538587449694,0.23731458870747107,0.25370803069055314,0.27322403305136495,0.28493363446785197,0.2997657962620688,0.31147539767855587,0.3434816415502871,0.3739266052331535,0.4020296486327229,0.42154565099353425,0.44418421373207595,0.4722872571316453,0.48399685854813196,0.4949258198701866,0.5027322208145113,0.5183450227031607,0.5277127038363503,0.5456674260082972,0.565183428369109,0.5886026312020831,0.5971896722408407,0.619828234979382,0.644028077906789,0.6549570392288432,0.6557376793232756,0.6705698411174926,0.695550324139332,0.7298984882943608,0.7603434519772267,0.7720530533937139,0.7728336934881468,0.7728336934881468,0.7728336934881468,0.7759562538658762,0.7767368939603091,0.7837626548102009,0.795472256226688,0.8227946595318245,0.8454332222703664,0.8633879444423129,0.8587041038757182,0.8391881015149067,0.8266978600039868,0.8001560967932833,0.7798594543380386,0.7330210486720907,0.6830600826284126,0.6284152760181395,0.5464480661027297,0.5144418222309983,0.48009365807597004,0.45199061467640067,0.4207650108991018,0.37939108589418075,0.3427010014558547,0.31693987833958304,0.2958625957899064,0.280249793901257,0.280249793901257,0.2693208325792026,0.26463699201260754,0.26463699201260754,0.26463699201260754,0.26463699201260754,0.2693208325792026,0.280249793901257,0.2958625957899064,0.2974238759787713,0.304449636828664,0.30835283730082635,0.3231849990950429,0.3364558807003953,0.3473848420224499,0.3669008443832617,0.3911006873106678,0.40905540948261476,0.4480874142042383,0.4722872571316453,0.5027322208145113,0.5362997448751077,0.5784543099744609,0.6042154330907326,0.619828234979382,0.6401248774346262,0.6432474378123562,0.6557376793232756,0.6674472807397631,0.6783762420618173,0.6822794425339797,0.7025760849892239,0.7174082467834408,0.7174082467834408,0.7174082467834408,0.7174082467834408,0.7174082467834408,0.7174082467834408,0.7174082467834408,0.7252146477277656,0.7330210486720903,0.7447306500885774,0.7447306500885774,0.7486338505607397,0.7525370510329021,0.7650272925438216,0.7798594543380386,0.7915690557545256,0.7923496958489585,0.7993754566988504,0.8118656982097698,0.819672099154095,0.838407461420474,0.838407461420474,0.8462138623647987,0.8540202633091234,0.8657298647256104,0.8782201062365304,0.8860265071808548,0.904761869447234,0.9086650699193963,0.9125682703915586,0.9203746713358834,0.9328649128468031,0.9406713137911278,0.9531615553020472,0.959406676057507,0.964090516624102,0.9672130770018317,0.9672130770018317,0.9672130770018317,0.964090516624102,0.9601873161519396,0.9672130770018317,0.9672130770018317,0.9672130770018317,0.9672130770018317,0.9758001180405891,0.9797033185127514,0.9906322798348058,0.9984386807791306,0.9984386807791306,0.9999999609679954,0.9953161204014008,0.9945354803069681,0.9828258788904811,0.9601873161519396,0.9516002751131822,0.9359874732245328,0.9320842727523705,0.9055425095416666,0.8860265071808548,0.8774394661420974,0.8540202633091234,0.8345042609483115,0.819672099154095,0.807962497737608,0.795472256226688,0.7798594543380386,0.7650272925438216,0.7533176911273349,0.7416080897108479,0.7338016887665227,0.7252146477277656,0.710382485933549,0.6791568821562501,0.6604215198898704,0.6276346359237067,0.6120218340350573,0.5971896722408407,0.5932864717686779,0.5862607109187861,0.5776736698800284,0.5690866288412714,0.5659640684635419,0.565183428369109,0.565183428369109,0.5659640684635419,0.5690866288412714,0.5690866288412714,0.5737704694078666,0.5815768703521913,0.5932864717686779,0.6088992736573273,0.6159250345072196,0.6159250345072196,0.6159250345072196,0.6159250345072196,0.6159250345072196,0.6159250345072196,0.619828234979382,0.619828234979382,0.619828234979382,0.619828234979382,0.6167056746016525,0.6159250345072196,0.6159250345072196,0.6159250345072196,0.6128024741294902,0.6120218340350573,0.6042154330907326,0.5932864717686779,0.5729898293134337,0.565183428369109,0.565183428369109,0.5503512665748924,0.5339578245918102,0.5261514236474855,0.5003903005312138,0.48711941892586186,0.4676034165650501,0.4480874142042383,0.4480874142042383,0.43637781278775123,0.40905540948261476,0.40905540948261476,0.39812644816056053,0.37002340476099116,0.37002340476099116,0.37002340476099116,0.35831380334450413,0.3317720401338005,0.3309914000393676,0.29195939531774406,0.29195939531774406,0.29195939531774406,0.27322403305136495,0.25370803069055314,0.2529273905961205,0.2529273905961205,0.2529273905961205,0.2529273905961205,0.2529273905961205,0.2529273905961205,0.24043714908520122,0.21389538587449694
6309200,0.007136207117552113,0.007136207117552113,0.007136207117552113,0.006981072180214023,0.006011478821850981,0.006011478821850981,0.005197020400825995,0.005197020400825995,0.005197020400825995,0.005197020400825995,0.005197020400825995,0.005197020400825995,0.005197020400825995,0.005197020400825995,0.005197020400825995,0.005197020400825995,0.005197020400825995,0.005197020400825995,0.005041885463487922,0.003917157167786755,0.003257833684099876,0.003257833684099876,0.003257833684099876,0.003257833684099876,0.003257833684099876,0.003257833684099876,0.002947563809423696,0.002714861403416552,0.002714861403416552,0.002947563809423696,0.002947563809423696,0.002714861403416552,0.002714861403416552,0.0023658077944058533,0.0019779704510606367,0.001900402982391583,0.0017064843107189745,0.0013962144360427943,0.0013186469673737405,0.0013186469673737405,0.0013186469673737405,0.0013186469673737405,0.0013186469673737405,0.0013186469673737405,0.0013186469673737405,0.0013186469673737405,0.0011635120300356504,0.000969593358363042,0.0007368909523558982,0.00034905360901068134,0.0001939186716726084,0.0001939186716726084,0.00015513493733807293,0.00015513493733807293,0.0,0.0,0.0001939186716726084,0.00034905360901068134,0.0003878373433451996,0.000581756015017808,0.0007756746866904164,0.0007756746866904164,0.0005429722806832897,0.0003878373433451996,0.00034905360901068134,0.0003878373433451996,0.0005429722806832897,0.0011247282957011322,0.0013186469673737405,0.0013186469673737405,0.0013574307017082587,0.0019779704510606367,0.0022882403257368,0.003257833684099876,0.003257833684099876,0.0034517523557724846,0.004227427042462936,0.005197020400825995,0.005197020400825995,0.005197020400825995,0.006554451102534288,0.007136207117552113,0.007136207117552113,0.008377286616256852,0.010859445613666276,0.012953767267730502,0.01489295398445662,0.01489295398445662,0.018771327417908875,0.020710514134634993,0.02264970085136113,0.026528074284813366,0.028467261001539502,0.03040644771826562,0.034284821151717874,0.03622400786844399,0.04204156801862238,0.04514426676538419,0.04979831488552687,0.055460740098367156,0.06096803037386938,0.06531180861933587,0.0750077422029665,0.08664286250332325,0.09439960937022775,0.10615108087358807,0.11224012716410811,0.13124415698802414,0.14132792791499998,0.1506360241552854,0.17002789132254664,0.1894197584898079,0.19135894520653418,0.22820349282433042,0.2634966910687459,0.2863790943261142,0.33330741287088644,0.3833384301624205,0.42212216449694295,0.4609058988314655,0.49968963316598797,0.5388612048438558,0.5966489690022942,0.6354327033368168,0.6936083048386005,0.732392039173123,0.7711757735076455,0.8025905983186089,0.8293513750094292,0.8681351093439518,0.8879148138545583,0.9321282709959139,0.9422120419228898,0.9511323008198301,0.9650944451802581,0.9712998426737817,0.9829349629741384,0.9949579206178405,0.9999998060813282,0.9852619870342099,0.9712998426737817,0.9480296020730683,0.9263107108457356,0.887526976511213,0.8452527060865835,0.8099595078421681,0.7855257552114189,0.7358825752632302,0.6936083048386005,0.654824570504078,0.6160408361695555,0.5776449391783783,0.5578652346677717,0.5190815003332493,0.49658693441922624,0.4616815735181559,0.4415140316642042,0.42212216449694295,0.3833384301624205,0.3639465629951592,0.34455469582789794,0.3251628286606367,0.3057709614933754,0.2883182810428403,0.2712534379356504,0.2669872271588529,0.24759535999159166,0.234408890317854,0.22820349282433042,0.20881162565706915,0.2049332522236169,0.1894197584898079,0.1836021983396295,0.17002789132254664,0.16808870460582054,0.15645358430546377,0.1506360241552854,0.14520630134845228,0.13124415698802414,0.13124415698802414,0.12154822340439352,0.11185228982076288,0.10805148385597972,0.10285446345515366,0.0977737942573312,0.09366271841787183,0.09036610099943744,0.0854793504732876,0.08276448906987101,0.07888611563641877,0.07617125423300218,0.0736115277669237,0.07209896212787732,0.0682981561630941,0.06620383450902992,0.06531180861933587,0.060812895436531296,0.05902884365714323,0.05755506175243138,0.05348276964730652,0.051194529321569704,0.04979831488552687,0.04692831854477222,0.044058322204017536,0.0420803517529569,0.04204156801862238,0.04014116503623077,0.03905522047486415,0.03781414097615943,0.03622400786844399,0.034284821151717874,0.03370306513670003,0.032345634434991756,0.03040644771826562,0.02928171942256447,0.028467261001539502,0.02769158631484905,0.026528074284813366,0.025752399598122915,0.024588887568087248,0.022921186991702792,0.021680107492998053,0.02074929786896951,0.020710514134634993,0.020710514134634993,0.01977970451060647,0.019004029823916004,0.018771327417908875,0.017956868996883923,0.017064843107189885,0.01663822202951013,0.015901331077154197,0.015358358796470892,0.01489295398445662,0.01489295398445662,0.01489295398445662,0.01489295398445662,0.01489295398445662,0.01489295398445662,0.01489295398445662,0.01489295398445662,0.01489295398445662,0.01489295398445662,0.01489295398445662,0.01489295398445662,0.01489295398445662,0.01489295398445662,0.01489295398445662,0.01489295398445662,0.01489295398445662,0.014931737718791157,0.01508687265612923,0.015474709999474463,0.015513493733809,0.015513493733809,0.015513493733809,0.015668628671147072,0.01586254734281968,0.01628916842049945,0.01628916842049945,0.01667700576384465,0.016870924435517274,0.017413896716200583,0.01822835513722557,0.018616192480570802,0.01884889488657793,0.020206325588286205,0.020710514134634993,0.020710514134634993,0.020710514134634993,0.020710514134634993,0.020710514134634993,0.020710514134634993,0.020710514134634993,0.020710514134634993,0.020710514134634993,0.020710514134634993,0.020710514134634993,0.020710514134634993,0.020710514134634993,0.020710514134634993,0.020710514134634993,0.020710514134634993,0.020710514134634993,0.020710514134634993,0.020710514134634993,0.020710514134634993,0.020710514134634993,0.020710514134634993,0.020710514134634993,0.020710514134634993,0.020710514134634993,0.020710514134634993,0.020710514134634993,0.020710514134634993,0.020710514134634993,0.020710514134634993,0.020710514134634993,0.020710514134634993,0.020710514134634993,0.020710514134634993,0.020710514134634993,0.020361460525624313,0.019740920776271934,0.018771327417908875,0.018771327417908875,0.018771327417908875,0.018771327417908875,0.018616192480570802,0.017646599122207726,0.01683214070118274,0.01586254734281968,0.014931737718791157,0.01489295398445662,0.01489295398445662,0.01489295398445662,0.01489295398445662,0.01489295398445662,0.01489295398445662,0.01489295398445662,0.01489295398445662,0.014737819047118548,0.01454390037544594,0.013535523282748327,0.013186469673737647,0.012953767267730502,0.012953767267730502,0.012953767267730502,0.012178092581040053,0.011829038972029336,0.011790255237694818,0.011014580551004367,0.011014580551004367,0.011014580551004367,0.011014580551004367,0.011014580551004367,0.011014580551004367,0.011014580551004367,0.011014580551004367,0.011014580551004367,0.011014580551004367,0.011014580551004367,0.011014580551004367,0.011014580551004367,0.011014580551004367,0.011014580551004367,0.011014580551004367,0.011014580551004367,0.011014580551004367,0.011014580551004367,0.011014580551004367,0.011014580551004367,0.011014580551004367,0.011014580551004367,0.011014580551004367,0.011014580551004367,0.010122554661310344,0.009269312505950858,0.009075393834278248,0.009075393834278248,0.009075393834278248,0.009075393834278248,0.009075393834278248,0.00857120528792946,0.007756746866904491,0.0077179631325699554
6317000,0.2688250463177728,0.2688250463177728,0.27297473367410285,0.27712442103043294,0.27712442103043294,0.27712442103043294,0.281274108386763,0.283763920800561,0.285423795743093,0.28957348309942305,0.2929762267316137,0.2937231704557531,0.2937231704557531,0.2937231704557531,0.29455310792701916,0.2978728578120831,0.3020225451684132,0.30617223252474324,0.3090770136741743,0.31032191988107327,0.31032191988107327,0.31032191988107327,0.31032191988107327,0.31115185735233936,0.31862129459373334,0.31862129459373334,0.3201151820420122,0.3269206693063934,0.3269206693063934,0.32833156300754573,0.33389214406502793,0.33522004401905353,0.33936973137538357,0.33936973137538357,0.3435194187317136,0.3435194187317136,0.3456772561570053,0.3514868184558673,0.35181879344437367,0.3520677746857535,0.35654943703058994,0.3601181681570338,0.3642678555133638,0.36841754286969386,0.3725672302260239,0.3767169175823539,0.380866604938684,0.3926517170306613,0.3933156670076741,0.39829529183527024,0.41406410378932434,0.43481254057097457,0.43481254057097457,0.45556097735262474,0.47630941413427497,0.4812890389618711,0.5095069129849153,0.5186362251688414,0.5518337240194819,0.5676025359735359,0.6008000348241763,0.6090994095368364,0.6265280964334227,0.6422969083874768,0.651426220571403,0.6630453451691269,0.671344719881787,0.6804740320657132,0.6837937819507772,0.6920931566634373,0.7095218435600236,0.7252906555140777,0.7294403428704077,0.7418894049393978,0.7460390922957278,0.7501887796520579,0.7543384670083879,0.7543384670083879,0.7543384670083879,0.7543384670083879,0.7501887796520579,0.7501887796520579,0.7501887796520579,0.7468690297669938,0.7468690297669938,0.7460390922957278,0.7427193424106637,0.7418894049393978,0.7418894049393978,0.7377397175830678,0.7377397175830678,0.7335900302267377,0.7335900302267377,0.7335900302267377,0.7335900302267377,0.7335900302267377,0.7335900302267377,0.7335900302267377,0.7377397175830678,0.7377397175830678,0.7377397175830678,0.7377397175830678,0.7377397175830678,0.7377397175830678,0.7385696550543337,0.7427193424106637,0.7460390922957278,0.7501887796520579,0.7543384670083879,0.759318091835984,0.766787529077378,0.770937216433708,0.7792365911463682,0.7875359658590283,0.7916856532153583,0.7916856532153583,0.7999850279280184,0.8041347152843484,0.8165837773533385,0.8248831520659986,0.8373322141349888,0.8497812762039789,0.858080650916639,0.866380025629299,0.8746794003419591,0.8829787750546193,0.8879583998822153,0.8912781497672794,0.8962577745948753,0.9078768991925995,0.9170062113765256,0.9294552734455157,0.9419043355145058,0.9502037102271659,0.9601629598823582,0.9701222095375501,0.9867209589628704,0.9908706463192004,0.9917005837904663,0.9958502711467964,0.9958502711467964,0.9999999585031264,0.9958502711467964,0.9958502711467964,0.9917005837904663,0.9767617093076785,0.9510336476984321,0.9244756486179196,0.8912781497672794,0.8672099631005651,0.843141776433851,0.8082844026406785,0.7750869037900381,0.758488154364718,0.7252906555140777,0.7045422187324274,0.6796440945944472,0.6339975336748167,0.6090994095368364,0.564282786088472,0.5402145994217579,0.5261056624102355,0.5012075382722553,0.4887584762032651,0.468839976892881,0.45556097735262474,0.4397921653985707,0.40244497919160027,0.38501629229501405,0.36924748034095994,0.35596848080070376,0.33936973137538357,0.31862129459373334,0.3109028761109595,0.2978728578120831,0.277954358501699,0.2652563151913291,0.2571229279729222,0.24400991592691915,0.2357105412142591,0.21902879804181233,0.2065797359728222,0.19911029873142813,0.18583129919117197,0.17753192447851188,0.17637001201873947,0.17338223712218184,0.16508286240952175,0.1609331750531917,0.15678348769686168,0.14848411298420158,0.14491538185775776,0.14433442562787155,0.1401847382715415,0.13603505091521145,0.12831663243243757,0.1195192952370179,0.11586757036344751,0.11121992052435781,0.10698723942090116,0.10283755206457111,0.09868786470824106,0.09155040245535342,0.08715173385764355,0.08358300273119974,0.07793942792659085,0.07760745293808445,0.07378974057026082,0.06964005321393077,0.06482641588058793,0.06134067850127069,0.05329028502999045,0.0514644225932052,0.04889161643228056,0.044741929075950516,0.04133918544375992,0.03777045431731605,0.03644255436329043,0.030135029581668797,0.02747922967361755,0.0239934922943003,0.02241661109889488,0.01984380493797026,0.01725440002762031,0.015694117581640216,0.0144492113747412,0.013204305167842191,0.011544430225310173,0.00863964907587914,0.007394742868980129,0.006149836662081117,0.005402892937941714,0.004099891108054077,0.0034193423816159473,0.003245055512650086,0.002415118041384077,0.0015436836965547682,0.0011868105839103833,0.0,0.0,0.0008382368459786685,0.0003900706114950253,0.0008714343448293089,0.0015519830712674273,0.002016748055176396,0.003245055512650086,0.003245055512650086,0.004041795485065459,0.004041795485065459,0.004074992983916096,0.004589554216101023,0.00493812795403276,0.00573486792644811,0.00656480539771412,0.008722642823005751,0.009884555282778153,0.013038317673588993,0.014034242639108198,0.01652405505290622,0.01974421244141834,0.0228315798345279,0.028475154639136777,0.03785344806444266,0.04142217919088648,0.04731473523687516,0.053041303788610605,0.06549036585760074,0.07793942792659085,0.08623880263925093,0.09453817735191103,0.09926882093812733,0.11130291427148442,0.12698873247841197,0.14126365698418733,0.15072494415661983,0.16508286240952175,0.17753192447851188,0.18583129919117197,0.19413067390383207,0.2065797359728222,0.21554306066249512,0.2273281727544724,0.2342996475131069,0.24641673459359056,0.26052567160511275,0.27546454608790094,0.28600475197297925,0.2937231704557531,0.3138076572603905,0.3194512320649994,0.33181730038686297,0.34766910608804363,0.3587902682030082,0.36269097431795844,0.3701604115593525,0.380866604938684,0.3891659796513441,0.3933156670076741,0.39746535436400415,0.39746535436400415,0.4057647290766643,0.4057647290766643,0.4099144164329943,0.41406410378932434,0.4182137911456544,0.42651316585831445,0.43481254057097457,0.4389622279273046,0.44311191528363464,0.44311191528363464,0.44311191528363464,0.4439418527549007,0.44311191528363464,0.44311191528363464,0.43481254057097457,0.43481254057097457,0.42734310332958053,0.4182137911456544,0.4016150417203342,0.3933156670076741,0.3933156670076741,0.3933156670076741,0.37854278001913916,0.3725672302260239,0.36841754286969386,0.3649318054903766,0.35862428070875496,0.35181879344437367,0.35181879344437367,0.35181879344437367,0.34766910608804363,0.33936973137538357,0.33522004401905353,0.3312363441569767,0.3269206693063934,0.31862129459373334,0.31032191988107327,0.31032191988107327,0.31032191988107327,0.3020225451684132,0.2978728578120831,0.2937231704557531,0.2903204268235625,0.2869176831913719,0.285423795743093,0.285423795743093,0.281274108386763,0.281274108386763,0.27712442103043294,0.2733897024097359,0.2688250463177728,0.2688250463177728,0.2688250463177728,0.2688250463177728,0.2688250463177728,0.2688250463177728,0.2688250463177728,0.2646753589614428,0.2646753589614428,0.2646753589614428,0.2646753589614428,0.26052567160511275,0.26052567160511275,0.26052567160511275,0.26052567160511275,0.26052567160511275
6324500,0.29270945685835664,0.29270945685835664,0.29270945685835664,0.29270945685835664,0.29270945685835664,0.29270945685835664,0.30835145850273893,0.30835145850273893,0.30835145850273893,0.3233133731191046,0.3233133731191046,0.3233133731191046,0.3233133731191046,0.3233133731191046,0.3233133731191046,0.3233133731191046,0.3233133731191046,0.3233133731191046,0.3233133731191046,0.3233133731191046,0.3233133731191046,0.3233133731191046,0.3233133731191046,0.3233133731191046,0.3233133731191046,0.3233133731191046,0.3233133731191046,0.3233133731191046,0.3233133731191046,0.3233133731191046,0.3233133731191046,0.3233133731191046,0.3233133731191046,0.357317724519936,0.357317724519936,0.357317724519936,0.357317724519936,0.38588137969663444,0.39132207592076734,0.39132207592076734,0.39132207592076734,0.39132207592076734,0.39132207592076734,0.39132207592076734,0.39132207592076734,0.39132207592076734,0.41716538298539935,0.4253264273215987,0.4253264273215987,0.4253264273215987,0.4253264273215987,0.4253264273215987,0.4253264273215987,0.4253264273215987,0.45933077872243,0.45933077872243,0.490614782011195,0.49333513012326136,0.5273394815240927,0.5273394815240927,0.5613438329249241,0.5763057475412902,0.5953481843257554,0.5953481843257554,0.5953481843257554,0.6293525357265868,0.6633568871274181,0.6640369741554347,0.731365589929081,0.7544885488816465,0.7653699413299123,0.7891729873104942,0.7993742927307437,0.80617516301091,0.8102556851790098,0.8197769035712424,0.8231773387113256,0.8238574257393424,0.8265777738514087,0.8265777738514087,0.8265777738514087,0.8265777738514087,0.8265777738514087,0.8265777738514087,0.8265777738514087,0.8231773387113256,0.8238574257393424,0.8231773387113256,0.8231773387113256,0.8197769035712424,0.8197769035712424,0.8163764684311593,0.8163764684311593,0.8163764684311593,0.813656120319093,0.8129760332910762,0.8102556851790098,0.809575598150993,0.809575598150993,0.8129760332910762,0.8129760332910762,0.8129760332910762,0.813656120319093,0.8170565554591761,0.8197769035712424,0.8211370776272758,0.8265777738514087,0.8306582960195087,0.8367790792716582,0.8476604717199243,0.8537812549720738,0.8639825603923232,0.8680630825604232,0.8748639528405894,0.8782643879806725,0.8877856063729052,0.8911860415129883,0.8979869117931546,0.8979869117931546,0.9020674339612546,0.9258704799418365,0.9326713502220028,0.9428726556422522,0.9564743962025847,0.9673557886508507,0.9727964848749836,0.9802774421831667,0.982997790295233,0.9836778773232497,0.9863982254353162,0.9863982254353162,0.9863982254353162,0.9897986605753992,0.9897986605753992,0.9897986605753992,0.990478747603416,0.9897986605753992,0.9897986605753992,0.9911588346314326,0.9972796178835823,0.9999999659956487,0.9965995308555655,0.9897986605753992,0.9897986605753992,0.9870783124633329,0.9897986605753992,0.990478747603416,0.9938791827434992,0.9965995308555655,0.990478747603416,0.9897986605753992,0.990478747603416,0.9972796178835823,0.9972796178835823,0.990478747603416,0.9836778773232497,0.9700761367629173,0.9598748313426678,0.9258704799418367,0.9129488264095205,0.8925462155690217,0.8571816901121574,0.8075353370669432,0.7939335965066108,0.7558487229376795,0.7327257639851142,0.6966811515002331,0.670837844435601,0.6239118395024539,0.5729053124012071,0.5518226145326913,0.5348204388322756,0.5137377409637602,0.49877582634739465,0.4634113008905299,0.42260607920953225,0.38520129266861775,0.3403155488195206,0.3137921547268719,0.29270945685835636,0.2655059757376913,0.2519042351773587,0.23075352860604179,0.21449944863644424,0.19593307277159033,0.1796109840991913,0.1596844341783041,0.15247551168132784,0.1464907458347815,0.1464907458347815,0.14315831939750007,0.13717355355095373,0.13316104008565566,0.12629216110268768,0.1197633256337281,0.11731501233286823,0.11561479476282664,0.11357453367877675,0.11139825518912357,0.10908595929386701,0.10588955026218887,0.104053315286544,0.09255984451306297,0.08847932234496322,0.0850108785020784,0.08195048687600359,0.07861806043872213,0.07508160789303564,0.07453753827062236,0.06828073761286937,0.06488030247278624,0.0614798673327031,0.05807943219261996,0.05467899705253683,0.05127856191245369,0.04794613547517223,0.04794613547517223,0.047878126772370556,0.04447769163228742,0.0425734479538409,0.03971708243617106,0.037676821352121144,0.03427638621203801,0.03087595107195487,0.025979324470235165,0.022374863221747057,0.020674645651705462,0.014553862399555875,0.010473340231456053,0.010473340231456053,0.010473340231456053,0.010473340231456053,0.004760609196116422,0.0036724699512897816,0.0019042436784465762,0.00040805221680997975,0.0002720348112066451,0.0002720348112066451,0.0,0.0002720348112066451,0.0002720348112066451,0.0019042436784465762,0.0036724699512897816,0.004760609196116422,0.009793253203439429,0.013261697046324227,0.016390097375200707,0.020334602137697146,0.020810663057308797,0.0240750807917886,0.0240750807917886,0.027475515931871735,0.03257616864199644,0.03427638621203801,0.037676821352121144,0.04318552627905584,0.047878126772370556,0.05440696224133018,0.05807943219261996,0.06433623285037295,0.0720892249697625,0.08188247817320192,0.08868334845336819,0.10024482792965085,0.10568552415378388,0.11364254238157842,0.12656419591389434,0.13860173630978864,0.15050325930007963,0.16118062563994068,0.17029379181536347,0.17723067950113308,0.1913764896838789,0.20715450873386468,0.22068824059139558,0.2350380768825464,0.2516322003661521,0.2655059757376913,0.282508151438107,0.30359084930662245,0.33011424339927087,0.33691511367943716,0.34779650612770324,0.3579978115479526,0.3709194650802685,0.3811207705005179,0.3879216407806842,0.3947225110608505,0.41172468676126617,0.4253264273215987,0.43552773274184803,0.44572903816209747,0.4702121711706962,0.48313382470301197,0.48721434687111187,0.49401521715127816,0.5001360004034276,0.5035364355435108,0.5069368706835939,0.5069368706835939,0.5103373058236771,0.5103373058236771,0.5110173928516938,0.5171381761038433,0.5205386112439264,0.5246191334120264,0.5273394815240927,0.5273394815240927,0.5273394815240927,0.5273394815240927,0.5273394815240927,0.5273394815240927,0.5205386112439264,0.5103373058236771,0.5035364355435108,0.49401521715127816,0.49333513012326136,0.4600108657504468,0.45933077872243,0.4464091251901142,0.42872686246168185,0.4253264273215987,0.4253264273215987,0.4253264273215987,0.39132207592076734,0.3886017278087009,0.357317724519936,0.357317724519936,0.357317724519936,0.3233133731191046,0.3233133731191046,0.3233133731191046,0.3233133731191046,0.3233133731191046,0.3233133731191046,0.3233133731191046,0.2893090217182732,0.2893090217182732,0.2893090217182732,0.2893090217182732,0.2893090217182732,0.2893090217182732,0.2893090217182732,0.2893090217182732,0.2893090217182732,0.2893090217182732,0.2893090217182732,0.2893090217182732,0.2893090217182732,0.2893090217182732,0.2893090217182732,0.2893090217182732,0.2893090217182732,0.2893090217182732,0.2893090217182732,0.2893090217182732,0.2893090217182732,0.2893090217182732,0.2893090217182732,0.2893090217182732,0.2893090217182732,0.2893090217182732,0.2893090217182732,0.2893090217182732,0.2893090217182732,0.2893090217182732
6326500,0.22222221589110497,0.22222221589110497,0.22222221589110497,0.22222221589110497,0.22222221589110497,0.22222221589110497,0.23646722973027837,0.23646722973027837,0.25071224356945176,0.25071224356945176,0.25071224356945176,0.25071224356945176,0.25071224356945176,0.25071224356945176,0.25071224356945176,0.25071224356945176,0.25071224356945176,0.25071224356945176,0.25071224356945176,0.25071224356945176,0.25071224356945176,0.25071224356945176,0.25071224356945176,0.25071224356945176,0.25071224356945176,0.25071224356945176,0.2649572574086252,0.2535612463372867,0.25071224356945176,0.2535612463372867,0.2678062601764601,0.27920227124779856,0.27920227124779856,0.27920227124779856,0.27920227124779856,0.27920227124779856,0.27920227124779856,0.27920227124779856,0.27920227124779856,0.27920227124779856,0.29344728508697193,0.29344728508697193,0.30769229892614536,0.30769229892614536,0.30769229892614536,0.30769229892614536,0.30769229892614536,0.30769229892614536,0.30769229892614536,0.33618232660449215,0.36467235428283895,0.36467235428283895,0.39316238196118575,0.42165240963953254,0.4501424373178793,0.4501424373178793,0.4786324649962261,0.5014244871389035,0.5071224926745729,0.5356125203529197,0.5561253402813293,0.5641025480312665,0.5925925757096133,0.6182336006201253,0.621652403941527,0.6495726310663068,0.6780626587446537,0.7065526864230004,0.763532741779694,0.7920227694580408,0.81823359492212,0.8205127971363876,0.8433048192790651,0.8552706309039708,0.8774928524930812,0.9014244757428926,0.9202278940106013,0.9430199161532788,0.9629629355281215,0.9743589465994603,0.9886039604386336,0.9920227637600354,0.9999999715099724,0.9891737609922008,0.9834757554565312,0.9749287471530274,0.9663817388495233,0.9606837333138538,0.95213672501035,0.9464387194746805,0.9401709133854441,0.9373219106176095,0.924786298439137,0.9202278940106013,0.9173788912427667,0.9116808857070974,0.9065526807249951,0.9002848746357586,0.8945868691000892,0.8917378663322546,0.8837606585823176,0.8809116558144827,0.8774928524930812,0.8774928524930812,0.8774928524930812,0.8723646475109789,0.8689458441895771,0.8638176392074749,0.8581196336718055,0.8547008303504038,0.851851827582569,0.8490028248147344,0.8490028248147344,0.8433048192790651,0.8438746198326321,0.8433048192790651,0.8404558165112304,0.835327611529128,0.8319088082077263,0.8250712015649232,0.8210825976899546,0.8205127971363876,0.8131053899400176,0.8096865866186159,0.8068375838507813,0.7948717722258755,0.7971509744401434,0.8096865866186159,0.8119657888328836,0.8205127971363876,0.8250712015649232,0.8250712015649232,0.8250712015649232,0.8319088082077263,0.8319088082077263,0.8319088082077263,0.8319088082077263,0.8319088082077263,0.834757810975561,0.8364672126362619,0.8461538220468997,0.8472934231540337,0.8472934231540337,0.8461538220468997,0.8461538220468997,0.8364672126362619,0.8364672126362619,0.8438746198326321,0.8478632237076006,0.8700854452967112,0.8871794619037193,0.9002848746357589,0.9139600879213653,0.9259258995462707,0.9259258995462707,0.9236466973320031,0.9139600879213653,0.8923076668858215,0.8501424259218684,0.813105389940018,0.7920227694580408,0.7863247639223715,0.7618233401189933,0.7447293235119853,0.7065526864230004,0.6786324592982206,0.6643874454590472,0.6472934288520391,0.6307692127985981,0.6096865923166214,0.5886039718346449,0.5646723485848334,0.5321937170315183,0.5048432904603051,0.462108248942785,0.44216522956794224,0.43076921849660355,0.4142450024431624,0.3903133791933511,0.3566951465329019,0.3259259166402874,0.2974358889619406,0.26951566183716075,0.23646722973027837,0.21703703085364587,0.19145298599849048,0.1766381716057501,0.1623931577665767,0.1402279162328229,0.12820512455256056,0.1085470054545013,0.09401709133854441,0.0826210802672057,0.07618233401189935,0.07407407196370167,0.06769230576375199,0.06529914343877086,0.05846153679596763,0.056752135135266814,0.05367521214600537,0.051282049821024224,0.04752136616748247,0.0453561240639281,0.04284900162823358,0.04108261991217608,0.03988603874968551,0.0392022780854052,0.03709401603720753,0.03703703598185083,0.03703703598185083,0.03504273404436656,0.03133903044618147,0.026894586128359394,0.025641024910512112,0.0241595434712381,0.022792022142677434,0.019943019374842753,0.019715099153415985,0.01891737837842228,0.018347577824855337,0.017094016607008076,0.016638176164154535,0.01601139555523091,0.014301993894530098,0.013789173396319857,0.011566951237408814,0.011396011071338717,0.01025640996420487,0.008547008303504038,0.0076923074731536315,0.006894586698159929,0.005698005535669359,0.0043304842071087415,0.0028490027678346793,0.0,0.0,0.0,0.0,0.0,0.0,0.0,0.0,0.0,0.001139601107133898,0.0028490027678346793,0.0038746437642552026,0.005698005535669359,0.008547008303504038,0.011168090849911947,0.014245013839173397,0.016410255942727766,0.018518517990925434,0.022336181699823893,0.023133902474817628,0.027122506349786156,0.028490027678346793,0.03418803321401615,0.037150996092564226,0.040341879192539086,0.04467236339964779,0.04945868804961007,0.05435897281028569,0.05749287585490385,0.06199430022808263,0.06301994122450313,0.06900284703695594,0.07179486974943393,0.07669515451010957,0.09139600879213652,0.09988603704028386,0.11145298827769268,0.11715099381336207,0.12820512455256056,0.13732193340963159,0.14814814392740333,0.150997146695238,0.15669515223090735,0.16478632009155786,0.1716809067897178,0.19304842754847787,0.2051281992840969,0.22222221589110497,0.2336182269624437,0.2455840385873494,0.25982905242652277,0.2740740662656962,0.2826210745692002,0.301994293390476,0.30769229892614536,0.31054130169398003,0.3139601050153817,0.32193731276531873,0.32535611608672044,0.33618232660449215,0.34529913546156316,0.3538461437650672,0.36239315206857126,0.3709401603720753,0.3766381659077446,0.381766370889847,0.38746437642551634,0.3903133791933511,0.39316238196118575,0.39316238196118575,0.40284899137182373,0.4079771963539261,0.41139599967532775,0.41595440410386314,0.41139599967532775,0.4102563985681938,0.4102563985681938,0.40455839303252444,0.39316238196118575,0.39316238196118575,0.382336171443414,0.36467235428283895,0.3509971409972325,0.33618232660449215,0.31737890833678334,0.30769229892614536,0.30769229892614536,0.29116808287270424,0.27920227124779856,0.27920227124779856,0.27920227124779856,0.27920227124779856,0.27920227124779856,0.27920227124779856,0.2649572574086252,0.2626780551943575,0.25071224356945176,0.25071224356945176,0.25071224356945176,0.25071224356945176,0.25071224356945176,0.25071224356945176,0.25071224356945176,0.25071224356945176,0.25071224356945176,0.25071224356945176,0.25071224356945176,0.25071224356945176,0.25071224356945176,0.25071224356945176,0.25071224356945176,0.25071224356945176,0.25071224356945176,0.25071224356945176,0.25071224356945176,0.25071224356945176,0.25071224356945176,0.25071224356945176,0.25071224356945176,0.25071224356945176,0.24558403858734934,0.23646722973027837,0.23646722973027837,0.23646722973027837,0.23646722973027837,0.22598289954464698,0.22222221589110497,0.22222221589110497,0.22222221589110497,0.22222221589110497,0.22222221589110497,0.22222221589110497
6395000,0.17458720630955166,0.17458720630955166,0.17458720630955166,0.17458720630955166,0.17458720630955166,0.1765882058088017,0.1875937030546761,0.1995997000501751,0.1995997000501751,0.1995997000501751,0.20880429774672452,0.21060519729604948,0.2164080958438742,0.2164080958438742,0.22381179399109863,0.22461219379079853,0.22461219379079853,0.22461219379079853,0.22461219379079853,0.22461219379079853,0.22461219379079853,0.22461219379079853,0.22461219379079853,0.22461219379079853,0.22461219379079853,0.22461219379079853,0.22461219379079853,0.22461219379079853,0.22461219379079853,0.22461219379079853,0.22461219379079853,0.22461219379079853,0.22461219379079853,0.22461219379079853,0.22461219379079853,0.22461219379079853,0.22961469253892322,0.23961969003517258,0.24562268853292232,0.24962468753142197,0.24962468753142197,0.25462718627954667,0.26463218377579606,0.27463718127204545,0.27463718127204545,0.27463718127204545,0.29964967501266887,0.3246621687532923,0.3246621687532923,0.34967466249391577,0.3746871562345392,0.4247121437157861,0.4497246374564095,0.474737131197033,0.474737131197033,0.5247621186782798,0.5747871061595268,0.6248120936407736,0.6748370811220206,0.7248620686032674,0.7248620686032674,0.7748870560845142,0.8249120435657611,0.8259125433153862,0.874937031047008,0.874937031047008,0.874937031047008,0.9249620185282549,0.9249620185282549,0.9309650170260048,0.9509750120185034,0.9749870060095017,0.9749870060095017,0.9749870060095017,0.9749870060095017,0.9749870060095017,0.9919955017531259,0.9999994997501253,0.977988505258377,0.9749870060095017,0.9749870060095017,0.9749870060095017,0.9749870060095017,0.9749870060095017,0.9749870060095017,0.9749870060095017,0.9599795097651277,0.9249620185282549,0.9249620185282549,0.874937031047008,0.874937031047008,0.860930034552259,0.8249120435657611,0.7748870560845142,0.766883058087515,0.7248620686032674,0.7248620686032674,0.7198595698551428,0.6748370811220206,0.6618305843768966,0.6298145923888983,0.6248120936407736,0.6248120936407736,0.5797896049076514,0.5747871061595268,0.5747871061595268,0.5647821086632774,0.5357676159241543,0.5247621186782798,0.5247621186782798,0.5207601196797802,0.5107551221835308,0.49474712618953176,0.4857426284429074,0.4757376309466579,0.474737131197033,0.474737131197033,0.474737131197033,0.4739367313973331,0.4739367313973331,0.474737131197033,0.474737131197033,0.474737131197033,0.474737131197033,0.4757376309466579,0.474737131197033,0.474737131197033,0.474737131197033,0.4757376309466579,0.48174062944440776,0.48974462744140707,0.4797396299451576,0.4757376309466579,0.474737131197033,0.4797396299451576,0.4907451271910321,0.5097546224339058,0.5097546224339058,0.4957476259391568,0.5157576209316556,0.5247621186782798,0.5247621186782798,0.5247621186782798,0.5247621186782798,0.5247621186782798,0.5247621186782798,0.5247621186782798,0.5247621186782798,0.5247621186782798,0.5197596199301552,0.5017506244369065,0.4867431281925324,0.4757376309466579,0.474737131197033,0.474737131197033,0.474737131197033,0.474737131197033,0.46533243355055853,0.4554274860292717,0.4418206894343725,0.43431694131218557,0.4247121437157861,0.40160059949945004,0.3846921537307885,0.3646821587382898,0.3406701647472914,0.3254625685529923,0.3016506745119189,0.27503738117189547,0.24982478748134695,0.22911444266411074,0.21060519729604948,0.18959470255392571,0.17458720630955166,0.16958470756142693,0.1557778110166029,0.13956971507267882,0.13876931527297887,0.12956471757642943,0.1205602198298051,0.11555772108168037,0.1141570214322054,0.11015502243370569,0.10395192398603118,0.09954972508768131,0.09534762613925662,0.08714352819233213,0.07953973009518256,0.07453723134705786,0.06953473259893317,0.0664331833750959,0.05952973510268379,0.05452723635455911,0.05452723635455911,0.050525237356059446,0.049524737606434416,0.04522258868304725,0.04352173910868479,0.03961979008514754,0.03911954021033509,0.039519740110185046,0.03911954021033509,0.036718340811235234,0.03611804096146026,0.03521759118679783,0.03371684156236042,0.03151574211318554,0.029914942513785677,0.026513243365060897,0.024512243865810975,0.0226112943415236,0.020310144917386266,0.01790894551828642,0.016108045968961503,0.01360679659489916,0.011605797095649288,0.008604297846774477,0.007003498247374565,0.004802398798199728,0.00350174912368728,0.0031015492238373153,0.0018008995493249118,0.001500749624437408,0.00010004997496250497,0.0,0.0,0.0,0.0,0.0,0.00010004997496250497,0.00010004997496250497,0.00010004997496250497,0.0,0.0,0.0,0.0007003498247374737,0.0007003498247374737,0.0007003498247374737,0.0007003498247374737,0.0031015492238373153,0.004702348823237223,0.006503248372562095,0.006603298347524601,0.006603298347524601,0.006603298347524601,0.007103548222337064,0.0076037980971495394,0.008003997996999504,0.008104047971962004,0.009004497746624436,0.009104547721586935,0.00960479759639941,0.01060529734602435,0.01270634682023672,0.013706846569861665,0.013706846569861665,0.01270634682023672,0.011305647170761818,0.011305647170761818,0.013706846569861665,0.016108045968961503,0.016108045968961503,0.01790894551828642,0.019509745117686286,0.020009994992498756,0.020310144917386266,0.023111544216336072,0.024512243865810975,0.024512243865810975,0.025112543715585994,0.02831414291438575,0.029514742613935666,0.029514742613935666,0.03451724136206035,0.036118040961460304,0.039819890035072546,0.04362178908364728,0.044722338808234736,0.047223588182297084,0.049524737606434416,0.05042518738109691,0.05452723635455911,0.05762878557839641,0.05952973510268379,0.06323158417629608,0.06813403294945827,0.06963478257389566,0.07453723134705786,0.07913953019533258,0.08364177906864481,0.08674332829248213,0.09204597696549428,0.09664827581376899,0.09954972508768131,0.10485237376069352,0.11455722133205537,0.12456221882830476,0.1329664167251543,0.13956971507267882,0.144872363745691,0.1514756620932156,0.1561780109164528,0.17458720630955166,0.17618800590895156,0.18959470255392571,0.1995997000501751,0.2068032982474747,0.22461219379079853,0.22461219379079853,0.23181579198809815,0.2446221887832973,0.24962468753142197,0.25462718627954667,0.2600298849275213,0.26463218377579606,0.26463218377579606,0.27463718127204545,0.27463718127204545,0.27463718127204545,0.27463718127204545,0.27463718127204545,0.27463718127204545,0.2780388804207702,0.28064017976979516,0.28064017976979516,0.2846421787682948,0.2856426785179198,0.2946471762645442,0.2946471762645442,0.2946471762645442,0.2946471762645442,0.2946471762645442,0.2896446775164195,0.2800398799200201,0.27463718127204545,0.27463718127204545,0.27463718127204545,0.24962468753142197,0.22501239369064854,0.22461219379079853,0.22461219379079853,0.22281129424147367,0.1995997000501751,0.1995997000501751,0.19719850065107533,0.18519250365557602,0.17638810585887657,0.17458720630955166,0.17458720630955166,0.17458720630955166,0.17458720630955166,0.16558270856292726,0.1495747125689282,0.1495747125689282,0.1495747125689282,0.15087536224344075,0.15087536224344075,0.1495747125689282,0.1495747125689282,0.1495747125689282,0.1495747125689282,0.1495747125689282,0.1495747125689282,0.1495747125689282,0.1495747125689282,0.1495747125689282
6423500,0.31157568694853555,0.31157568694853555,0.31157568694853555,0.31157568694853555,0.31157568694853555,0.31157568694853555,0.31157568694853555,0.31157568694853555,0.31157568694853555,0.31412540615433393,0.32432428297752636,0.32432428297752636,0.33707287900651717,0.33707287900651717,0.33707287900651717,0.33911265437115584,0.3625700710644988,0.3651197902702972,0.37531866709348966,0.38806726312248047,0.4008158591514713,0.40336557835726966,0.4135644551804621,0.4135644551804621,0.40285563451610995,0.3895970946459594,0.39877608378683277,0.40285563451610995,0.4135644551804621,0.4263130512094529,0.4380417595561247,0.4390616472384437,0.4390616472384437,0.4390616472384437,0.4390616472384437,0.4390616472384437,0.4390616472384437,0.4390616472384437,0.4390616472384437,0.4390616472384437,0.4390616472384437,0.4390616472384437,0.4390616472384437,0.448750580220477,0.46557872697874475,0.4752676599607777,0.5028046273833978,0.5028046273833978,0.5028046273833978,0.5168280830152876,0.5410504154703702,0.5578785622286382,0.5665476075283519,0.5665476075283519,0.6063232271388033,0.6940335678182601,0.6940335678182601,0.7195307598762417,0.7577765479632141,0.8215195281081682,0.8215195281081682,0.8470167201661498,0.8725139122241315,0.8852625082531224,0.8980111042821132,0.9005608234879116,0.910759700311104,0.9235082963400948,0.9235082963400948,0.938806611574884,0.9490054883980764,0.9490054883980764,0.9490054883980764,0.9490054883980764,0.9490054883980764,0.9515552076038748,0.9643038036328656,0.9872512764850488,0.9999998725140397,0.9999998725140397,0.9999998725140397,0.9999998725140397,0.9999998725140397,0.9999998725140397,0.9898009956908472,0.9999998725140397,0.9770523996618564,0.9643038036328656,0.9515552076038748,0.9490054883980764,0.9260580155458932,0.910759700311104,0.8878122274589207,0.8750636314299299,0.8725139122241315,0.862315035400939,0.8597653161951406,0.8597653161951406,0.8597653161951406,0.834268124137159,0.834268124137159,0.834268124137159,0.834268124137159,0.8215195281081682,0.8087709320791774,0.7730748631980033,0.7577765479632141,0.7322793559052325,0.7067821638472509,0.7067821638472509,0.6940335678182601,0.6899540170889831,0.6812849717892693,0.6812849717892693,0.6812849717892693,0.6812849717892693,0.6812849717892693,0.6812849717892693,0.6756755895365133,0.6687913476808582,0.6685363757602785,0.6547678920489686,0.6547678920489686,0.6481386221138932,0.6481386221138932,0.6438040994640363,0.6251911492617096,0.6328403068791043,0.6328403068791043,0.6328403068791043,0.6175419916443151,0.5935746311098125,0.5935746311098125,0.5935746311098125,0.5920447995863335,0.5910249119040143,0.6188168512472142,0.6371748295289611,0.6448239871463555,0.6448239871463555,0.6432941556228765,0.6486485659550527,0.6611421900634638,0.6621620777457831,0.6621620777457831,0.6621620777457831,0.6448239871463555,0.6369198576083811,0.6302905876733059,0.6175419916443151,0.6175419916443151,0.6211115985324328,0.6302905876733059,0.6211115985324328,0.6165221039619959,0.6098928340269207,0.6088729463446013,0.6088729463446013,0.5922997715069133,0.581845922763141,0.5792962035573427,0.530596566726598,0.5160631672535483,0.49745021705122183,0.47424777227845843,0.4609892324083079,0.43498209650916675,0.4204486970361172,0.380673077425666,0.3625700710644988,0.31718506920129164,0.28505860720823484,0.2585415274679338,0.2455379595183632,0.22284545858675953,0.2103518344783485,0.1664966641386201,0.12646607260758883,0.10759815048468246,0.07164710968292855,0.0566037663687192,0.04385517033972838,0.031106574310737566,0.018612950202326603,0.0071392137762349775,0.0,0.0071392137762349775,0.018612950202326603,0.018357978281746748,0.014278427552469773,0.018357978281746748,0.01937786596406608,0.031106574310737566,0.031106574310737566,0.031616518151897276,0.03901070384871193,0.041815394975089897,0.04385517033972838,0.04920958067190455,0.04487505802204771,0.04920958067190455,0.06221314862147522,0.06935236239771002,0.08108107074438159,0.08363078995017979,0.08669045299713761,0.09382966677337241,0.09484955445569165,0.0963793859791706,0.10759815048468246,0.10963792584932096,0.1183069711490348,0.12060171843425314,0.12213154995773201,0.1330953425426641,0.13462517406614305,0.13335031446324397,0.1330953425426641,0.12060171843425314,0.12060171843425314,0.1330953425426641,0.1330953425426641,0.1330953425426641,0.1310555671780256,0.12034674651367329,0.1310555671780256,0.1330953425426641,0.1330953425426641,0.1330953425426641,0.1310555671780256,0.1305456233368659,0.12034674651367329,0.12238652187831195,0.12034674651367329,0.12034674651367329,0.12034674651367329,0.13207545486034486,0.1330953425426641,0.14176438784237794,0.14584393857165492,0.1537480681096293,0.15757264691832648,0.15859253460064573,0.15910247844180544,0.16496683261514114,0.16930135526499807,0.17134113062963655,0.18408972665862738,0.19173888427602187,0.1968383226876182,0.199897985734576,0.209586918716609,0.209586918716609,0.21366646944588608,0.22233551474559982,0.22794489699835585,0.23253439156879244,0.23508411077459063,0.24783270680358147,0.26058130283257225,0.2733298988615631,0.28250888800243645,0.2863334668111337,0.30571133277519985,0.31922484456593014,0.32457925489810613,0.33707287900651717,0.34472203662391177,0.3625700710644988,0.3625700710644988,0.37531866709348966,0.3819479370285648,0.3885772069636402,0.4008158591514713,0.401325802992631,0.4105047921335043,0.4135644551804621,0.4263130512094529,0.4288627704152511,0.4390616472384437,0.4395715910796034,0.4520652151880143,0.45435996247323274,0.46455883929642533,0.4711881092315005,0.47628754764309694,0.49260575056020517,0.4966853012894822,0.5035695431451372,0.5155532234123886,0.5288117632825391,0.5537990114993611,0.5708821301782088,0.5813359789219812,0.5920447995863335,0.6047933956153243,0.6129524970738784,0.6175419916443151,0.6302905876733059,0.6325853349585244,0.6430391837022967,0.6430391837022967,0.6496684536373719,0.6557877797312877,0.6557877797312877,0.657827555095926,0.6690463196014381,0.6715960388072362,0.6738907860924546,0.6812849717892693,0.6812849717892693,0.6817949156304289,0.6812849717892693,0.6812849717892693,0.6812849717892693,0.6812849717892693,0.6812849717892693,0.6812849717892693,0.68026508410695,0.6754206176159335,0.6675164880779592,0.6557877797312877,0.6430391837022967,0.6302905876733059,0.5945945187921319,0.5665476075283519,0.5665476075283519,0.5466597977231263,0.5410504154703702,0.5028046273833978,0.5028046273833978,0.46455883929642533,0.4390616472384437,0.4390616472384437,0.4263130512094529,0.4008158591514713,0.37557363901406937,0.37531866709348966,0.37531866709348966,0.349821475035508,0.32687400218332474,0.31157568694853555,0.31157568694853555,0.31157568694853555,0.31157568694853555,0.31157568694853555,0.31157568694853555,0.31157568694853555,0.31157568694853555,0.31157568694853555,0.31157568694853555,0.31157568694853555,0.31055579926621646,0.31157568694853555,0.31157568694853555,0.31157568694853555,0.31157568694853555,0.31157568694853555,0.31157568694853555,0.31157568694853555,0.31157568694853555,0.31157568694853555,0.31157568694853555,0.31157568694853555,0.31157568694853555,0.31157568694853555
6614800,0.0011709588162074761,0.0011709588162074761,0.0011709588162074761,0.0011709588162074761,0.0011709588162074761,0.0011709588162074761,0.0011709588162074761,0.0011709588162074761,0.0011709588162074761,0.0011709588162074761,0.0011709588162074761,0.0011709588162074761,0.0011709588162074761,0.0011709588162074761,0.0011709588162074761,0.0011709588162074761,0.0011709588162074761,0.0011709588162074761,0.0011709588162074761,0.0011709588162074761,0.0011709588162074761,0.0011709588162074761,0.0011709588162074761,0.0011709588162074761,0.0011709588162074761,0.0011709588162074761,0.0011709588162074761,0.0011709588162074761,0.0011709588162074761,0.00023419176324151472,0.00023419176324151472,0.0,0.0,0.0,0.0,0.0,0.0,0.0,0.0,0.0,0.0,0.0,0.0,0.0,0.0,0.0,0.0,0.0,0.0,0.0,0.0,0.0,0.0,0.0,0.0,0.0,0.0,0.0,0.0,0.0,0.0,0.0,0.0,0.0,0.0,0.0,0.0,0.0,0.0,0.0,0.0,0.0,0.0,0.0,0.0,0.0,0.0,0.0,0.0,0.0,0.0,0.00023419176324151472,0.0011709588162074761,0.0011709588162074761,0.0011709588162074761,0.0011709588162074761,0.0023419176324149522,0.0023419176324149522,0.0023419176324149522,0.0023419176324149522,0.003512876448622422,0.003512876448622422,0.003512876448622422,0.003512876448622422,0.003512876448622422,0.003512876448622422,0.003512876448622422,0.00374706821186393,0.004683835264829898,0.004683835264829898,0.004683835264829898,0.004683835264829898,0.004683835264829898,0.004683835264829898,0.004683835264829898,0.005854794081037374,0.005854794081037374,0.00702575289724485,0.00702575289724485,0.00702575289724485,0.008196711713452326,0.008196711713452326,0.009367670529659802,0.009367670529659802,0.010538629345867271,0.011709588162074748,0.012880546978282224,0.0140515057944897,0.015222464610697177,0.01639342342690465,0.01639342342690465,0.01779857400635363,0.018735341059319597,0.02107725869173455,0.022248217507942026,0.023419176324149502,0.025995285719805958,0.027166244536013434,0.030444929221394353,0.0327868468538093,0.036299723302431725,0.03770487388188072,0.04098355856726162,0.04800931146450648,0.0562060231779588,0.06323177607520365,0.06908657015624102,0.0749413642372784,0.08196711713452325,0.09836054056142791,0.12177971688557741,0.14168601676110448,0.16323165897932207,0.18290376709160766,0.21545642218217542,0.25058518666839963,0.28829006055028045,0.3316155367499569,0.36768106828914715,0.4154561879904123,0.46135777358574526,0.5316153025581938,0.5791562304962172,0.6379383630698324,0.6768141957679207,0.7189687131513898,0.7590155046656853,0.7892262421238382,0.8243550066100624,0.8711933592583615,0.9063221237445858,0.9297413000687351,0.9531604763928848,0.9648700645549595,0.9765796527170342,0.9889918161688335,0.9999988290411839,0.9999988290411839,0.9889918161688335,0.9765796527170342,0.9648700645549595,0.9531604763928848,0.9306780671217012,0.9161581778007285,0.8946125355825111,0.8711933592583615,0.8360645947721372,0.800935830285913,0.7714276681174848,0.730912493076706,0.7002333720920704,0.6721303605030907,0.6370015960168665,0.613582419692717,0.5838400657610472,0.5505848353807549,0.519905714396119,0.49648653807196946,0.47306736174781994,0.4524584865825685,0.4262290090995209,0.4032782163018545,0.3831377246630859,0.36768106828914715,0.35035087780927654,0.3325523038029229,0.3208427156408482,0.30702540160960007,0.28571395115462395,0.27611208886172267,0.2622947748304744,0.25058518666839963,0.2414517079019814,0.23442595500473648,0.22716601034425019,0.22037444921024685,0.21545642218217542,0.20374683402010066,0.20046814933471974,0.1920372458580259,0.1817328082754002,0.17704897301057024,0.1686180695338764,0.16510519308525398,0.15690848137180166,0.15690848137180166,0.15222464610697176,0.1451988932097269,0.1451988932097269,0.140515057944897,0.13348930504765216,0.13348930504765216,0.1276345109666148,0.12177971688557741,0.12177971688557741,0.11826684043695498,0.11007012872350265,0.11007012872350265,0.10889916990729517,0.10210760877329181,0.09836054056142791,0.09836054056142791,0.09836054056142791,0.09367670529659801,0.09133478766418306,0.0889928700317681,0.08665095239935315,0.08665095239935315,0.0843090347669382,0.08196711713452325,0.08079615831831577,0.0796251995021083,0.07751747363293487,0.07728328186969335,0.0749413642372784,0.07377040542107093,0.07259944660486345,0.07142848778865597,0.0702575289724485,0.06908657015624102,0.06908657015624102,0.06674465252382608,0.0655736937076186,0.06440273489141113,0.0622950090222377,0.06112405020603021,0.06088985844278871,0.05971889962658123,0.05737698199416628,0.0562060231779588,0.0562060231779588,0.055035064361751325,0.05386410554554385,0.05292733849257789,0.051756379676370416,0.051522187913128896,0.05035122909692142,0.04918027028071396,0.04824350322774799,0.047072544411540525,0.04590158559533304,0.04566739383209153,0.04449643501588405,0.043325476199676576,0.042388709146710626,0.0421545173834691,0.04098355856726162,0.04098355856726162,0.03981259975105415,0.03981259975105415,0.03864164093484667,0.03864164093484667,0.037470682118639194,0.037470682118639194,0.037470682118639194,0.036299723302431725,0.036299723302431725,0.036299723302431725,0.035128764486224255,0.035128764486224255,0.035128764486224255,0.03395780567001678,0.03395780567001678,0.0327868468538093,0.0327868468538093,0.031615888037601826,0.030444929221394353,0.030444929221394353,0.030444929221394353,0.029273970405186877,0.0281030115889794,0.0281030115889794,0.026932052772771924,0.026932052772771924,0.026932052772771924,0.026932052772771924,0.025761093956564448,0.025761093956564448,0.025761093956564448,0.025761093956564448,0.02459013514035697,0.023419176324149502,0.022482409271183543,0.022248217507942026,0.022248217507942026,0.02131145045497606,0.02107725869173455,0.019906299875527073,0.019906299875527073,0.018735341059319597,0.018735341059319597,0.017564382243112124,0.017564382243112124,0.01639342342690465,0.01639342342690465,0.015222464610697177,0.015222464610697177,0.0140515057944897,0.0140515057944897,0.012880546978282224,0.012880546978282224,0.012880546978282224,0.011709588162074748,0.010772821109108793,0.009367670529659802,0.009367670529659802,0.009367670529659802,0.009367670529659802,0.009367670529659802,0.009367670529659802,0.008196711713452326,0.008196711713452326,0.008196711713452326,0.008196711713452326,0.008196711713452326,0.00702575289724485,0.00702575289724485,0.005854794081037374,0.005854794081037374,0.005854794081037374,0.005854794081037374,0.005854794081037374,0.005854794081037374,0.004683835264829898,0.004683835264829898,0.004683835264829898,0.004683835264829898,0.004683835264829898,0.004683835264829898,0.003512876448622422,0.003512876448622422,0.003512876448622422,0.003512876448622422,0.003512876448622422,0.003512876448622422,0.003512876448622422
6620000,0.011764705659113748,0.011764705659113748,0.011764705659113748,0.010853889737117865,0.009867172488288951,0.009867172488288951,0.009867172488288951,0.009867172488288951,0.009867172488288951,0.009867172488288951,0.009867172488288951,0.010018975141954958,0.010815939073701377,0.011612903005447794,0.011764705659113748,0.011764705659113748,0.011764705659113748,0.011764705659113748,0.011764705659113748,0.011764705659113748,0.011764705659113748,0.011764705659113748,0.011764705659113748,0.012751422907942662,0.014003794800687048,0.015370018683680873,0.015370018683680873,0.015370018683680873,0.01540796934709739,0.015559772000763342,0.015559772000763342,0.015559772000763342,0.01745730517158814,0.019354838342412937,0.019354838342412937,0.019354838342412937,0.020113851610742868,0.021252371513237733,0.021859582127901685,0.02314990468406253,0.024895635201221376,0.02504743785488733,0.0252371911719698,0.026944971025712125,0.028083490928206993,0.028842504196536924,0.03074003736736172,0.03130929731860915,0.032637570538186514,0.03453510370901131,0.03798861407991246,0.03833017005066091,0.04098671648981564,0.0421252363923105,0.045768500080294115,0.047666033251118914,0.049715369075609694,0.051005691631770565,0.053510435417259285,0.05730550175890888,0.05920303492973368,0.06110056810055847,0.06345350923238122,0.06717267424719786,0.06869070078385767,0.07096774058884746,0.07817836663798165,0.08007589980880644,0.08576849932128083,0.08766603249210564,0.09184060546792022,0.09715369834622962,0.10284629785870401,0.10664136420035361,0.1085388973711784,0.1161290300544776,0.12561669590860158,0.12561669590860158,0.13510436176272556,0.14459202761684956,0.14838709395849914,0.16166982615427272,0.16356735932509753,0.16925995883757192,0.1787476246916959,0.18481973083833528,0.20151802274159347,0.21290322176654225,0.22049335444984144,0.22998102030396542,0.23795065962142956,0.24705881884138858,0.25844401786633736,0.26982921689128614,0.2800758960137401,0.3001897476244829,0.3115749466494317,0.32106261250355567,0.32979126508934986,0.3419354773826284,0.3533206764075772,0.3628083422617012,0.3707779815791654,0.38178367396994917,0.39886147250737236,0.41024667153232114,0.4197343373864451,0.4292220032405691,0.4311195364113939,0.4368121359238683,0.43946868236302306,0.44478177524133256,0.4481973349488171,0.4500948681196419,0.45768500080294106,0.4618595737787557,0.46907019982788983,0.47476279934036425,0.48462997182865325,0.48994306470696264,0.4975331973902618,0.5130929693910252,0.524098661781809,0.5282732347576236,0.5320683010992732,0.5449715266608818,0.553320672612511,0.5616698185641401,0.5753320573940784,0.5776090971990684,0.600379495248966,0.6079696279322652,0.6185958136888839,0.6474383178854208,0.6595825301786996,0.6736242756428031,0.6853889813019167,0.6998102334001852,0.7119544456934639,0.7332068172067018,0.7529411621832796,0.7662238943790532,0.8018975179905592,0.8371916349679005,0.862618579456953,0.8925996035559847,0.9210626011183566,0.9343453333141302,0.9567362247298627,0.9654648773156569,0.9798861294139255,0.9817836625847502,0.9924098483413691,0.9999999810246684,0.9984819544880084,0.9984819544880084,0.9939278748780291,0.9939278748780291,0.9848197156580699,0.9673624104864816,0.9537001716565432,0.9370018797532849,0.9286527338016558,0.9028462826784387,0.8542694335053237,0.8208728496988072,0.7943073853072601,0.7772295867698369,0.7540796820857744,0.740796949890001,0.7176470452059382,0.6990512201318555,0.6573054903737099,0.6250474264696881,0.5999999886148009,0.5624288318324699,0.5392789271484073,0.515370009196015,0.48994306470696264,0.47096773299871464,0.45275141455879664,0.43908917572885814,0.4311195364113939,0.42580644353308456,0.4178368042156203,0.41062617816648617,0.39962048577570236,0.39127133982407314,0.3874762734824236,0.3821631806041142,0.3760910744574748,0.364705875432526,0.3571157427492268,0.35142314323675244,0.345730543724278,0.3400379442118036,0.3290322518210198,0.32106261250355567,0.3077798803077821,0.30056925425864783,0.29297912157534867,0.2850094822578845,0.27362428323293575,0.2660341505496365,0.25654648469551256,0.24364325913390392,0.23225806010895517,0.21859582127901664,0.20531308908324306,0.19392789005829428,0.1825426910333455,0.1730550251792215,0.16546489249592233,0.15977229298344792,0.15218216030014875,0.14459202761684956,0.13738140156771536,0.12941176225025117,0.12371916273777678,0.11650853668864258,0.11043643054200321,0.10094876468787922,0.09753320498039461,0.09335863200458003,0.08387096615045604,0.07628083346715685,0.07058823395468246,0.06584440102762047,0.06045540682247804,0.05540796858808408,0.051612902246434486,0.047817835904784896,0.0440227695631353,0.04079696317273314,0.03833017005066091,0.036091080909087664,0.03305502783576797,0.03074003736736172,0.028538898889204963,0.02504743785488733,0.022998102030396577,0.021252371513237733,0.02018975293757587,0.01749525583500463,0.016888045220340705,0.015635673327596345,0.013700189493355034,0.011764705659113748,0.010550284429785877,0.007969639317464153,0.006413662117387833,0.004174572975814559,0.0029981024099032033,0.002277039804989762,0.0021252371513238084,0.0008349145951629334,0.00037950663416496484,0.00037950663416496484,0.00037950663416496484,0.00037950663416496484,0.00018975331708248242,3.7950663416501876e-05,0.0,3.7950663416501876e-05,0.00018975331708248242,0.00037950663416496484,0.00037950663416496484,0.00037950663416496484,0.00037950663416496484,0.00037950663416496484,0.00037950663416496484,0.0016698291903258398,0.002277039804989762,0.002277039804989762,0.0029981024099032033,0.0029981024099032033,0.0037191650148166175,0.004174572975814559,0.004174572975814559,0.004174572975814559,0.004174572975814559,0.004174572975814559,0.006072106146639357,0.006072106146639357,0.007362428702800231,0.007969639317464153,0.007969639317464153,0.007969639317464153,0.009867172488288951,0.009867172488288951,0.011764705659113748,0.015559772000763342,0.016242883942260294,0.01745730517158814,0.02018975293757587,0.02504743785488733,0.027324477659877118,0.031119544001526712,0.034914610343176306,0.03643263687983611,0.03848197270432692,0.0404933578654012,0.0440227695631353,0.0459203027339601,0.04629980936812506,0.047817835904784896,0.049715369075609694,0.049715369075609694,0.049715369075609694,0.051612902246434486,0.05199240888059948,0.053510435417259285,0.053510435417259285,0.05373813939775827,0.05373813939775827,0.05480075797342016,0.05540796858808408,0.05540796858808408,0.05540796858808408,0.05540796858808408,0.05540796858808408,0.05540796858808408,0.05540796858808408,0.05540796858808408,0.053510435417259285,0.053510435417259285,0.053510435417259285,0.051612902246434486,0.049715369075609694,0.049715369075609694,0.04804553988528388,0.04622390804129209,0.04561669742662813,0.0440227695631353,0.04364326292897033,0.04227703904597651,0.0421252363923105,0.0421252363923105,0.040645160519067185,0.04022770322148571,0.039354837962906314,0.03833017005066091,0.03833017005066091,0.03833017005066091,0.03757115678233098,0.03643263687983611,0.03643263687983611,0.03643263687983611,0.03453510370901131,0.03453510370901131,0.03453510370901131,0.032637570538186514,0.030929790684444187,0.03074003736736172,0.03074003736736172,0.03074003736736172,0.026944971025712125,0.02542694448905232,0.021252371513237733,0.015939278634928333,0.015559772000763342,0.015559772000763342,0.014041745464103536,0.013662238829938545,0.013662238829938545,0.011764705659113748
6622700,0.008316150488303238,0.008591064554032255,0.008591064554032255,0.008591064554032255,0.008591064554032255,0.008591064554032255,0.008591064554032255,0.008591064554032255,0.008591064554032255,0.008591064554032255,0.008591064554032255,0.008591064554032255,0.008591064554032255,0.008591064554032255,0.008591064554032255,0.008591064554032255,0.008591064554032255,0.008591064554032255,0.008591064554032255,0.008591064554032255,0.008591064554032255,0.008591064554032255,0.008591064554032255,0.008591064554032255,0.008591064554032255,0.008591064554032255,0.008591064554032255,0.008591064554032255,0.008591064554032255,0.008591064554032255,0.008591064554032255,0.008591064554032255,0.008591064554032255,0.008591064554032255,0.008591064554032255,0.008591064554032255,0.008591064554032255,0.008591064554032255,0.008591064554032255,0.008591064554032255,0.008281786230087096,0.008247421971870972,0.00797250790614194,0.00797250790614194,0.008591064554032255,0.008591064554032255,0.008591064554032255,0.008591064554032255,0.008591064554032255,0.008591064554032255,0.008591064554032255,0.008591064554032255,0.008591064554032255,0.008591064554032255,0.008591064554032255,0.008591064554032255,0.008591064554032255,0.008865978619761301,0.009450171009435477,0.009450171009435477,0.009450171009435477,0.009810995720704844,0.010137456173758058,0.010309277464838715,0.010309277464838715,0.010309277464838715,0.010309277464838715,0.010309277464838715,0.010481098755919356,0.011082473274701616,0.011168383920241937,0.011168383920241937,0.01159793714794354,0.012027490375645159,0.012027490375645159,0.01204467250475323,0.01273195766907581,0.013144328767669359,0.013745703286451603,0.013745703286451603,0.01384879606110001,0.014604809741854841,0.015463916197258063,0.015532644713690313,0.016323022652661286,0.01718212910806451,0.01804123556346773,0.018900342018870968,0.019759448474274192,0.020618554929677412,0.020618554929677412,0.020618554929677412,0.020618554929677412,0.021477661385080636,0.024054980751290318,0.02749140657290322,0.02920961948370967,0.02920961948370967,0.02920961948370967,0.02920961948370967,0.030927832394516113,0.036082471126935474,0.03780068403774192,0.03780068403774192,0.04295532277016127,0.046391748591774175,0.05103092345095163,0.05498281314580643,0.06357387769983869,0.06357387769983869,0.07216494225387093,0.07216494225387093,0.0807560068079032,0.08934707136193544,0.09123710556382253,0.0979381359159677,0.10652920046999996,0.11099655403809676,0.1151202650240322,0.12371132957806447,0.13281785800533874,0.1446735270899032,0.15652919617446767,0.16666665234822572,0.17989689176143545,0.19879723378030636,0.21529207772404832,0.2268041042264515,0.243986233334516,0.2596219708228547,0.28694155610467725,0.31477660525974177,0.3384879434288708,0.37611680617553217,0.41048106439166115,0.44501714389887076,0.4931271054014514,0.5360824281716127,0.5704466863877418,0.6048109446038707,0.6422679860594513,0.6735394610361288,0.7192439244635803,0.7628865323980643,0.8195875584546771,0.8539518166708061,0.8797250103329028,0.9054982039949996,0.9398624622111287,0.9656356558732254,0.9742267204272577,0.9999999140893544,0.9931270624461288,0.9828177849812899,0.9656356558732254,0.9415806751219352,0.9158074814598385,0.8711339457788706,0.8453607521167739,0.8109964939006449,0.7620274259426609,0.7164947838062901,0.6707903203788386,0.6285222827729998,0.5876288154958063,0.5446734927256449,0.5103092345095159,0.47989686598824177,0.4338487599786289,0.3953607907765644,0.3642611370909676,0.3384879434288708,0.30773193232543533,0.28453605802954823,0.25841922178529025,0.23539516878048375,0.21821303967241926,0.1924398460103225,0.1762886446487419,0.16512026072849992,0.1494845232401612,0.1323023941320967,0.12371132957806447,0.1151202650240322,0.10652920046999996,0.0979381359159677,0.08934707136193544,0.08333332617411288,0.0807560068079032,0.07560136807548383,0.07216494225387093,0.06907215901441936,0.06357387769983869,0.0594501667139032,0.05498281314580643,0.05171820861527417,0.047250855047177395,0.046391748591774175,0.04209621631475805,0.03797250532882256,0.03780068403774192,0.036082471126935474,0.03264604530532257,0.02938144077479031,0.02920961948370967,0.0285223343193871,0.02491408720669354,0.022336767840483857,0.020618554929677412,0.020618554929677412,0.019759448474274192,0.018900342018870968,0.01723367549538872,0.016099654974256448,0.015051545098664515,0.014226802901477417,0.013213057284101624,0.012027490375645159,0.011168383920241937,0.009965634882677417,0.009037799910841943,0.008419243262951613,0.007731958098629032,0.00747422616200807,0.006890033772333879,0.006099655833362908,0.00575601325120161,0.00515463873241935,0.0044845356972048386,0.004209621631475807,0.0034364258216129048,0.0030068725939112937,0.002577319366209682,0.001804123556346773,0.0017182129108064524,0.0017182129108064524,0.0014604809741854826,0.0013058418122129114,0.00085910645540323,0.00085910645540323,0.0005498281314580724,0.0003436425821612905,1.7182129108070246e-05,0.0,0.0,0.0,0.0,0.0,0.0,0.0,0.0,0.0,8.591064554032834e-05,0.0003436425821612905,0.0003780068403774233,0.0007216494225387139,0.00085910645540323,0.00085910645540323,0.00085910645540323,0.0011168383920241998,0.001512027361509678,0.0017182129108064524,0.002422680204237096,0.0028694155610467773,0.0034364258216129048,0.0034364258216129048,0.003608247112693546,0.0038659790493145237,0.004295532277016127,0.004518899955420964,0.005292095765283881,0.00575601325120161,0.006013745187822587,0.006013745187822587,0.006013745187822587,0.006718212481253238,0.0068728516432258096,0.007646047453088711,0.007731958098629032,0.007920961518817743,0.008591064554032255,0.008711339457788715,0.009450171009435477,0.01024054894840645,0.010309277464838715,0.011168383920241937,0.011168383920241937,0.012027490375645159,0.012886596831048381,0.013745703286451603,0.014398624192558059,0.014604809741854841,0.014931270194908053,0.015240548518853227,0.015463916197258063,0.015463916197258063,0.015395187680825798,0.015463916197258063,0.015463916197258063,0.016254294136229034,0.016323022652661286,0.016323022652661286,0.016323022652661286,0.016323022652661286,0.016323022652661286,0.016323022652661286,0.015652919617446776,0.015463916197258063,0.015463916197258063,0.015463916197258063,0.015463916197258063,0.015463916197258063,0.014604809741854841,0.014604809741854841,0.013745703286451603,0.013745703286451603,0.013745703286451603,0.013316150058750016,0.012886596831048381,0.012886596831048381,0.012886596831048381,0.012680411281751614,0.012216493795833871,0.012027490375645159,0.012061854633861285,0.012027490375645159,0.012027490375645159,0.012027490375645159,0.012027490375645159,0.012027490375645159,0.012027490375645159,0.012027490375645159,0.012027490375645159,0.012027490375645159,0.012027490375645159,0.012027490375645159,0.012027490375645159,0.012027490375645159,0.012027490375645159,0.012027490375645159,0.012027490375645159,0.012027490375645159,0.012027490375645159,0.012027490375645159,0.012027490375645159,0.012027490375645159,0.012027490375645159,0.012027490375645159,0.012027490375645159,0.012027490375645159,0.011890033342780658,0.011219930307566132,0.011168383920241937,0.010996562629161296,0.010515463014135496,0.010309277464838715,0.010309277464838715,0.010309277464838715,0.010309277464838715,0.009501717396759672,0.009450171009435477,0.009450171009435477,0.009450171009435477,0.009450171009435477,0.009450171009435477,0.009450171009435477
6623800,0.003084515635887858,0.003084515635887858,0.003084515635887858,0.003084515635887858,0.003084515635887858,0.003084515635887858,0.003084515635887858,0.003084515635887858,0.003084515635887858,0.003084515635887858,0.003084515635887858,0.003084515635887858,0.003084515635887858,0.003084515635887858,0.003084515635887858,0.003084515635887858,0.003084515635887858,0.002837754385016835,0.0025293028214280443,0.002467612508710289,0.0021591609451214982,0.0021591609451214982,0.0021591609451214982,0.0021591609451214982,0.0018507093815327191,0.0018507093815327191,0.0018507093815327191,0.001542257817943929,0.0012954965670729057,0.0009870450034841155,0.0009253546907663596,0.00030845156358879017,0.00030845156358879017,0.0,6.16903127177668e-05,6.16903127177668e-05,0.00030845156358879017,0.000370141876306557,0.0006785934398953362,0.0009253546907663596,0.0009253546907663596,0.0006785934398953362,0.000370141876306557,0.0006785934398953362,0.000370141876306557,0.0006785934398953362,0.0006785934398953362,0.0009253546907663596,0.0012338062543551388,0.001542257817943929,0.0016039481306616959,0.0018507093815327191,0.001912399694250486,0.0021591609451214982,0.0021591609451214982,0.002467612508710289,0.002837754385016835,0.003084515635887858,0.003084515635887858,0.003084515635887858,0.003084515635887858,0.003084515635887858,0.003084515635887858,0.003084515635887858,0.003084515635887858,0.003084515635887858,0.003084515635887858,0.003084515635887858,0.003084515635887858,0.003084515635887858,0.003084515635887858,0.003084515635887858,0.003084515635887858,0.003084515635887858,0.003084515635887858,0.003084515635887858,0.003084515635887858,0.003084515635887858,0.005305366893727123,0.006169031271775716,0.006169031271775716,0.006169031271775716,0.006169031271775716,0.006169031271775716,0.006169031271775716,0.006169031271775716,0.006169031271775716,0.006785934398953286,0.008019740653308436,0.009253546907663574,0.009253546907663574,0.009253546907663574,0.009870450034841143,0.012338062543551432,0.012338062543551432,0.012338062543551432,0.013263417234317792,0.01542257817943929,0.01542257817943929,0.01542257817943929,0.01850709381532715,0.019802590382400054,0.021591609451215008,0.021591609451215008,0.024676125087102863,0.024676125087102863,0.027760640722990722,0.03084515635887858,0.03392967199476644,0.0370141876306543,0.040098703266542156,0.043183218902430015,0.04626773453831787,0.05163479174476277,0.05909931958361137,0.06489820897908055,0.0740283752613086,0.08328192216897216,0.09413941720729743,0.10178901598429932,0.10487353162018717,0.11104256289196289,0.11721159416373861,0.1264651410714022,0.13571868797906575,0.14188771925084148,0.15731029743028077,0.16964835997383218,0.17914866813236682,0.1944478656863706,0.21900061014803793,0.24342997398426977,0.2658852478135334,0.2868599541375708,0.31462059486056154,0.36150523252605704,0.4016039357925992,0.4256631577525244,0.47563231105390774,0.521283142465048,0.5490437831880387,0.615052417796039,0.6539173148082259,0.6946329212019456,0.737199236977198,0.7772979402437402,0.8359037373256095,0.8648981843029555,0.9043799844423202,0.934608237674021,0.956199847125236,0.972239328431853,0.99074642224718,0.999383066027666,0.999383066027666,0.9999999691548437,0.9999999691548437,0.999383066027666,0.9876619066112923,0.9716224253046752,0.9444786877088622,0.9136335313499837,0.8704503124475537,0.8272670935451236,0.7711289089719645,0.7223935619249363,0.6785934398953287,0.6354102209928988,0.5928439052176463,0.5490437831880387,0.5064774674127862,0.47501540792673014,0.43800122029607585,0.41085748270026273,0.383096841977272,0.3553362012542813,0.33066007616717846,0.3084515635887858,0.28994446977345867,0.26835286032224365,0.25478099152433703,0.24059221959925292,0.22609499611058004,0.211104250120165,0.19747069100954065,0.1912399694250472,0.18198642251738362,0.17273287560972006,0.16656384433794433,0.16039481306616862,0.1542257817943929,0.15114126615850504,0.14774829895902838,0.1388032036149536,0.12954965670729005,0.12338062543551433,0.11665638134927879,0.11104256289196289,0.10795804725607504,0.10413324786757411,0.09845773909754044,0.09376927533099089,0.08982109531705444,0.08636643780486003,0.08328192216897216,0.07995064528221328,0.07655767808273664,0.0740283752613086,0.07094385962542074,0.06761258273866186,0.06477482835364502,0.06169031271775716,0.06076495802699081,0.058605797081869304,0.05558297175869921,0.05397902362803752,0.052436765810093586,0.049352250174205727,0.0491054889233347,0.04626773453831787,0.04509561859668049,0.043183218902430015,0.04164096108448608,0.040098703266542156,0.038618135761315994,0.0370141876306543,0.03608883293988794,0.03429981387107298,0.03392967199476644,0.03362122043117765,0.03084515635887858,0.03084515635887858,0.029673040417241198,0.027760640722990722,0.027760640722990722,0.026650215094071106,0.025293028214280432,0.024676125087102863,0.024676125087102863,0.024676125087102863,0.024120912272643052,0.02264034476741689,0.021591609451215008,0.021591609451215008,0.021591609451215008,0.021591609451215008,0.020666254760448647,0.019123996942504717,0.01850709381532715,0.01850709381532715,0.01850709381532715,0.01850709381532715,0.017643429437278545,0.01696483599738322,0.016409623182923407,0.01634793287020565,0.015792720055745835,0.01542257817943929,0.01542257817943929,0.01542257817943929,0.01542257817943929,0.01542257817943929,0.01542257817943929,0.01542257817943929,0.01542257817943929,0.01542257817943929,0.01542257817943929,0.01542257817943929,0.01542257817943929,0.01542257817943929,0.01542257817943929,0.01542257817943929,0.01542257817943929,0.01542257817943929,0.01542257817943929,0.01542257817943929,0.01542257817943929,0.01542257817943929,0.01542257817943929,0.01542257817943929,0.01542257817943929,0.01542257817943929,0.01542257817943929,0.01542257817943929,0.01542257817943929,0.01542257817943929,0.01542257817943929,0.01542257817943929,0.01542257817943929,0.01542257817943929,0.01542257817943929,0.01542257817943929,0.01542257817943929,0.01542257817943929,0.01542257817943929,0.01542257817943929,0.01542257817943929,0.01542257817943929,0.01542257817943929,0.01542257817943929,0.01542257817943929,0.015175816928568267,0.013263417234317792,0.012338062543551432,0.012338062543551432,0.012338062543551432,0.012338062543551432,0.012338062543551432,0.012338062543551432,0.012338062543551432,0.012338062543551432,0.012338062543551432,0.012338062543551432,0.01085749503832527,0.009253546907663574,0.009253546907663574,0.009253546907663574,0.009253546907663574,0.009253546907663574,0.009253546907663574,0.008945095344074784,0.008698334093203761,0.008389882529614971,0.008328192216897215,0.008328192216897215,0.007464527838848622,0.006785934398953286,0.006169031271775716,0.006169031271775716,0.006169031271775716,0.006169031271775716,0.006169031271775716,0.006169031271775716,0.006169031271775716,0.006169031271775716,0.006169031271775716,0.006169031271775716,0.006169031271775716,0.006169031271775716,0.006169031271775716,0.006169031271775716,0.006169031271775716,0.006169031271775716,0.006169031271775716,0.006169031271775716,0.006169031271775716,0.006169031271775716,0.006169031271775716,0.006169031271775716,0.006169031271775716,0.006169031271775716,0.006169031271775716,0.006169031271775716,0.006169031271775716,0.006169031271775716,0.006169031271775716,0.006169031271775716,0.006169031271775716,0.006169031271775716,0.005613818457315903,0.005552128144598147,0.004935225017420578,0.0043183218902429965,0.003763109075783194,0.0037014187630654274,0.0037014187630654274
6625000,0.057192373358884344,0.056083187936166616,0.056083187936166616,0.056083187936166616,0.057192373358884344,0.057192373358884344,0.05552859522480772,0.055459271135887854,0.055459271135887854,0.055459271135887854,0.055459271135887854,0.055459271135887854,0.055459271135887854,0.055459271135887854,0.055459271135887854,0.055459271135887854,0.055459271135887854,0.055459271135887854,0.055459271135887854,0.055459271135887854,0.05487001638006904,0.05372616891289136,0.05372616891289136,0.05372616891289136,0.05206239077881473,0.05199306668989486,0.05199306668989486,0.05199306668989486,0.05199306668989486,0.05199306668989486,0.05199306668989486,0.05206239077881473,0.05206239077881473,0.05199306668989486,0.05199306668989486,0.05233968713449416,0.052686307579093455,0.05372616891289136,0.05372616891289136,0.05372616891289136,0.053795493001811225,0.05414211344641052,0.05414211344641052,0.05448873389100982,0.05480069229114919,0.0552859609135882,0.055459271135887854,0.055459271135887854,0.055459271135887854,0.055459271135887854,0.055459271135887854,0.055632581358187494,0.057192373358884344,0.057192373358884344,0.057192373358884344,0.057954938337002826,0.05892547558188084,0.05892547558188084,0.05892547558188084,0.05892547558188084,0.05892547558188084,0.05892547558188084,0.060311957360278036,0.06065857780487734,0.06239168002787383,0.06239168002787383,0.06398613407303064,0.06422876838425012,0.06585788447386683,0.06585788447386683,0.06745233851902363,0.06759098669686332,0.06759098669686332,0.06932408891985982,0.06935875096431973,0.07105719114285632,0.07105719114285632,0.07105719114285632,0.0727902933658528,0.07292894154369255,0.0745233955888493,0.07625649781184579,0.0766031182564451,0.07798960003484229,0.07812824821268204,0.07972270225783878,0.08145580448083528,0.08180242492543459,0.08318890670383178,0.08512998119358786,0.08665511114982477,0.08866550972850072,0.09140381124083519,0.09327556164167139,0.09445407115330899,0.09691507630996403,0.09878682671080023,0.10017330848919742,0.10194107275665384,0.10398613337978972,0.10693240715888377,0.10970537071567815,0.11265164449477219,0.11785095116376168,0.12131715560975467,0.12651646227874416,0.13171576894773365,0.13518197339372665,0.14211438228571263,0.1490467911776986,0.15771230229268107,0.16637781340766356,0.17850952896863903,0.18890814230661798,0.19757365342160046,0.20623916453658295,0.21525129609616475,0.22564990943414373,0.23951472721811568,0.2582322312264778,0.2703639467874533,0.28422876457142526,0.300173305022993,0.3140381228069649,0.3275563201463376,0.34696706504389835,0.35701905793727806,0.37088387572125,0.39341420462020443,0.41975735840975126,0.44540727131009933,0.4769497317686356,0.5025996446689837,0.5337954846829206,0.5642980838076589,0.6058925371595748,0.6398613407303061,0.6727902829672396,0.7005199185351836,0.7389947878857056,0.7823223434606181,0.8266897603693283,0.8769497248362267,0.906412462627167,0.9265164484139264,0.9393414048641004,0.9500866386466789,0.9639514564306508,0.9812824786606158,0.9899479897755982,0.9999999826689778,0.9999999826689778,0.9958405373337863,0.9899479897755982,0.9639514564306508,0.9414211275316964,0.9192374190773412,0.890121301731,0.8499133301574815,0.8079722563609663,0.7573656714494684,0.7005199185351836,0.6620450491846612,0.6166377709421533,0.556325813581875,0.49913344022299067,0.46273829354006424,0.44194106686410634,0.4076256428487758,0.38544193439442065,0.35355285349128507,0.32478335658954327,0.2946273779094042,0.26412477878466595,0.22911611388013672,0.20138647831219278,0.18197573341463202,0.16637781340766356,0.15112651384529444,0.13552859383832597,0.11993067383135751,0.10821490280390117,0.09663777995428459,0.08835355132836137,0.08190641105881438,0.07625649781184579,0.06918544074202013,0.06585788447386683,0.05941074420431986,0.05372616891289136,0.05199306668989486,0.04769497317686357,0.04506065779790888,0.03986135112891939,0.0374350080167243,0.03327556268153274,0.031195840013936917,0.02946273779094042,0.0260658574338673,0.02551126472250841,0.024124782944111217,0.021421143476236693,0.019064124452961448,0.017331022229964955,0.015597920006968458,0.014072790050731563,0.013864817783971964,0.010433275382438907,0.010398613337978972,0.008700173159442413,0.008665511114982477,0.00811091840362361,0.007625649781184577,0.006967070936445917,0.006516464358466831,0.005615251202508661,0.005199306668989486,0.005199306668989486,0.005199306668989486,0.005199306668989486,0.005199306668989486,0.005199306668989486,0.004852686224390182,0.003674176712752578,0.003500866490452926,0.003466204445992991,0.003327556268153274,0.0027036394678745367,0.001837088356376289,0.0017331022229964954,0.001074523378257835,0.0007625649781184663,0.0006932408891985956,0.0006932408891985956,0.0003812824890592393,0.0003812824890592393,0.0006932408891985956,0.000554592711358879,0.0006932408891985956,0.000554592711358879,0.000346620444599304,0.00020797226675958733,0.000346620444599304,3.466204445993533e-05,0.0,0.0,0.0,0.0,0.0,0.00020797226675958733,0.000346620444599304,0.000554592711358879,0.001109185422717758,0.0017331022229964954,0.003466204445992991,0.003500866490452926,0.005199306668989486,0.005719237335888429,0.006932408891985982,0.006932408891985982,0.008665511114982477,0.008700173159442413,0.010398613337978972,0.011299826493937156,0.012374349872194977,0.014662044806550364,0.016187174762787273,0.018128249252543357,0.020797226675957944,0.022946273432473602,0.02599653334494743,0.027071056723205266,0.02946273779094042,0.031195840013936917,0.03351819699275223,0.03705372552766509,0.03958405477323996,0.043327555574912385,0.04679376002090537,0.04998266811121893,0.05199306668989486,0.055459271135887854,0.05892547558188084,0.06065857780487734,0.06239168002787383,0.06412478225087033,0.06585788447386683,0.06759098669686332,0.06932408891985982,0.07036395025365773,0.0727902933658528,0.07303292767707231,0.0745233955888493,0.07625649781184579,0.07625649781184579,0.07798960003484229,0.07972270225783878,0.0804159431470374,0.08103985994731613,0.08145580448083528,0.08145580448083528,0.08145580448083528,0.08218370741449384,0.08232235559233353,0.08232235559233353,0.08232235559233353,0.08218370741449384,0.08218370741449384,0.08232235559233353,0.08232235559233353,0.08152512856975515,0.08145580448083528,0.08145580448083528,0.08145580448083528,0.08076256359163668,0.08006932270243809,0.07972270225783878,0.07972270225783878,0.07972270225783878,0.07972270225783878,0.07802426207930221,0.07798960003484229,0.07798960003484229,0.07798960003484229,0.07653379416752523,0.07625649781184579,0.07625649781184579,0.07462738172222909,0.0745233955888493,0.0745233955888493,0.07299826563261237,0.0727902933658528,0.0720970524766542,0.07105719114285632,0.07105719114285632,0.06932408891985982,0.06932408891985982,0.06904679256418038,0.06759098669686332,0.06759098669686332,0.06585788447386683,0.06585788447386683,0.06585788447386683,0.06585788447386683,0.06429809247316996,0.06412478225087033,0.06412478225087033,0.06367417567289126,0.06329289318383201,0.06239168002787383,0.06239168002787383,0.06239168002787383,0.06239168002787383,0.061871749360974886,0.06090121211609685,0.06065857780487734,0.06065857780487734,0.06065857780487734,0.05986135078229896,0.05906412375972058,0.05892547558188084,0.05892547558188084,0.05892547558188084,0.05878682740404115,0.05771230402578329,0.05726169744780422
6630000,0.06083244364550457,0.06083244364550457,0.06083244364550457,0.06083244364550457,0.06083244364550457,0.06083244364550457,0.06083244364550457,0.06083244364550457,0.06083244364550457,0.06083244364550457,0.06083244364550457,0.06083244364550457,0.06083244364550457,0.060939167230847587,0.061899679498934476,0.062433297425649424,0.06254002101099244,0.06296691535236439,0.06296691535236439,0.06296691535236439,0.06296691535236439,0.06254002101099244,0.06296691535236439,0.06296691535236439,0.0630736389377074,0.06350053327907933,0.0630736389377074,0.06296691535236439,0.0630736389377074,0.06350053327907933,0.06467449271785225,0.06616862291265409,0.06616862291265409,0.06616862291265409,0.06616862291265409,0.0663820700833401,0.06776947669279895,0.06883671254622886,0.07043756632637371,0.07150480217980362,0.07150480217980362,0.07150480217980362,0.07171824935048962,0.07417289181337838,0.07598719276420923,0.07684098144695314,0.07684098144695314,0.07684098144695314,0.0795090710805279,0.08164354278738771,0.08217716071410266,0.08271077864081762,0.08484525034767743,0.08751333998125219,0.08751333998125219,0.09018142961482695,0.09188900698031482,0.09284951924840171,0.09284951924840171,0.09455709661388956,0.09658484473540638,0.09818569851555124,0.100853788149126,0.10352187778270076,0.10725720326970542,0.11099252875671009,0.1141942363169998,0.11579509009714467,0.11953041558414933,0.11953041558414933,0.12379935899786895,0.12753468448487362,0.13287086375202314,0.1355389533855979,0.14130202699411942,0.14685165343195494,0.156883670454196,0.1622198497213455,0.16755602898849503,0.17246531391427267,0.17449306203578943,0.17929562337622398,0.18356456678994362,0.18623265642351838,0.18943436398380809,0.19423692532424267,0.19690501495781743,0.20010672251810713,0.2049092838585417,0.21024546312569123,0.21611526031955572,0.21878334995313048,0.2273212367805697,0.23180362736497537,0.23959444909501362,0.24781216516642393,0.2540021331163173,0.25827107653003695,0.26414087372390144,0.27065101242982387,0.27705442755040327,0.2833511190856397,0.28815368042607425,0.2958377785707696,0.3068303078610976,0.3148345767618219,0.32337246358926114,0.3331910334408163,0.34375666838977237,0.3511205957784387,0.3565634986309312,0.3607257184593078,0.36446104394631246,0.3672358571652303,0.3716115241642929,0.3778014921141863,0.3861259317709396,0.3993596563534703,0.4076840960102236,0.4192102432272666,0.43372465083391326,0.4450373508802703,0.45570970941456934,0.4781216623365975,0.5144076813532141,0.5304162191546626,0.5570971154904103,0.5955176062138868,0.6264674459633541,0.6424759837648026,0.6542155781525317,0.6702241159539803,0.6851654179019988,0.7065101349705969,0.7225186727720455,0.7289220878926249,0.7395944464269241,0.7652081069092417,0.7758804654435407,0.8025613617792884,0.8356456732356156,0.8772678715193817,0.9039487678551293,0.9092849471222788,0.9263607207771574,0.9626467397937741,0.9733190983280732,0.985058692715802,0.9999999946638207,0.9999999946638207,0.9999999946638207,0.9999999946638207,0.985058692715802,0.963713975647204,0.9338313717511669,0.9050160037085592,0.8687299846919427,0.8292422581150359,0.8078975410464379,0.7812166447106903,0.7598719276420922,0.7331910313063446,0.6958377764362979,0.6744930593676998,0.6221985025496346,0.5955176062138868,0.5570971154904103,0.5261472757409431,0.49946637940519556,0.4770544264831674,0.4503735301474198,0.42625399985990403,0.3939167535009779,0.3636072552635685,0.3378868711959079,0.3165421541273098,0.2947705427173397,0.2818569888908379,0.27118463035653884,0.2551760925550903,0.23383137548649216,0.21728921975832863,0.21013873954034828,0.19914621025002024,0.19071504700792397,0.18516542057008847,0.1811099243270549,0.1736392733530455,0.1712913544754997,0.16179295537997362,0.15197438552841847,0.1479188892853848,0.14418356379838018,0.1410885798234334,0.13713980716574276,0.13404482319079608,0.1309498392158493,0.12572038353404283,0.12123799294963723,0.11696904953591762,0.11131269951273907,0.10789754478176343,0.10469583722147371,0.10138740607584094,0.09605122680869142,0.0907150475415419,0.08601920978645032,0.08217716071410266,0.07662753427626717,0.07171824935048962,0.06830309461951391,0.06456776913250924,0.06104589081619057,0.05763073608521486,0.05464247569561114,0.05026680869654854,0.04802561340434571,0.04599786528282892,0.043863393575969106,0.04162219828376629,0.039487726576906475,0.03788687279676162,0.035432230333872855,0.032764140700298094,0.030949839749467238,0.028281750115892474,0.025080042555602762,0.023479188775457904,0.02145144065394108,0.019850586873796223,0.01814300950830838,0.017075773654878477,0.015474919874733619,0.012913553826501842,0.012273212314443905,0.010672358534299048,0.008644610412782222,0.008004268900724285,0.008004268900724285,0.007470650974009333,0.006937033047294381,0.006403415120579428,0.005976520779207461,0.005336179267149524,0.005336179267149524,0.0048025613404345715,0.003842049072347651,0.0033084311456326987,0.003201707560289714,0.003201707560289714,0.0021344717068598096,0.0021344717068598096,0.001600853780144857,0.0005336179267149524,0.00010672358534299958,0.0,0.0,0.0005336179267149524,0.0011739594387729043,0.0021344717068598096,0.0022411952922027937,0.003201707560289714,0.0048025613404345715,0.006510138705922413,0.008004268900724285,0.010672358534299048,0.012913553826501842,0.014514407606646698,0.015474919874733619,0.016542155728163522,0.017609391581593428,0.01931696894708127,0.020811099141883144,0.022945570848742953,0.02411953028751584,0.02625400199437565,0.027748132189177523,0.02881536804260743,0.030416221822752287,0.030949839749467238,0.032550693529612096,0.034151547309756954,0.03532550674852984,0.036819636943331714,0.0379935963821046,0.039487726576906475,0.039487726576906475,0.04172892186910927,0.04375666999062609,0.04535752377077095,0.04802561340434571,0.05069370303792047,0.05400213418355321,0.05560298796369806,0.05763073608521486,0.05869797193864476,0.06029882571878962,0.06136606157221952,0.06264674459633543,0.06403415120579428,0.06616862291265409,0.06734258235142701,0.06990394839965876,0.07171824935048962,0.07257203803323352,0.07267876161857653,0.07321237954529149,0.07524012766680828,0.07630736352023819,0.07684098144695314,0.078441835227098,0.078441835227098,0.078441835227098,0.078441835227098,0.078441835227098,0.078441835227098,0.07801494088572607,0.078441835227098,0.07801494088572607,0.0773745993736681,0.0773745993736681,0.07684098144695314,0.07684098144695314,0.07684098144695314,0.07524012766680828,0.07438633898406438,0.07363927388666343,0.07257203803323352,0.07150480217980362,0.07150480217980362,0.07150480217980362,0.07065101349705971,0.06947705405828683,0.06883671254622886,0.06776947669279895,0.067235858766084,0.06616862291265409,0.06616862291265409,0.06616862291265409,0.06616862291265409,0.0641408747911373,0.06350053327907933,0.06296691535236439,0.06104589081619057,0.06083244364550457,0.06083244364550457,0.06083244364550457,0.06083244364550457,0.06083244364550457,0.06083244364550457,0.06083244364550457,0.06040554930413263,0.058164354011929806,0.058164354011929806,0.056776947402470954,0.05656350023178495,0.05656350023178495,0.056776947402470954,0.05773745967055787,0.058164354011929806,0.058164354011929806,0.058164354011929806,0.058164354011929806,0.058164354011929806,0.058164354011929806,0.058164354011929806
6635000,0.060579453003535864,0.060579453003535864,0.060579453003535864,0.060579453003535864,0.060579453003535864,0.060579453003535864,0.060579453003535864,0.060579453003535864,0.060579453003535864,0.060579453003535864,0.060579453003535864,0.060579453003535864,0.060579453003535864,0.060579453003535864,0.060579453003535864,0.060579453003535864,0.060579453003535864,0.060579453003535864,0.060579453003535864,0.060579453003535864,0.060579453003535864,0.06101843454703975,0.061106230855740525,0.062071990251449084,0.06277436072105527,0.06321334226455917,0.0641791016602677,0.0649692684385747,0.0649692684385747,0.0649692684385747,0.06505706474727549,0.06584723152558246,0.066812990921291,0.06935908387361353,0.06935908387361353,0.06935908387361353,0.07374889930865236,0.07374889930865236,0.07603160333487256,0.07813871474369119,0.07813871474369119,0.08077260400471449,0.08252853017873002,0.08586478990935956,0.08691834561376885,0.08691834561376885,0.08955223487479215,0.09130816104880768,0.09569797648384651,0.09798068051006671,0.10008779191888534,0.10412642211912107,0.10447760735392417,0.108867422788963,0.11194029359349018,0.11545214594152124,0.11764705365904066,0.11843722043734768,0.12203686909407949,0.12642668452911832,0.1273046476161261,0.13037751842065326,0.13283581506427505,0.1395961308342348,0.14398594626927363,0.14837576170431246,0.1527655771393513,0.15908691136580722,0.1703248388795066,0.1834942851846231,0.194556620080921,0.20983317779485608,0.21861280866493374,0.23178225497005023,0.2405618858401279,0.2537313321452444,0.2743634646899269,0.2800702247554774,0.28665494790803564,0.3020193019306715,0.31992974890563003,0.341527640846021,0.3591746988948771,0.367866533456254,0.3840210542571969,0.3947322039186916,0.41176468780664227,0.41615450324168113,0.43371376498183645,0.43371376498183645,0.4424933958519141,0.45127302672199177,0.45566284215703057,0.4644424730271082,0.47322210389718594,0.47761191933222474,0.4820017347672636,0.4863915502023024,0.4916593287243491,0.4995609965074189,0.5039508119424577,0.5083406273774965,0.5171202582475742,0.521510073682613,0.5267778522046597,0.5346795199877296,0.5434591508578072,0.5478489662928461,0.5566285971629237,0.5618963756849704,0.5706760065550481,0.5794556374251257,0.5917471206432344,0.5961369360782732,0.597014899165281,0.6093063823833897,0.6145741609054364,0.6312554595585839,0.6400350904286616,0.6488147212987392,0.653204536733778,0.6663739830388945,0.6707637984739333,0.6751536139089722,0.6839332447790498,0.6892010233010966,0.6927128756491275,0.6935908387361354,0.6979806541711742,0.7146619528243217,0.7243195467814072,0.7374889930865236,0.7462686239566013,0.7550482548266789,0.77436344274085,0.7989464091770672,0.8208954863522613,0.8428445635274554,0.8779630870077662,0.8902545702258748,0.9043019796179991,0.9209832782711467,0.9525899494034262,0.9789288420136592,0.9850745836227138,0.9964881037538145,0.9999999561018457,0.9999999561018457,0.9859525467097217,0.9745390265786203,0.956979764838465,0.9262510567931932,0.8902545702258753,0.8604038252676107,0.8200175232652536,0.7945565937420284,0.75856010717471,0.7453906608695935,0.6883230602140886,0.6444249058637004,0.6145741609054364,0.5759437850770948,0.5399472985097762,0.5013169226814346,0.47322210389718594,0.46093062067907725,0.41703246632868896,0.3819139428483783,0.3573309764121609,0.324231768031968,0.3006145609914591,0.2712905938853997,0.2502194797972134,0.22783142107851528,0.21861280866493374,0.20544336235981725,0.18788410061966193,0.17471465431454544,0.16163300431812974,0.1498682989522257,0.1388937603646286,0.12642668452911832,0.11843722043734771,0.108867422788963,0.10096575500589318,0.09973660668408224,0.09130816104880768,0.08279191910483238,0.07383669561735315,0.07330991776514846,0.06979806541711742,0.06935908387361353,0.0649692684385747,0.060579453003535864,0.05697980434680405,0.056189637568497035,0.05364354461617452,0.051799822133458205,0.04986830334204114,0.047410006698419375,0.047410006698419375,0.047410006698419375,0.04521509898089999,0.04302019126338054,0.04161545032416815,0.03863037582834171,0.03863037582834171,0.03424056039330288,0.029850744958264046,0.028270411401650087,0.025460929523225217,0.02282704026220192,0.021071114088186387,0.01852502113586387,0.01729587281405301,0.016681298653147554,0.01573309851917917,0.014618085398679303,0.01325724261381727,0.011852501674604844,0.01098331821846716,0.00893766422573907,0.007901667783069895,0.0060403860386134284,0.005267778522046598,0.004828796978542712,0.004161545032416813,0.0031606671132279646,0.0029323967106059433,0.0021949077175194153,0.00175592617401553,0.0006935908387361407,0.00030728708045272326,2.633889261023398e-05,0.0,2.633889261023398e-05,0.00015803335566139999,0.00030728708045272326,0.0005443371139448174,0.0010184371809290095,0.0013959613083423543,0.00175592617401553,0.0021949077175194153,0.0023441614423107384,0.003072870804527182,0.003511852348031064,0.003722563488912928,0.003968393153275102,0.004828796978542712,0.005496048924668623,0.006584723152558245,0.007041263957802284,0.007901667783069895,0.008349428957443856,0.009218612413581547,0.009657593957085427,0.009675153218825581,0.010746268184975063,0.011413520131100962,0.013169446305116487,0.014135205700825042,0.015803335566139793,0.016681298653147554,0.01887620637066697,0.021071114088186387,0.021071114088186387,0.021071114088186387,0.02247585502739882,0.025460929523225217,0.025460929523225217,0.025460929523225217,0.028533800327752393,0.029850744958264046,0.02993854126696482,0.033801578849798994,0.03424056039330288,0.03599648656731841,0.03863037582834171,0.04047409831105803,0.04302019126338054,0.04451272851129376,0.04609306206790772,0.047410006698419375,0.05048287750294655,0.051799822133458205,0.05267778522046596,0.0545215077031823,0.056189637568497035,0.056189637568497035,0.0570676006555048,0.05987708253392967,0.060579453003535864,0.060579453003535864,0.06286215702975607,0.0649692684385747,0.0649692684385747,0.06698858353869258,0.06935908387361353,0.07076382481282595,0.07374889930865236,0.07603160333487256,0.07813871474369119,0.07813871474369119,0.0793678630655021,0.08182615970912382,0.08252853017873002,0.08252853017873002,0.08384547480924166,0.08656716037896575,0.08656716037896575,0.08691834561376885,0.08691834561376885,0.08691834561376885,0.08735732715727274,0.08735732715727274,0.08691834561376885,0.08691834561376885,0.08691834561376885,0.08691834561376885,0.08691834561376885,0.08691834561376885,0.0852502157484541,0.08516241943975332,0.08516241943975332,0.08402106742664324,0.08252853017873002,0.08252853017873002,0.08252853017873002,0.08252853017873002,0.08252853017873002,0.08252853017873002,0.08252853017873002,0.08129938185691914,0.08121158554821836,0.07945565937420283,0.07822651105239198,0.07813871474369119,0.07813871474369119,0.07813871474369119,0.07769973320018729,0.07734854796538419,0.07559262179136868,0.07383669561735315,0.07374889930865236,0.07374889930865236,0.07374889930865236,0.07374889930865236,0.07225636206073917,0.07067602850412517,0.07067602850412517,0.06979806541711742,0.06935908387361353,0.06935908387361353,0.06935908387361353,0.06935908387361353,0.0672519724647949,0.06505706474727549,0.0649692684385747,0.0649692684385747,0.0649692684385747,0.0649692684385747,0.0649692684385747,0.0649692684385747,0.06277436072105527,0.061106230855740525,0.060579453003535864
6657000,0.0,5.6846119990463265e-06,7.10576499880775e-06,1.7053835997139293e-05,4.263458999284808e-05,7.674226198712509e-05,7.674226198712509e-05,7.674226198712509e-05,7.674226198712509e-05,8.8111485985219e-05,0.00013643068797711182,0.00014779991197520417,0.00014779991197520417,0.00015916913597329777,0.0002074883379651909,0.00021885756196328324,0.00023164793896113858,0.00028991521195136235,0.00028991521195136235,0.00029133636495112407,0.00030128443594945527,0.00030128443594945527,0.00029133636495112407,0.00028991521195136235,0.00028991521195136235,0.00029559982395040895,0.00032686518994516406,0.0003794478509363431,0.00042492474692871243,0.00042492474692871243,0.0004263458999284738,0.00043203051192752015,0.00043203051192752015,0.0004263458999284738,0.00037376323893729675,0.0003609728619394414,0.0003609728619394414,0.0003723420859375347,0.0003723420859375347,0.0003609728619394414,0.0003609728619394414,0.00030128443594945527,0.00029133636495112407,0.00029133636495112407,0.00028991521195136235,0.00028991521195136235,0.00028991521195136235,0.00028991521195136235,0.00028991521195136235,0.00028991521195136235,0.00028991521195136235,0.00029133636495112407,0.0003098113539480251,0.0003609728619394414,0.0003609728619394414,0.0003609728619394414,0.0003609728619394414,0.0003609728619394414,0.0003609728619394414,0.00037092093293777326,0.000412134369930858,0.000412134369930858,0.000412134369930858,0.00043203051192752015,0.00043203051192752015,0.00043203051192752015,0.00043203051192752015,0.00043203051192752015,0.00043203051192752015,0.00043203051192752015,0.00043203051192752015,0.00043203051192752015,0.00043203051192752015,0.00043203051192752015,0.00043203051192752015,0.00043203051192752015,0.00043203051192752015,0.00044624204192513726,0.0005030881619155993,0.0005030881619155993,0.0005030881619155993,0.0005030881619155993,0.0005030881619155993,0.0005030881619155993,0.0005030881619155993,0.0005030881619155993,0.0005883573419012954,0.0007162611118798365,0.0007233668768786448,0.0007873187618679153,0.0007930033738669622,0.0008583764118559943,0.0010715493618202315,0.0011511339298068807,0.0012136646617963898,0.0012847223117844685,0.0013557799617725473,0.0014211529997615803,0.001468051048753713,0.0016400105617248636,0.0017110682117129424,0.0017821258617010218,0.0019015027136809952,0.0021033064396471387,0.0022596332696209133,0.0023505870616056536,0.0024983869735808583,0.002705875311546049,0.002819567551526976,0.0029645251575026567,0.0031265365994754763,0.0034107671994277927,0.003558567111402997,0.0036438362913886932,0.003932330350340294,0.004269143611283787,0.004596008801228951,0.005192893061128814,0.005903469561009605,0.006258757810949999,0.006784584420861787,0.008035199060651975,0.008248372010616213,0.00875998709053038,0.009456352060413556,0.010195351620289578,0.011175947190125074,0.01195758133999394,0.012312869589934335,0.012867119259841348,0.013307676689767439,0.013648753409710217,0.014430387559579086,0.015140964059459876,0.015851540559340665,0.016562117059221455,0.01826750065893536,0.019404423058744617,0.021180864308446592,0.02268728648819387,0.02319890156810804,0.023539978288050815,0.024179497137943536,0.02651018805755252,0.0288266674471639,0.03077364705683726,0.03290537655647963,0.03469602933617923,0.03657195129586451,0.03669985506584307,0.03789362358564279,0.03907318057544489,0.039613218715354295,0.0401532568552637,0.04217129411492514,0.04319452427475348,0.04694636819412405,0.04919178993374735,0.05894089951211181,0.06394335807127256,0.06553504943100552,0.0705659310501615,0.08136669384834952,0.08435111514784886,0.0906041883467998,0.09756783804563153,0.10780013964391492,0.11959570954193602,0.14162358103824052,0.17232048583309065,0.20188046822813158,0.2372671779221949,0.29965579461172825,0.35380172390264447,0.4019788105945621,0.4399235956881963,0.49961202167818264,0.5749331306655464,0.6411588604544362,0.7086636279431111,0.7655097479335743,0.8024597259273754,0.830882785922607,0.8792019879145007,0.9303634959059177,0.9573654029013876,0.9715769328990034,0.9857884628966193,0.999999992894235,0.999999992894235,0.999999992894235,0.999999992894235,0.999999992894235,0.999999992894235,0.999999992894235,0.999999992894235,0.999999992894235,0.9943153808951889,0.9857884628966193,0.9857884628966193,0.9786826978978113,0.9786826978978113,0.9715769328990034,0.9715769328990034,0.9644711679001955,0.9644711679001955,0.9644711679001955,0.9573654029013876,0.9502596379025797,0.9431538729037718,0.936048107904964,0.928942342906156,0.9218365779073481,0.9090462009094941,0.9005192829109244,0.8934135179121165,0.8792019879145007,0.8720962229156928,0.8649904579168849,0.857884692918077,0.8436731629204612,0.8365673979216532,0.8223558679240375,0.8024597259273754,0.7939328079288058,0.7726155129323822,0.7584039829347664,0.7441924529371505,0.7299809229395348,0.7080951667432065,0.6718557652492861,0.6447117429538399,0.6194152195580838,0.5965346562619224,0.5779175519650457,0.5496366072697902,0.5163816270753693,0.48639529878039994,0.4454660923872665,0.40808976849353684,0.38407228279756617,0.357923067601953,0.34271673050450413,0.32026251310827114,0.29752406511208584,0.27748580781544757,0.2641269696176887,0.24991543962007295,0.23513544842255252,0.21197065452643873,0.18923220653025347,0.16521472083428274,0.14247627283809747,0.12073263194174533,0.11121090684334271,0.0977099533456077,0.09117264954670441,0.07696111954908862,0.06515133812106992,0.052801518553141746,0.044928330934462614,0.03984060319531615,0.035037106056122,0.03151264661671328,0.02878403285717106,0.02589909226765504,0.024406881617905385,0.023468920638062742,0.02153615255838699,0.020143422618620642,0.018693846558863827,0.017926423938992575,0.016562117059221455,0.01551046383939789,0.014430387559579086,0.013236619039779358,0.01252604253989857,0.011730196860032084,0.010948562710163215,0.010181140090291963,0.009683736540375408,0.009342659820432631,0.008745775560532765,0.008177314360628133,0.007964141410663896,0.007324622560771185,0.00696933431083079,0.0066140460608903945,0.006400873110926157,0.006045584860985762,0.005903469561009605,0.005491335191078747,0.00520710459112643,0.005121835411140737,0.004908662461176498,0.004689804899213215,0.004482316561248024,0.004328832037273774,0.0041270283113076294,0.003993439929330041,0.003871220771350545,0.0037219997063755784,0.0036466785973882153,0.0034875094614149177,0.003416451811426839,0.003292811500447581,0.003139326976473331,0.0030270558894921673,0.002911942496511478,0.002806777174529121,0.002705875311546049,0.002565181164569652,0.0024600158425872954,0.002279529411617575,0.0021629948656371255,0.002066356461653337,0.0019626122926707425,0.0019313469266759877,0.0018787642656848092,0.0018531835116891004,0.0017821258617010218,0.0017181739767117507,0.0016414317147246257,0.0016343259497258178,0.0015689529117367848,0.0014978952617487053,0.0014211529997615803,0.0013657280327708792,0.0013628857267713556,0.0013003549947818453,0.0012847223117844685,0.0012506146397901906,0.001190926213800205,0.0011426070118083103,0.00111560510481284,0.0010715493618202315,0.001004755170831437,0.0009408032858421661,0.0009294340618440734,0.0008583764118559943,0.0008100572098641006,0.0007873187618679153,0.0007290514888776911,0.0007162611118798365,0.0006452034618917574,0.0006452034618917574,0.0006182015548962875,0.0005741458119036783,0.0005741458119036783,0.0005457227519084473,0.0005030881619155993,0.0005030881619155993,0.0005030881619155993,0.0004334516649272819,0.00043203051192752015,0.0004206612879294275,0.0003851324629353884,0.0003609728619394414,0.0003496036379413491,0.00029133636495112407,0.00028991521195136235,0.00028991521195136235,0.00028423059995231597,0.0002245421739623302,0.00021885756196328324,0.00021885756196328324
6670500,0.03846152366864474,0.03846152366864474,0.03846152366864474,0.03846152366864474,0.03846152366864474,0.03538460177515323,0.013076918047339344,0.0084615352071018,0.01153845710059345,0.01153845710059345,0.01153845710059345,0.01153845710059345,0.01153845710059345,0.01153845710059345,0.016153839940830857,0.015384609467457842,0.016153839940830857,0.019999992307695388,0.0315384494082887,0.03461537130178022,0.03461537130178022,0.0315384494082887,0.030769218934915823,0.02769229704142417,0.019999992307695388,0.01923076183432237,0.015384609467457842,0.012307687573966329,0.012307687573966329,0.0084615352071018,0.01153845710059345,0.015384609467457842,0.015384609467457842,0.016153839940830857,0.01923076183432237,0.01923076183432237,0.030769218934915823,0.03538460177515323,0.03846152366864474,0.03846152366864474,0.03846152366864474,0.03846152366864474,0.03846152366864474,0.03846152366864474,0.04384613698225517,0.06538459023669603,0.06923074260356056,0.07384612544379797,0.07692304733728948,0.07692304733728948,0.0776922778106625,0.08076919970415401,0.08923073491125581,0.09615380917161213,0.11230764911244272,0.11538457100593423,0.11615380147930725,0.13076918047339248,0.15384609467457896,0.16230762988168076,0.17076916508878284,0.1923076183432237,0.1923076183432237,0.19769223165683414,0.20538453639056306,0.21307684112429198,0.2199999153846479,0.21384607159766514,0.21384607159766514,0.2169229934911565,0.2123076106509191,0.2123076106509191,0.20538453639056306,0.22076914585802132,0.2692306656805132,0.2769229704142428,0.30769218934915793,0.44615367455627936,0.5438459446746372,0.5769228550296711,0.6153843786983159,0.631538218639147,0.6538459023669606,0.6923074260356054,0.7007689612427072,0.7307689497042501,0.7307689497042501,0.7315381801776232,0.7499997115385725,0.7692304733728949,0.7807689304734882,0.8076919970415396,0.8161535322486414,0.8353842940829638,0.8461535207101843,0.8461535207101843,0.8499996730770489,0.8584612082841507,0.8815381224853376,0.8846150443788291,0.8861535053255751,0.9230765680474738,0.9615380917161186,0.9615380917161186,0.9899996192309157,0.9999996153847633,0.9999996153847633,0.9892303887575428,0.9699996269232204,0.9615380917161186,0.9615380917161186,0.9246150289942199,0.9230765680474738,0.9038458062131515,0.8846150443788291,0.8846150443788291,0.8807688920119646,0.8692304349113713,0.8584612082841507,0.8546150559172861,0.8469227511835574,0.8353842940829638,0.8307689112427266,0.8153843017752687,0.8076919970415396,0.8076919970415396,0.8076919970415396,0.8046150751480481,0.8007689227811836,0.7999996923078105,0.7923073875740818,0.7815381609468612,0.7769227781066239,0.7769227781066239,0.7776920085799967,0.7769227781066239,0.7769227781066239,0.7738458562131324,0.7692304733728949,0.7699997038462679,0.7692304733728949,0.7692304733728949,0.7692304733728949,0.7692304733728949,0.7661535514794033,0.7615381686391658,0.7615381686391658,0.7615381686391658,0.7615381686391658,0.7615381686391658,0.7615381686391658,0.7615381686391658,0.7615381686391658,0.7615381686391658,0.7615381686391658,0.7615381686391658,0.7615381686391658,0.7615381686391658,0.7615381686391658,0.7615381686391658,0.7692304733728949,0.7692304733728949,0.7692304733728949,0.7692304733728949,0.7692304733728949,0.7692304733728949,0.7692304733728949,0.7692304733728949,0.7692304733728949,0.7692304733728949,0.7692304733728949,0.7692304733728949,0.7692304733728949,0.7692304733728949,0.7692304733728949,0.7692304733728949,0.7692304733728949,0.7692304733728949,0.7692304733728949,0.7692304733728949,0.7692304733728949,0.7692304733728949,0.7692304733728949,0.7692304733728949,0.7692304733728949,0.7661535514794033,0.7692304733728949,0.7661535514794033,0.7623073991125389,0.7661535514794033,0.7692304733728949,0.7615381686391658,0.746922789645081,0.7423074068048434,0.7384612544379792,0.7315381801776232,0.7307689497042501,0.7307689497042501,0.7307689497042501,0.7307689497042501,0.7307689497042501,0.7307689497042501,0.7307689497042501,0.7307689497042501,0.723076644970521,0.716922801183538,0.716922801183538,0.7246151059172671,0.7123074183433008,0.7023074221894532,0.6923074260356054,0.6923074260356054,0.6923074260356054,0.6923074260356054,0.6923074260356054,0.6923074260356054,0.6923074260356054,0.6923074260356054,0.6923074260356054,0.6923074260356054,0.6923074260356054,0.6923074260356054,0.6923074260356054,0.6923074260356054,0.6923074260356054,0.6923074260356054,0.6923074260356054,0.6930766565089784,0.6999997307693344,0.7015381917160802,0.7084612659764362,0.7084612659764362,0.7084612659764362,0.7115381878699277,0.7115381878699277,0.7115381878699277,0.7115381878699277,0.7115381878699277,0.7115381878699277,0.7115381878699277,0.723076644970521,0.7269227973373856,0.7307689497042501,0.7307689497042501,0.7307689497042501,0.7307689497042501,0.7307689497042501,0.7307689497042501,0.7307689497042501,0.7307689497042501,0.7307689497042501,0.7307689497042501,0.7307689497042501,0.7307689497042501,0.7307689497042501,0.7307689497042501,0.7307689497042501,0.7307689497042501,0.7307689497042501,0.7307689497042501,0.7307689497042501,0.7307689497042501,0.7307689497042501,0.7199997230770295,0.7038458831361987,0.6923074260356054,0.6923074260356054,0.6653843594675539,0.6538459023669606,0.6538459023669606,0.6499997500000961,0.6269228357989092,0.5769228550296711,0.5461536360947554,0.5384613313610264,0.5307690266272973,0.49999980769238167,0.47307674112433024,0.4230767603550922,0.3846152366864474,0.3461537130178027,0.28076912278110666,0.23846144674559738,0.19615377071008824,0.1923076183432237,0.1346153328402566,0.11538457100593423,0.09615380917161186,0.08076919970415401,0.057692285502967115,0.03846152366864474,0.03461537130178022,0.026923066568051292,0.0230769142011869,0.0230769142011869,0.0230769142011869,0.019999992307695388,0.01923076183432237,0.01923076183432237,0.01923076183432237,0.01923076183432237,0.016153839940830857,0.01923076183432237,0.01923076183432237,0.01923076183432237,0.0230769142011869,0.0230769142011869,0.0230769142011869,0.026923066568051292,0.026923066568051292,0.030769218934915823,0.032307679881661715,0.03846152366864474,0.03846152366864474,0.03846152366864474,0.03846152366864474,0.03846152366864474,0.03846152366864474,0.03846152366864474,0.03846152366864474,0.03846152366864474,0.03846152366864474,0.03846152366864474,0.03846152366864474,0.03923075414201776,0.04230767603550927,0.04230767603550927,0.04230767603550927,0.04230767603550927,0.04230767603550927,0.04230767603550927,0.04230767603550927,0.04230767603550927,0.04230767603550927,0.03923075414201776,0.03846152366864474,0.03846152366864474,0.03846152366864474,0.03846152366864474,0.03846152366864474,0.03846152366864474,0.03846152366864474,0.03846152366864474,0.03846152366864474,0.03846152366864474,0.03846152366864474,0.03846152366864474,0.03846152366864474,0.03846152366864474,0.03846152366864474,0.03538460177515323,0.030769218934915823,0.019999992307695388,0.002307691420119045,0.0,0.0,0.0,0.013076918047339344,0.024615375147932793,0.030769218934915823,0.0315384494082887,0.019999992307695388,0.019999992307695388,0.02153845325444142,0.030769218934915823,0.0315384494082887
6712000,0.44011512616011994,0.43928628411462056,0.43928628411462056,0.43928628411462056,0.43928628411462056,0.4397007051373702,0.4442593363876163,0.45254775684260923,0.4600073352521027,0.4600073352521027,0.4695390187753446,0.4807283863895848,0.4807283863895848,0.4873591227535791,0.49564754320857185,0.4997917534360683,0.5014494375270668,0.5014494375270668,0.508494594913811,0.522170488664549,0.522170488664549,0.522170488664549,0.5308733301422915,0.5428915398020311,0.5428915398020311,0.5428915398020311,0.5561530125300196,0.5636125909395131,0.5739731165082543,0.5843336420769953,0.6050546932144774,0.6257757443519596,0.6464967954894416,0.650641005716938,0.6672178466269236,0.6779927932184145,0.6879388977644059,0.6962273182193986,0.7090743699246375,0.7252367898118736,0.7293810000393701,0.7368405784488635,0.7501020511768521,0.7501020511768521,0.7517597352678509,0.7670933131095874,0.7716519443598335,0.789886469360818,0.7940306795883141,0.8122652045892984,0.8176526778850438,0.8421035182272728,0.8677976216377503,0.8781581472064918,0.8951494091392268,0.9158704602767089,0.9262309858454499,0.9365915114141911,0.9573125625516731,0.9581414045971723,0.9618711938019192,0.9680875091431639,0.9987546648266373,0.9987546648266373,0.9999979278948863,0.9987546648266373,0.9987546648266373,0.9987546648266373,0.9987546648266373,0.9780336136891551,0.9763759295981566,0.9763759295981566,0.9676730881204143,0.9780336136891551,0.9780336136891551,0.9763759295981566,0.9676730881204143,0.9763759295981566,0.9780336136891551,0.9801057188029036,0.9780336136891551,0.9763759295981566,0.975961508575407,0.9693307722114128,0.965600983006666,0.9573125625516731,0.9573125625516731,0.9473664580056816,0.9452943528919338,0.93783477448244,0.9365915114141911,0.9328617222094442,0.9158704602767089,0.9021945665259709,0.8918340409572297,0.8794014102747405,0.8694553057287491,0.8503919386822657,0.8267699403855359,0.8193103619760422,0.8043912051570553,0.7915441534518164,0.7824268909513243,0.7778682597010782,0.7733096284508321,0.7708231023143342,0.7670933131095874,0.7517597352678509,0.7463722619721056,0.7293810000393701,0.7293810000393701,0.7173627903796304,0.7086599489018879,0.6879388977644059,0.6738485829909181,0.6639024784449267,0.6469112165121912,0.6324064807159541,0.6257757443519596,0.611271008555722,0.6050546932144774,0.5843336420769953,0.5636125909395131,0.5437203818475302,0.5346031193470382,0.522170488664549,0.5014494375270668,0.4910889119583258,0.4807283863895848,0.4807283863895848,0.47451207104834014,0.4430160733193673,0.43928628411462056,0.43928628411462056,0.4210517591136364,0.41856523297713844,0.40406049718090103,0.3874836562709153,0.3771231307021743,0.3609607108149382,0.35640207956469216,0.3460415539959511,0.3356810284272101,0.31951860853997405,0.31495997728972797,0.29258124206124725,0.2735178750147638,0.25528335001377955,0.24492282444503852,0.22793156251230315,0.21135472160231744,0.21135472160231744,0.2080393534203204,0.1972644068288297,0.19063367046483531,0.19063367046483531,0.18897598637383684,0.17820103978234614,0.1699126193273533,0.1636963039861086,0.14960598921262086,0.1367589375073819,0.12847051705238904,0.10774946591490693,0.10401967671016014,0.0895149409139228,0.08702841477742486,0.078739994322432,0.07045157386743917,0.06630736363994273,0.06257757443519596,0.054289153980203106,0.050144943752706776,0.04558631250246067,0.04558631250246067,0.04558631250246067,0.04185652329771393,0.035225786933719604,0.027351787501476398,0.024865261364978544,0.024865261364978544,0.024865261364978544,0.024865261364978544,0.024865261364978544,0.018648946023733907,0.012432630682489272,0.006630736363994278,0.004144210227496424,0.004144210227496424,0.004144210227496424,0.002072105113748212,0.0004144210227496424,0.0,0.0,0.0,0.0,0.0,0.0,0.0,0.004144210227496424,0.004144210227496424,0.004144210227496424,0.004144210227496424,0.004144210227496424,0.0045586312502460665,0.006216315341244636,0.008288420454992848,0.008288420454992848,0.008702841477742536,0.008702841477742536,0.008288420454992848,0.006630736363994278,0.006216315341244636,0.006216315341244636,0.006216315341244636,0.006216315341244636,0.008288420454992848,0.012432630682489272,0.016576840909985697,0.01906336704648355,0.02113547216023181,0.022793156251230334,0.022793156251230334,0.02320757727398002,0.022793156251230334,0.022793156251230334,0.024865261364978544,0.024865261364978544,0.024865261364978544,0.025694103410477922,0.025279682387728233,0.025279682387728233,0.027351787501476398,0.033568102842721124,0.03605462897921898,0.03605462897921898,0.03771231307021755,0.03771231307021755,0.03771231307021755,0.04392862841146214,0.04558631250246067,0.04558631250246067,0.04558631250246067,0.04558631250246067,0.04558631250246067,0.04558631250246067,0.04558631250246067,0.04558631250246067,0.04558631250246067,0.04558631250246067,0.04558631250246067,0.04558631250246067,0.04558631250246067,0.04558631250246067,0.04558631250246067,0.04558631250246067,0.04558631250246067,0.04558631250246067,0.04558631250246067,0.04558631250246067,0.04558631250246067,0.04558631250246067,0.04558631250246067,0.04765841761620888,0.050144943752706776,0.055946838071201675,0.06464967954894421,0.06630736363994273,0.06630736363994273,0.06630736363994273,0.06920831079919032,0.08122652045892986,0.08702841477742486,0.08702841477742486,0.09324473011866949,0.09780336136891561,0.10360525568741051,0.10774946591490693,0.1201820965973962,0.12847051705238904,0.12847051705238904,0.13468683239363363,0.14504735796237475,0.15209251534911872,0.1699126193273533,0.17820103978234614,0.19063367046483531,0.20513840626107285,0.21135472160231744,0.2225440892165579,0.23207577273979957,0.2527968238772817,0.2569410341047781,0.27144576990101554,0.2735178750147638,0.2801486113787581,0.29216682103849767,0.29423892615224584,0.30501387274373665,0.3133022931987295,0.31495997728972797,0.3215907136537223,0.3340233443362116,0.3356810284272101,0.3464559750187008,0.35308671138269515,0.35640207956469216,0.3605462897921886,0.3655193420651845,0.3733933414974276,0.3771231307021743,0.38126734092967074,0.3858259721799168,0.3874836562709153,0.3874836562709153,0.3874836562709153,0.3874836562709153,0.3874836562709153,0.38789807729366493,0.3920422875211613,0.3957720767259082,0.3957720767259082,0.3957720767259082,0.3961864977486578,0.39784418183965636,0.39784418183965636,0.39784418183965636,0.39784418183965636,0.39784418183965636,0.39784418183965636,0.39784418183965636,0.39784418183965636,0.39784418183965636,0.3961864977486578,0.3920422875211613,0.3920422875211613,0.39162786649841175,0.39162786649841175,0.3920422875211613,0.3941143926349096,0.38997018240741316,0.38955576138466347,0.38789807729366493,0.3858259721799168,0.3833394460434189,0.3833394460434189,0.3833394460434189,0.3833394460434189,0.3837538670661686,0.38541155115716713,0.38541155115716713,0.38541155115716713,0.3837538670661686,0.3858259721799168,0.38955576138466347,0.39162786649841175,0.3957720767259082,0.39784418183965636,0.3986730238851557,0.40240281308990244,0.4044749182036507,0.4082047074083974,0.4106912335448953,0.41856523297713844,0.41856523297713844,0.41856523297713844
6714215,0.00422297237852303,0.004926801108276866,0.004926801108276866,0.004926801108276866,0.004926801108276866,0.004757882213135951,0.00422297237852303,0.004082206632572265,0.004082206632572265,0.004082206632572265,0.003519143648769194,0.0033783779028184165,0.0033783779028184165,0.0033502247536282663,0.0033783779028184165,0.0032094590076775014,0.003096846410916887,0.0029560806649661223,0.002111486189261509,0.002111486189261509,0.001520270056268287,0.0015484232054584373,0.0014358106086978354,0.0014076574595076725,0.0014076574595076725,0.0014076574595076725,0.0014076574595076725,0.0011824322659864564,0.0014076574595076725,0.0014076574595076725,0.0014076574595076725,0.0014076574595076725,0.000844594475704601,0.00014076574595076475,8.445944757046386e-05,0.0001126125967606143,0.0,0.0002252251935212286,0.00014076574595076475,8.445944757046386e-05,0.0004786035362326202,0.0014076574595076725,0.002111486189261509,0.0018299546973599792,0.002111486189261509,0.002111486189261509,0.002111486189261509,0.0023930176811630508,0.0032376121568676516,0.006475224313735316,0.007038287297538388,0.007742116027292224,0.007882881773242988,0.007742116027292224,0.007319818789439917,0.007742116027292224,0.00816441326514453,0.00816441326514453,0.00816441326514453,0.0076013502813414595,0.007319818789439917,0.007319818789439917,0.00816441326514453,0.00844594475704606,0.009431304978701439,0.009853602216553733,0.010275899454406039,0.011542791167962948,0.010979728184159876,0.011120493930110654,0.011542791167962948,0.012387385643667561,0.01266891713556909,0.01266891713556909,0.01266891713556909,0.013034908075041096,0.013513511611273704,0.014076574595076776,0.014076574595076776,0.01421734034102754,0.01475225017564046,0.015061934816732141,0.015061934816732141,0.01708896155842321,0.019566438687156712,0.02134008708613639,0.023873870513250208,0.025337834271138192,0.02685810432740649,0.028856977919907385,0.032376121568676565,0.03778152621318608,0.040512381684630935,0.0435247686479774,0.04504503870424567,0.04898647959086718,0.05208332600178406,0.05543355075541233,0.061936928218337815,0.06615990059686083,0.07179053043489154,0.07179053043489154,0.0737612508782023,0.08586710502996832,0.08586710502996832,0.08980854591658981,0.09994367962504509,0.11064187631730348,0.11402025422012188,0.12302926196097107,0.12809682881519865,0.12809682881519865,0.13907655699935853,0.14217340341027543,0.15371619457823854,0.1562499780053522,0.1562499780053522,0.1562499780053522,0.17032655260042898,0.18074321780078575,0.18440312719550575,0.19847970179058252,0.19847970179058252,0.2125562763856593,0.2266328509807361,0.24070942557581287,0.24070942557581287,0.23873870513250223,0.2266328509807361,0.2266328509807361,0.22635131948883452,0.22635131948883452,0.2266328509807361,0.22635131948883452,0.22269141009411472,0.22635131948883452,0.2266328509807361,0.2266328509807361,0.2266328509807361,0.2125562763856593,0.19847970179058252,0.19847970179058252,0.19847970179058252,0.19566438687156723,0.18440312719550575,0.18440312719550575,0.1759571824384598,0.17032655260042898,0.17032655260042898,0.17032655260042898,0.17004502110852746,0.17004502110852746,0.16188060784338298,0.1562499780053522,0.1562499780053522,0.1562499780053522,0.1562499780053522,0.1562499780053522,0.1562499780053522,0.1562499780053522,0.1562499780053522,0.1562499780053522,0.1562499780053522,0.16188060784338298,0.17032655260042898,0.17652024542226283,0.17652024542226283,0.18440312719550575,0.18440312719550575,0.18440312719550575,0.19847970179058252,0.2125562763856593,0.2266328509807361,0.2443693349705329,0.2939188775452031,0.31109229855119674,0.32629499911387966,0.3628940930610793,0.38119364003467915,0.3955517461216574,0.41976345442518964,0.44791660361534297,0.47635128429739815,0.49352470530339176,0.5213963230016438,0.5951575738798461,0.6185246877076737,0.6432994589950087,0.6905967496344666,0.7390201662415308,0.7756192601887303,0.8127814171197331,0.8341778105042497,0.8623309596944032,0.8842904160627232,0.9006192425930121,0.9386259939997197,0.9586147299247283,0.9597408558923345,0.999999859234254,0.999999859234254,0.9960584183476325,0.9960584183476325,0.9867678791148818,0.9771958083902298,0.9557994150057131,0.9161034746475966,0.9389075254916212,0.9586147299247283,0.9557994150057131,0.9715651785521989,0.9771958083902298,0.9864863476229804,0.999999859234254,0.999436796250451,0.9980291387909435,0.9867678791148818,0.9867678791148818,0.9864863476229804,0.9847971586715714,0.9825449067363589,0.9847971586715714,0.9715651785521989,0.9656530172222667,0.9715651785521989,0.9597408558923345,0.9586147299247283,0.9484795962162731,0.9453827498053562,0.8924548293278676,0.8519142944940464,0.8319255585690375,0.7899773662757088,0.7446507960795616,0.7046733242295434,0.632882793794652,0.5430742478780621,0.48001119369211803,0.43749993841498613,0.40202697043539276,0.36739859693150384,0.33389634939522117,0.2688625747659664,0.21649771727228082,0.19847970179058252,0.1725788045356413,0.15484232054584451,0.13485358462083552,0.12809682881519865,0.11627250615533419,0.1126125967606142,0.10416665200356814,0.09994367962504509,0.09572070724652205,0.08586710502996832,0.08586710502996832,0.07882881773242993,0.07179053043489154,0.07179053043489154,0.07179053043489154,0.06418918015355016,0.05771395583981477,0.05771395583981477,0.05512386611432066,0.05489864092079943,0.05346283031210159,0.0499436866633324,0.048254497711923174,0.046452696163753346,0.043637381244738,0.04222972378523033,0.03975224665649681,0.03783783251156638,0.03648648135043901,0.034994364443360876,0.032319815270296266,0.030968464109168897,0.030940310959978734,0.030095716484274143,0.029842338141562754,0.029560806649661223,0.029335581456140007,0.02843468068205508,0.028124996040963388,0.027815311399871683,0.027139635819308023,0.027815311399871683,0.028124996040963388,0.02843468068205508,0.02837837438367478,0.029560806649661223,0.029560806649661223,0.029560806649661223,0.029786031843182452,0.029842338141562754,0.029786031843182452,0.029786031843182452,0.030574320020506765,0.030968464109168897,0.030968464109168897,0.032319815270296266,0.0324887341654372,0.03274211250814859,0.0324887341654372,0.032376121568676565,0.0320664369275849,0.032319815270296266,0.032319815270296266,0.031784905435683374,0.031784905435683374,0.031953824330824276,0.03192567118163411,0.03164413968973258,0.031193689302690123,0.030968464109168897,0.030968464109168897,0.0304898605729363,0.029560806649661223,0.029560806649661223,0.028265761786914166,0.02815314919015355,0.02815314919015355,0.02815314919015355,0.027505626758780027,0.026745491730645866,0.0257601315089905,0.025337834271138192,0.023930176811630507,0.022522519352122836,0.02134008708613639,0.01970720443310748,0.018552925316311183,0.017792790288177034,0.01689188951409212,0.016188060784338282,0.015484232054584449,0.015484232054584449,0.015484232054584449,0.015484232054584449,0.015118241115112455,0.015427925756204146,0.015484232054584449,0.015146394264302617,0.015146394264302617,0.014780403324830611,0.014780403324830611,0.014780403324830611,0.01475225017564046,0.014076574595076776,0.014076574595076776,0.013935808849125998,0.012950448627470633,0.01266891713556909,0.012387385643667561,0.011683556913913724,0.010979728184159876,0.010275899454406039,0.010135133708455275,0.010135133708455275,0.010135133708455275,0.010135133708455275,0.010135133708455275,0.010135133708455275,0.010135133708455275,0.010135133708455275,0.010135133708455275
6719505,0.0074633455338423875,0.0061384912970656276,0.005961844065495412,0.0061384912970656276,0.0061384912970656276,0.005961844065495412,0.005741035026032616,0.005696873218140051,0.005476064178677255,0.005476064178677255,0.005476064178677255,0.005476064178677255,0.005476064178677255,0.005476064178677255,0.005476064178677255,0.005476064178677255,0.005476064178677255,0.004195371749793061,0.0041512099419004946,0.003974562710330264,0.003488782823512123,0.0032679737840493267,0.0032679737840493267,0.0032679737840493267,0.0032679737840493267,0.0032679737840493267,0.0032679737840493267,0.0032679737840493267,0.0032679737840493267,0.0032679737840493267,0.0032679737840493267,0.0032679737840493267,0.0028705175130163004,0.0023847376261981585,0.001722310507809771,0.0011482070052065295,0.0010598833894213987,0.0010598833894213987,0.0010598833894213987,0.0010598833894213987,0.0010598833894213987,0.0010598833894213987,0.0010598833894213987,0.0010598833894213987,0.0010598833894213987,0.0006182653104958067,0.00044161807892559193,0.0,0.00022080903946279597,0.00044161807892559193,0.0006182653104958067,0.0010598833894213987,0.0010598833894213987,0.0010598833894213987,0.0010598833894213987,0.0010598833894213987,0.0010598833894213987,0.001722310507809771,0.001987281355165132,0.0029146793209088658,0.0032679737840493267,0.0032679737840493267,0.003488782823512123,0.005034446099751663,0.005476064178677255,0.005476064178677255,0.005564387794462386,0.006359300336528423,0.007286698302272156,0.007684154573305183,0.007684154573305183,0.009715597736362882,0.009892244967933112,0.009892244967933112,0.009892244967933112,0.011040451973139642,0.012100335362561039,0.012100335362561039,0.012541953441486632,0.014308425757188967,0.014308425757188967,0.014573396604544328,0.015854089033428522,0.016516516151816894,0.016516516151816894,0.016516516151816894,0.016516516151816894,0.017708884964915992,0.018724606546444825,0.019210386433262967,0.02093269694107275,0.02093269694107275,0.020976858748965318,0.023140787335700682,0.023140787335700682,0.02534887773032861,0.02534887773032861,0.027556968124956536,0.029765058519584466,0.03197314891421239,0.03334216495888172,0.03532944631404685,0.03687510959028639,0.03859742009809618,0.04058470145326131,0.04107048134007947,0.04522169128197996,0.04742978167660789,0.049637872071235815,0.054054052860491676,0.05661543771826007,0.06067832404437546,0.06509450483363131,0.06951068562288718,0.07375021918057283,0.07834304720139888,0.08346581691693569,0.08938349917453853,0.09468291612164556,0.10042395114767817,0.10660660425263636,0.11212683023920618,0.11614555475742902,0.12250485509395745,0.12917328808573378,0.13778484062478272,0.14237766864560877,0.1494435579084182,0.15562621101337637,0.166666662986516,0.17329093417039979,0.1821232957489115,0.1909556573274232,0.20862038048444664,0.22628510364147006,0.2461579171931214,0.26691396690262403,0.29252781548030793,0.3146087194265872,0.34110580416212233,0.3631867081084016,0.3901254109228623,0.42059705836872774,0.44311958039393257,0.46299239394558395,0.4894894786811191,0.5181946538112823,0.555732190519957,0.5892951645183016,0.6391980074368927,0.683801433408377,0.7213389701170517,0.7526938537207681,0.8039215508761361,0.8357180525587783,0.8661897000046439,0.900194292081914,0.9421480095798447,0.9602543508157937,0.9757109835781889,0.9818936366831471,0.9880762897881054,0.9973502694455428,0.9999999779190961,0.9999999779190961,0.9973502694455428,0.9973502694455428,0.9894011440248821,0.9796855462885194,0.9730612751046354,0.955396551947612,0.9333156480013329,0.9156509248443095,0.8931284028191044,0.8732555892674531,0.8343931983220015,0.8048047870339873,0.7738915215091963,0.7429782559844054,0.720897352038126,0.6970499757761445,0.6626037656199488,0.6400812435947439,0.6259494650691251,0.6056350334385483,0.588853546439376,0.5689807328877247,0.555732190519957,0.5336512865736778,0.5181946538112823,0.5000883125753331,0.4802154990236818,0.46740857473483977,0.4581345950774025,0.4493022334988908,0.43163751034186737,0.4183889679740998,0.40734851600096017,0.39189188323856466,0.3786433408707971,0.3631867081084016,0.34596360303030377,0.32785726179435476,0.31681680982121513,0.3079844482427034,0.29694399626956375,0.29031972508568,0.2859035442964241,0.2770711827179124,0.27265500192865655,0.2682388211394007,0.2616145499555169,0.25719836916626104,0.2527821883770052,0.2461579171931214,0.24394982679849347,0.24174173640386556,0.23953364600923763,0.2373255556146097,0.2373255556146097,0.23511746521998178,0.2307012844307259,0.22672672172039568,0.22407701324684212,0.21966083245758627,0.21568626974725605,0.2130365612737025,0.21082847087907455,0.2064122900898187,0.20420419969519077,0.19978801890593492,0.19757992851130698,0.19537183811667908,0.19139727540634882,0.1887475669327953,0.18477300422246504,0.1803568234332092,0.17770711495965563,0.17329093417039979,0.16931637146006956,0.16887475338114394,0.16445857259188806,0.16225048219726015,0.15783430140800428,0.15341812061874843,0.14900193982949259,0.1461314223164763,0.14237766864560877,0.140257901866766,0.1380056496642455,0.13575339746172502,0.13389860153023755,0.13222045283032036,0.13089559859354358,0.12912912627784123,0.12784843384895703,0.1267002268437505,0.12387387113862677,0.12250485509395745,0.12029676469932953,0.11808867430470159,0.11588058391007366,0.11367249351544574,0.1114644031208178,0.10925631272618988,0.10704822233156196,0.10488429374482658,0.1026320415423061,0.10046811295557072,0.09958487679771953,0.09821586075305024,0.0964493884373479,0.09600777035842231,0.09446210708218275,0.09344638550065393,0.09181239860862923,0.09159158956916645,0.08942766098243107,0.08836777759300969,0.08673379070098501,0.08496731838528267,0.08298003703011753,0.0809927556749524,0.07993287228553099,0.07834304720139888,0.0761791186146635,0.07392686641214304,0.0717187760175151,0.06951068562288718,0.06743508065193693,0.06708178618879646,0.06509450483363131,0.06354884155739177,0.06288641443900339,0.06067832404437546,0.06067832404437546,0.05847023364974753,0.05763115929978893,0.05626214325511961,0.054054052860491676,0.051845962465863746,0.049637872071235815,0.049284577608095355,0.04742978167660789,0.04522169128197996,0.04522169128197996,0.04301360088735203,0.04301360088735203,0.04168874665057527,0.04080551049272411,0.03930400902437711,0.03859742009809618,0.03859742009809618,0.03771418394024501,0.03638932970346825,0.03638932970346825,0.03440204834830312,0.034181239308840324,0.034181239308840324,0.033077194111526355,0.032414766993137986,0.03197314891421239,0.03179650168264216,0.029765058519584466,0.029765058519584466,0.02954424948012167,0.028881822361733298,0.027556968124956536,0.027556968124956536,0.027556968124956536,0.02733615908549374,0.025790495809254202,0.02534887773032861,0.02534887773032861,0.023803214454089054,0.022919978296237885,0.02093269694107275,0.02027026982268438,0.018724606546444825,0.018724606546444825,0.018724606546444825,0.017399752309668063,0.016516516151816894,0.016516516151816894,0.015854089033428522,0.014308425757188967,0.014087616717726173,0.012100335362561039,0.012100335362561039,0.012100335362561039,0.012100335362561039,0.012100335362561039,0.012100335362561039,0.012100335362561039,0.010996290165247075,0.009892244967933112,0.009892244967933112,0.009892244967933112,0.009892244967933112,0.009892244967933112,0.009892244967933112,0.008832361578511713,0.007684154573305183,0.007684154573305183,0.007684154573305183,0.007684154573305183
6730500,0.9728569112245449,0.9690473883220504,0.9690473883220504,0.9623807232426849,0.9547616774376958,0.9523807256236367,0.9514283448980131,0.9509521545352012,0.9523807256236367,0.9523807256236367,0.9499997738095776,0.9514283448980131,0.9509521545352012,0.9504759641723894,0.9499997738095776,0.9499997738095776,0.9499997738095776,0.9499997738095776,0.9499997738095776,0.9452378701814594,0.9404759665533412,0.935714062925223,0.9285712074830458,0.9285712074830458,0.9261902556689866,0.911904544784632,0.9047616893424548,0.9047616893424548,0.8999997857143366,0.8976188339002776,0.8904759784581002,0.8880950266440412,0.883333123015923,0.880952171201864,0.880952171201864,0.883333123015923,0.880952171201864,0.880952171201864,0.880952171201864,0.883333123015923,0.8857140748299822,0.8857140748299822,0.8880950266440412,0.8880950266440412,0.8880950266440412,0.8880950266440412,0.8857140748299822,0.8857140748299822,0.883333123015923,0.880952171201864,0.880952171201864,0.880952171201864,0.880952171201864,0.880952171201864,0.880952171201864,0.880952171201864,0.880952171201864,0.880952171201864,0.880952171201864,0.880952171201864,0.8785712193878048,0.8785712193878048,0.880952171201864,0.880952171201864,0.880952171201864,0.8785712193878048,0.8785712193878048,0.8785712193878048,0.8738093157596867,0.8595236048753322,0.857142653061273,0.857142653061273,0.8547617012472138,0.8357140867347412,0.8333331349206821,0.8261902794785049,0.8238093276644458,0.8238093276644458,0.8214283758503866,0.8214283758503866,0.8095236167800912,0.804761713151973,0.7714283877551457,0.7595236286848502,0.7452379178004956,0.7380950623583185,0.7380950623583185,0.7380950623583185,0.7285712551020821,0.7261903032880229,0.7238093514739639,0.6976188815193138,0.6809522188209003,0.6428569897959547,0.623809375283482,0.6190474716553639,0.6190474716553639,0.6023808089569502,0.5952379535147729,0.5928570017007138,0.5904760498866548,0.5761903390023002,0.5523808208617093,0.5285713027211183,0.5238093990930002,0.5047617845805275,0.4880951218821138,0.47619036281181837,0.4738094109977592,0.4523808446712274,0.4285713265306365,0.41666656746034103,0.4023808565759865,0.39523800113380925,0.39523800113380925,0.38095229024945465,0.35714277210886375,0.33095230215421373,0.30952373582768195,0.29761897675738647,0.285714217687091,0.2619046995465001,0.24047613321996825,0.23809518140590918,0.23809518140590918,0.23809518140590918,0.23809518140590918,0.2619046995465001,0.2619046995465001,0.27380945861679556,0.285714217687091,0.27380945861679556,0.285714217687091,0.30476183219956376,0.30952373582768195,0.33333325396827285,0.35714277210886375,0.38095229024945465,0.4285713265306365,0.4523808446712274,0.47619036281181837,0.49999988095240927,0.5404760617914138,0.5904760498866548,0.6190474716553639,0.6428569897959547,0.6666665079365457,0.6904760260771367,0.7142855442177275,0.7142855442177275,0.7142855442177275,0.7142855442177275,0.7142855442177275,0.7142855442177275,0.6904760260771367,0.6904760260771367,0.6666665079365457,0.6428569897959547,0.6190474716553639,0.571428435374182,0.5261903509070593,0.49999988095240927,0.4809522664399365,0.47619036281181837,0.4499998928571683,0.4047618083900456,0.3690475311791592,0.33333325396827285,0.30952373582768195,0.285714217687091,0.2619046995465001,0.23809518140590918,0.2190475668934364,0.21190471145125916,0.19047614512472733,0.17142853061225458,0.16666662698413642,0.15952377154195913,0.14523806065760458,0.1428571088435455,0.13095234977325004,0.12380949433107276,0.11833330515873687,0.1119047352607773,0.10809521235828275,0.10238092800454096,0.09523807256236366,0.08523807494331548,0.07857140986395002,0.07047617369614911,0.06666665079365457,0.06190474716553638,0.059523795351477296,0.0547618917233591,0.049999988095240915,0.044285703741499115,0.04190475192744001,0.04047618083900456,0.03714284829932182,0.03428570612245093,0.03333332539682729,0.030714278401362285,0.026428565136055925,0.02404761332199682,0.021428566326531832,0.01952380487528456,0.018809519331066827,0.016666662698413645,0.01571428197279001,0.014285710884354541,0.013333330158730904,0.011904759070295458,0.011190473526077726,0.010476187981860013,0.010476187981860013,0.010476187981860013,0.009523807256236375,0.009523807256236375,0.009523807256236375,0.009523807256236375,0.009523807256236375,0.009523807256236375,0.009523807256236375,0.008571426530612738,0.005238093990929996,0.0042857132653063585,0.0026190469954650085,0.0023809518140590832,0.0023809518140590832,0.001904761451247275,0.0002380951814059041,0.0004761903628118082,0.0,0.0002380951814059041,0.0014285710884354458,0.0023809518140590832,0.0023809518140590832,0.0023809518140590832,0.003095237358276817,0.0040476180839004545,0.004761903628118187,0.004761903628118187,0.004761903628118187,0.005952379535147729,0.0071428554421772705,0.008571426530612738,0.009523807256236375,0.010952378344671821,0.011666663888889555,0.011904759070295458,0.012857139795919096,0.012857139795919096,0.013809520521542733,0.014285710884354541,0.016666662698413645,0.018333328968254996,0.022380947052155473,0.024761898866214556,0.02714285068027364,0.028571421768709106,0.03214284948979773,0.035714277210886373,0.04047618083900456,0.042857132653063644,0.04595237001134046,0.049999988095240915,0.05261903509070592,0.057619033900230016,0.06047617607710093,0.0621428423469423,0.06571427006803092,0.07166664960317866,0.08095236167800912,0.09309521592971048,0.10238092800454096,0.11476187743764822,0.1328571112244973,0.1428571088435455,0.16428567517007733,0.1952380487528455,0.21428566326531825,0.23809518140590918,0.24285708503402734,0.2619046995465001,0.2833332658730319,0.29523802494332735,0.31190468764174106,0.33333325396827285,0.35714277210886375,0.3761903866213365,0.39285704931975013,0.4142856156462819,0.4285713265306365,0.4452379892290501,0.4523808446712274,0.4642856037415229,0.47619036281181837,0.4857141700680547,0.49999988095240927,0.49999988095240927,0.49999988095240927,0.5023808327664684,0.5238093990930002,0.5357141581632956,0.5476189172335911,0.5476189172335911,0.5785712908163593,0.6071427125850684,0.6190474716553639,0.6666665079365457,0.7142855442177275,0.7357141105442593,0.7547617250567321,0.780952195011382,0.7952379058957366,0.804761713151973,0.8333331349206821,0.8452378939909776,0.857142653061273,0.880952171201864,0.8999997857143366,0.911904544784632,0.9285712074830458,0.9309521592971048,0.9404759665533412,0.9452378701814594,0.9476188219955184,0.9499997738095776,0.9499997738095776,0.9523807256236367,0.9499997738095776,0.9523807256236367,0.9523807256236367,0.9547616774376958,0.9547616774376958,0.9523807256236367,0.9547616774376958,0.957142629251755,0.9642854846939322,0.9761902437642276,0.9761902437642276,0.9761902437642276,0.9761902437642276,0.9952378582767003,0.9976188100907594,0.9999997619048185,0.9999997619048185,0.9999997619048185,0.9999997619048185,0.9999997619048185,0.9999997619048185,0.9999997619048185,0.9999997619048185,0.9999997619048185,0.9999997619048185,0.9876188124717111,0.9761902437642276,0.9761902437642276,0.9761902437642276,0.9761902437642276,0.9761902437642276,0.9761902437642276,0.9761902437642276,0.9761902437642276,0.9761902437642276,0.9761902437642276
6741510,0.005223879749532826,0.004866968710744852,0.004866968710744852,0.004866968710744852,0.004866968710744852,0.004866968710744852,0.004866968710744852,0.004866968710744852,0.004866968710744852,0.004866968710744852,0.004866968710744852,0.004866968710744852,0.004866968710744852,0.004866968710744852,0.004866968710744852,0.004866968710744852,0.004347825381598741,0.004347825381598741,0.004347825381598741,0.0038286820524526225,0.003601556845951192,0.003601556845951192,0.003569110387879556,0.0034068780975213975,0.003277092265234868,0.003244645807163232,0.002595716645730584,0.0024659308134440546,0.001784555193939778,0.0016223229035816197,0.0016223229035816197,0.0016223229035816197,0.0016223229035816197,0.0016223229035816197,0.0016223229035816197,0.0016223229035816197,0.0016223229035816197,0.0016223229035816197,0.0013627512390085676,0.0007787149937191918,0.00022712520650142314,3.2446458071635996e-05,0.0,0.0,0.0,0.0,0.0,0.0,0.0,0.0,0.0,0.0,0.0,0.0,0.0,0.0,6.489291614326478e-05,0.0016223229035816197,0.0016223229035816197,0.0016223229035816197,0.0016223229035816197,0.0016547693616532485,0.0018170016520114211,0.002952627684518544,0.003244645807163232,0.003277092265234868,0.003926021426667516,0.004866968710744852,0.004866968710744852,0.004866968710744852,0.004866968710744852,0.0048994151688164875,0.005645683704464036,0.0073653459822605495,0.008111614517908091,0.00924724055041522,0.009733937421489711,0.009733937421489711,0.009733937421489711,0.009733937421489711,0.009733937421489711,0.009766383879561339,0.009961062627991134,0.010220634292564193,0.01077222407978194,0.011356260325071324,0.011356260325071324,0.011356260325071324,0.011421153241214588,0.012816350938294785,0.012978583228652942,0.012978583228652942,0.013140815519011109,0.013465280099727433,0.013692405306228856,0.014600906132234562,0.014957817171022509,0.015801425080884973,0.016255675493887803,0.0178455519393978,0.0178455519393978,0.0178455519393978,0.0178455519393978,0.018689159849260235,0.019467874842979415,0.02076573316584471,0.022712520650142655,0.02404282543107958,0.024821540424798755,0.026411416870308752,0.027579489360887506,0.027611935818959134,0.02975340205168688,0.031310832039125235,0.03251135098777563,0.034068780975213986,0.035691103878795594,0.03731342678237722,0.03893574968595884,0.04003892926039433,0.04188837737047739,0.042537306531910034,0.04487345151306757,0.04542504130028532,0.048280329610588965,0.04873458002359181,0.04915638397852303,0.05029201001103017,0.05204411874689832,0.05515897872177502,0.06168071679417313,0.06599609571770025,0.07112263609301815,0.07469174648089771,0.08157039559208377,0.10240102167407177,0.12491886357578462,0.15768978622813332,0.1917585672033473,0.22550288359784493,0.26022059373449175,0.29364044554827284,0.3393899514292746,0.3552887158843744,0.38384159898741094,0.40622965505683734,0.4364048610634553,0.45262809009927146,0.48377668984803857,0.5019467063681528,0.5337442352783524,0.5447760310227074,0.554185503863481,0.5986371514216171,0.6310836094932495,0.6635300675648819,0.6813756195042797,0.7121997546723303,0.7121997546723303,0.7284229837081465,0.7420504960982321,0.7744969541698645,0.7842308915913544,0.8095391288872275,0.8228421766965968,0.8354962953445335,0.8611289972211231,0.8841659824519821,0.8994158177456492,0.9081763614249899,0.9231017321379408,0.9231017321379408,0.9406228194966223,0.9555481902095732,0.9555481902095732,0.9717714192453892,0.9717714192453892,0.9782607108597159,0.9782607108597159,0.9879946482812054,0.9886435774426382,0.991563758669085,0.9999998377677096,0.9879946482812054,0.985398931635475,0.9717714192453892,0.9542503318867078,0.939324961173757,0.9231017321379408,0.9231017321379408,0.9231017321379408,0.9068785031021246,0.8906552740663084,0.8744320450304922,0.8692406117390311,0.858208815994676,0.8419855869588598,0.8264112870844764,0.8257623579230436,0.8095391288872275,0.8095391288872275,0.8095391288872275,0.7933158998514113,0.7722257021048503,0.7608694417797789,0.7491887168739915,0.7446462127439627,0.7446462127439627,0.7433483544210975,0.7284229837081465,0.7173911879637915,0.7128486838337631,0.7121997546723303,0.7121997546723303,0.7121997546723303,0.7121997546723303,0.7121997546723303,0.7121997546723303,0.6959765256365142,0.6959765256365142,0.6959765256365142,0.6907850923450531,0.679753296600698,0.679753296600698,0.679753296600698,0.668721500856343,0.6635300675648819,0.6544450593048249,0.6492536260133637,0.647631303109782,0.6492536260133637,0.6473068385290657,0.6362750427847107,0.6310836094932495,0.6181050262645965,0.6148603804574333,0.5824139223858009,0.5661906933499847,0.5337442352783524,0.5016222417874364,0.48507454817090384,0.4740427524265488,0.45262809009927146,0.43316021525629206,0.4039584029918229,0.3877351739560067,0.3715119449201906,0.3552887158843744,0.3390654868485582,0.322842257812742,0.29364044554827284,0.27417257070529344,0.26476309786452007,0.24918879799013663,0.24172611263366112,0.22550288359784493,0.20927965456202877,0.20765733165844713,0.18689159849260242,0.1768331964903964,0.1606099674545802,0.15574299874383535,0.14438673841876404,0.14438673841876404,0.1330304780936927,0.12816350938294785,0.12816350938294785,0.11518492615429489,0.11194028034713166,0.10739777621710314,0.10233612875792847,0.0989616971184787,0.09591173005974528,0.09247240550415226,0.08598311388982578,0.08111614517908092,0.07624917646833604,0.07164177942216426,0.0697598848540096,0.06489291614326471,0.0616482703361015,0.05846851744508153,0.05678130162535663,0.05515897872177502,0.053536655818193404,0.053536655818193404,0.053536655818193404,0.053536655818193404,0.053536655818193404,0.052011672288826694,0.051914332914611776,0.050616474591746514,0.05029201001103017,0.04769629336529959,0.047047364203866925,0.04477611213885268,0.04380271839670369,0.041109662376758206,0.040006482802322704,0.03786501656959497,0.03731342678237722,0.03718364095009069,0.035691103878795594,0.034295906181715415,0.034068780975213986,0.034068780975213986,0.03283581556849196,0.03140817141334013,0.030012973716259952,0.02920181226446913,0.028585329561108114,0.027579489360887506,0.027579489360887506,0.0267683279090967,0.02595716645730589,0.024334843553724266,0.024334843553724266,0.024334843553724266,0.023913039598793064,0.02339389626964693,0.022712520650142655,0.021998698572566748,0.02109019774656104,0.02109019774656104,0.020408822127056764,0.019467874842979415,0.019467874842979415,0.019305642552621256,0.018526927558902093,0.0178455519393978,0.0178455519393978,0.0178455519393978,0.017229069236036797,0.015087603003309052,0.014600906132234562,0.013822191138515384,0.012978583228652942,0.012978583228652942,0.01236210052529193,0.011680724905787646,0.011356260325071324,0.010220634292564193,0.009733937421489711,0.009149901176200334,0.008436079098624415,0.007624917646833602,0.0068462026531144245,0.0060025947432519895,0.004931861626888124,0.004866968710744852,0.004218039549312204,0.003569110387879556,0.003569110387879556,0.003569110387879556,0.003569110387879556,0.003569110387879556,0.003569110387879556,0.003569110387879556,0.003569110387879556,0.003569110387879556,0.003569110387879556,0.003569110387879556,0.003569110387879556,0.003569110387879556,0.003569110387879556,0.003569110387879556
6746095,0.0018181811570250354,0.0018181811570250354,0.0018181811570250354,0.0018181811570250354,0.0018181811570250354,0.0014545449256200284,0.0014545449256200284,0.0014545449256200284,0.0014545449256200284,0.0014545449256200284,0.0014545449256200284,0.0014545449256200284,0.0011636359404960308,0.0010909086942150212,0.0010909086942150212,0.0010909086942150212,0.0010909086942150212,0.0010909086942150212,0.0010909086942150212,0.0010909086942150212,0.0010909086942150212,0.0007272724628100142,0.0007272724628100142,0.0007272724628100142,0.0003636362314050071,0.0003636362314050071,0.0003636362314050071,0.0,0.0,0.0,0.0,0.0,0.0,0.0,0.0,0.0,0.0,0.0,0.0,0.0,0.0,0.0,0.0,0.0,0.0,0.0,0.0,0.0,0.0,0.0,0.0,0.0,0.0,0.0,0.0,0.0,0.0,0.0,0.0,0.0,0.0,0.0,0.0,0.0,0.0,0.0,0.0,0.0,0.0,0.0,0.0,0.0,0.0,0.0,0.0,0.0,0.0,0.0,0.0,0.0,0.0,0.0,0.0,0.0,0.0,0.0,0.0,0.0,0.0,0.0,0.0,0.0,0.0,0.0,0.0,0.0,0.0003636362314050071,0.0007272724628100142,0.0007272724628100142,0.0010909086942150212,0.0014545449256200284,0.0014545449256200284,0.0018181811570250354,0.0021818173884300424,0.0029090898512400525,0.003636362314050067,0.003636362314050067,0.003636362314050067,0.003636362314050067,0.0037818168066120817,0.005090907239670095,0.005890906948761119,0.006909088396695126,0.007999997090910147,0.008436360568596165,0.009818178247935183,0.01098181418843121,0.012727268099175236,0.014181813024795265,0.015999994181820295,0.01672726664463031,0.01789090258512634,0.01818181157025034,0.019636356495870366,0.02181817388430041,0.02341817330248245,0.02545453619835047,0.02836362604959053,0.029381807497524573,0.032727260826450603,0.03636362314050068,0.039999985454550746,0.04363634776860081,0.05090907239670094,0.06181815933885116,0.07214542831075337,0.08014542540166351,0.08785451350744967,0.10123632682315388,0.11330904970580015,0.1389817676429936,0.16959993832729517,0.19636356495870366,0.214545376528954,0.2363635504132544,0.26341808602978695,0.30181807206615563,0.3317816975339283,0.374545318347157,0.4181816661157578,0.4654543761984087,0.5243634456860198,0.5636361586777605,0.6210906832397518,0.7090906512397632,0.754181543933984,0.7927269844629148,0.8545451438017659,0.8749087727604467,0.9039996712728473,0.9439996567273977,0.963636013223268,0.9643632856860781,0.9999996363637687,0.9999996363637687,0.9999996363637687,0.9999996363637687,0.963636013223268,0.963636013223268,0.9272723900827673,0.8909087669422666,0.8909087669422666,0.8545451438017659,0.8181815206612653,0.8181815206612653,0.7818178975207646,0.7454542743802639,0.7090906512397632,0.6850906599670329,0.6589088513058724,0.6363634049587619,0.5999997818182612,0.5643634311405706,0.5636361586777605,0.5272725355372598,0.49818163702485924,0.49090891239675916,0.4545452892562585,0.4349089327603883,0.4181816661157578,0.4007271270083174,0.3818180429752571,0.37236350095872706,0.34545441983475644,0.3381816952066563,0.32363624595045604,0.31272715900830583,0.30181807206615563,0.2873453500562364,0.27512717268102815,0.26545444892565495,0.2589817240066459,0.24727263735540458,0.23839991330912247,0.23272718809920434,0.22909082578515425,0.21818173884300407,0.2109090142149039,0.20269083538515079,0.19825447336200974,0.19272720264465357,0.18545447801655343,0.17934538932894936,0.17338175513390724,0.17032721079010518,0.16363630413225305,0.15999994181820298,0.1537453986380369,0.14909085487605275,0.14516358357687872,0.14036358532233262,0.13534540532894354,0.13207267924629848,0.12727268099175237,0.12261813722976828,0.11905450216199921,0.11578177607935418,0.11018177811571704,0.10909086942150203,0.10232723551736894,0.09694541929257483,0.0897454219107557,0.08727269553720161,0.08130906134215954,0.07636360859505142,0.07272724628100136,0.06909088396695129,0.06545452165290121,0.06181815933885116,0.058181797024801085,0.058181797024801085,0.05643634311405705,0.05454543471075102,0.051490890366949,0.047709073560336906,0.04727271008265088,0.04727271008265088,0.04589089240331185,0.044072711246286825,0.04370907501488182,0.04363634776860081,0.04334543878347681,0.04269089356694781,0.04152725762645177,0.039999985454550746,0.039999985454550746,0.039999985454550746,0.039999985454550746,0.039999985454550746,0.039999985454550746,0.039345440238021744,0.038909076760335726,0.03970907646942675,0.039999985454550746,0.039999985454550746,0.039999985454550746,0.039999985454550746,0.039999985454550746,0.039999985454550746,0.039999985454550746,0.039999985454550746,0.039999985454550746,0.039999985454550746,0.039999985454550746,0.039999985454550746,0.039999985454550746,0.039999985454550746,0.03963634922314574,0.038327258790087734,0.0374545318347157,0.0374545318347157,0.03636362314050068,0.03636362314050068,0.03636362314050068,0.03607271415537668,0.032727260826450603,0.032727260826450603,0.029090898512400543,0.029090898512400543,0.02836362604959053,0.02545453619835047,0.02545453619835047,0.02545453619835047,0.02545453619835047,0.02545453619835047,0.02545453619835047,0.02341817330248245,0.02181817388430041,0.02181817388430041,0.02181817388430041,0.020436356204961398,0.019636356495870366,0.01927272026446536,0.01818181157025034,0.01818181157025034,0.01818181157025034,0.01818181157025034,0.01818181157025034,0.01818181157025034,0.01818181157025034,0.01818181157025034,0.01818181157025034,0.01818181157025034,0.017527266353721333,0.01672726664463031,0.01672726664463031,0.016436357659506313,0.015999994181820295,0.015709085196696306,0.015272721719010285,0.014981812733886293,0.014545449256200271,0.014545449256200271,0.014545449256200271,0.014545449256200271,0.014545449256200271,0.014545449256200271,0.014254540271076274,0.013454540561985251,0.012436359114051235,0.01170908665124122,0.010909086942150205,0.01018181447934019,0.01018181447934019,0.01018181447934019,0.01018181447934019,0.009818178247935183,0.009454542016530176,0.00909090578512517,0.00909090578512517,0.00909090578512517,0.008727269553720163,0.008363633322315154,0.007999997090910147,0.007636360859505141,0.007272724628100134,0.007272724628100134,0.007272724628100134,0.007272724628100134,0.007272724628100134,0.007272724628100134,0.007272724628100134,0.007272724628100134,0.006545452165290124,0.005890906948761119,0.005818179702480109,0.005818179702480109,0.005818179702480109,0.005818179702480109,0.005090907239670095,0.005090907239670095,0.004363634776860081,0.003636362314050067,0.003636362314050067,0.003636362314050067,0.003636362314050067
6746110,0.00441500908829621,0.00441500908829621,0.00441500908829621,0.00441500908829621,0.00441500908829621,0.00441500908829621,0.00441500908829621,0.00441500908829621,0.00441500908829621,0.003973508179466589,0.003973508179466589,0.0036203074524028965,0.0035320072706369675,0.0035320072706369675,0.0035320072706369675,0.0035320072706369675,0.0035320072706369675,0.0035320072706369675,0.0030905063618073465,0.0030905063618073465,0.0030905063618073465,0.002649005452977725,0.0022075045441481062,0.0022075045441481062,0.0022075045441481062,0.0022075045441481062,0.0022075045441481062,0.0022075045441481062,0.0022075045441481062,0.001766003635318485,0.001766003635318485,0.0013245027264888638,0.0013245027264888638,0.0013245027264888638,0.0008830018176592425,0.0008830018176592425,0.0008830018176592425,0.00044150090882962126,0.00044150090882962126,0.00044150090882962126,0.00044150090882962126,0.0,0.0,0.0,0.0,0.0,0.0,0.0,0.0,0.0,0.0,0.0,0.0,0.0,0.0,0.0,0.0,0.0,0.0,0.0,0.0,0.0,0.0,0.0,0.0,0.0,0.0,0.0,0.0,0.0,0.0,8.830018176593406e-05,0.00044150090882962126,0.00044150090882962126,0.00044150090882962126,0.0005298010905955554,0.0008830018176592425,0.0008830018176592425,0.0008830018176592425,0.0009713019994251766,0.0013245027264888638,0.0013245027264888638,0.0013245027264888638,0.001766003635318485,0.001766003635318485,0.001766003635318485,0.001766003635318485,0.0018543038170844167,0.0022075045441481062,0.0022075045441481062,0.0022075045441481062,0.0022075045441481062,0.0022075045441481062,0.0022075045441481062,0.0022075045441481062,0.0022075045441481062,0.0022075045441481062,0.0022075045441481062,0.002649005452977725,0.002649005452977725,0.002649005452977725,0.002649005452977725,0.002649005452977725,0.0030905063618073465,0.0030905063618073465,0.0030905063618073465,0.00441500908829621,0.00441500908829621,0.00441500908829621,0.0049448101788917625,0.006181012723614693,0.007505515450103557,0.0083885172677628,0.008918318358358355,0.0105960218119109,0.011037522720740522,0.011037522720740522,0.012362025447229386,0.01412802908254787,0.016423833808461907,0.017660036353184836,0.020397341987928495,0.021721844714417352,0.02481235107622471,0.027814557256266116,0.028697559073925356,0.03311256816222157,0.03355406907105119,0.03752757725051777,0.04194258633881399,0.04635759542711018,0.0507726045154064,0.055187613603702605,0.06101542560025361,0.06843264086859123,0.07284764995688744,0.08167766813347986,0.08653417813060568,0.09448119448953887,0.0993377044866647,0.11328913320568076,0.13024276810473814,0.14348779536962677,0.15999992935985463,0.16768204517349003,0.17686526407714612,0.18763788625258887,0.19673280497447912,0.20997783223936772,0.23178797713555097,0.25474602439469135,0.2792051747438523,0.30410582600184294,0.32503296908036694,0.3537305281542922,0.38145678522879245,0.39973492285433876,0.43046338610888035,0.47019846790354625,0.49668852243332345,0.5328915969573524,0.5814566969286107,0.6803529005064459,0.7439290313779111,0.7792491040842807,0.8233991949672429,0.8684322876678643,0.9222953985450785,0.9602644767044257,0.9999995584990912,0.9999995584990912,0.9999995584990912,0.9999995584990912,0.9894035366871805,0.9558494676161291,0.9558494676161291,0.9523174603454923,0.911699376733167,0.911699376733167,0.8684322876678643,0.867549285850205,0.8233991949672429,0.7792491040842807,0.7580570604604591,0.7350990132013187,0.7041939495832453,0.6909489223183567,0.6467988314353946,0.6035317423700917,0.5902867151052033,0.5673286678460628,0.5584986496694704,0.5540836405811742,0.5364236042279894,0.5240615787807601,0.5143485587865083,0.5143485587865083,0.5143485587865083,0.49668852243332345,0.47019846790354625,0.47019846790354625,0.47019846790354625,0.4534214333680206,0.4481234224620652,0.42163336793228795,0.4097128433938882,0.38790269849770487,0.3737746694151571,0.3562029332437382,0.33774819525466,0.32626917162509,0.32008815890147513,0.3068431316365865,0.30543032872833176,0.2980131134599941,0.29368640455346384,0.2897128963739973,0.2891830952834017,0.2869755907392536,0.26825595220487775,0.2603972360277104,0.25916103348298747,0.2582780316653282,0.2582780316653282,0.2582780316653282,0.2582780316653282,0.25757163021120083,0.25165551803288394,0.2494480134887358,0.24512130458220552,0.2446798036733759,0.23752748895033607,0.2362029862238472,0.2362029862238472,0.23178797713555097,0.2300219735002325,0.2287857709555096,0.22825596986491398,0.22825596986491398,0.22825596986491398,0.22781446895608437,0.22295795895895856,0.2101544326028996,0.20097121369924348,0.19072839261439625,0.17562906153242322,0.16706394390112858,0.14657830173143416,0.12856506465118558,0.12229575174580498,0.11805734302104061,0.10392931393849278,0.0993377044866647,0.09492269539836848,0.09448119448953887,0.08785868085709454,0.08609267722177606,0.07726265904518365,0.07726265904518365,0.07726265904518365,0.07452535341044003,0.05960262269199882,0.054481212149575235,0.0507726045154064,0.04635759542711018,0.04600439470004648,0.04326708906530285,0.04194258633881399,0.04194258633881399,0.03885207997700663,0.03752757725051777,0.0339955699798809,0.03311256816222157,0.03311256816222157,0.028697559073925356,0.028697559073925356,0.028697559073925356,0.028697559073925356,0.028697559073925356,0.028697559073925356,0.028256058165095736,0.028256058165095736,0.027461356529202428,0.026490054529777252,0.02481235107622471,0.024282549985629148,0.023841049076799528,0.023841049076799528,0.02163354453265142,0.020309041806162564,0.01986754089733294,0.01986754089733294,0.01942603998850332,0.01942603998850332,0.01863133835261001,0.018101537262014456,0.017660036353184836,0.017218535444355212,0.016865334717291527,0.016335533626695972,0.015894032717866352,0.015894032717866352,0.015894032717866352,0.015452531809036728,0.015452531809036728,0.015011030900207108,0.014569529991377492,0.014569529991377492,0.0142163292643138,0.01412802908254787,0.013774828355484183,0.01368652817371825,0.01368652817371825,0.013333327446654556,0.012803526356059006,0.012362025447229386,0.012008824720165697,0.011567323811336077,0.011479023629570142,0.011037522720740522,0.011037522720740522,0.011037522720740522,0.011037522720740522,0.011037522720740522,0.011037522720740522,0.011037522720740522,0.011037522720740522,0.011037522720740522,0.011037522720740522,0.011037522720740522,0.011037522720740522,0.011037522720740522,0.011037522720740522,0.011037522720740522,0.0105960218119109,0.0105960218119109,0.010242821084847214,0.010154520903081278,0.010154520903081278,0.010154520903081278,0.009713019994251658,0.009713019994251658,0.009359819267187975,0.009271519085422042,0.009271519085422042,0.008918318358358355,0.008476817449528733,0.008035316540699111,0.007152314723039869,0.006622513632444314,0.006622513632444314,0.005916112178316934,0.005739511814785071,0.00529801090595545,0.004856509997125832,0.004856509997125832,0.00441500908829621,0.00441500908829621,0.00441500908829621,0.00441500908829621,0.00441500908829621,0.00441500908829621,0.00441500908829621,0.00441500908829621,0.00441500908829621,0.00441500908829621
6752260,0.0063434523632327905,0.0063434523632327905,0.0063434523632327905,0.006434073111278979,0.006796556103463702,0.006796556103463702,0.0072043494696715235,0.007213411544476145,0.007249659843694618,0.007249659843694618,0.007340280591740807,0.007249659843694618,0.007249659843694618,0.006878114776705273,0.006878114776705273,0.006878114776705273,0.00672405950502676,0.00672405950502676,0.00672405950502676,0.006597190457762102,0.006597190457762102,0.006597190457762102,0.006597190457762102,0.006805618178268331,0.006805618178268331,0.007213411544476145,0.007249659843694618,0.007249659843694618,0.007249659843694618,0.007249659843694618,0.007249659843694618,0.0073221564421315725,0.007249659843694618,0.007249659843694618,0.007249659843694618,0.0072043494696715235,0.007059356272797635,0.006425011036474358,0.0063434523632327905,0.005890348623001874,0.005627548453667945,0.005509741481207909,0.005509741481207909,0.005446306957575579,0.005446306957575579,0.005437244882770962,0.005437244882770962,0.005029451516563145,0.004848210020470776,0.004531037402309135,0.0041051198864920785,0.003624829921847307,0.0031898503312256295,0.0031717261816163952,0.0030901675083748314,0.002718622441385481,0.0022655187011545674,0.0014499319687389324,0.0013593112206927416,0.0011055731261634338,0.000915269555266445,0.0009062074804618277,0.0007974625828064125,0.0007702763583925545,0.0006162210867140469,0.00045310374023091384,0.00045310374023091384,0.0,9.062074804619283e-06,9.062074804619283e-06,9.062074804619283e-06,0.0,0.0,0.0,0.0,0.0,0.0,0.0,9.062074804619283e-06,0.0002990484685524062,9.06207480461888e-05,0.00028998639374778486,0.00028998639374778486,0.00045310374023091384,0.0007974625828064125,0.000915269555266445,0.001404621594715836,0.0018124149609236554,0.0022655187011545674,0.0022655187011545674,0.002455822272051552,0.002492070571270025,0.002718622441385481,0.002718622441385481,0.002718622441385481,0.002845491488650145,0.0035160850241918915,0.003624829921847307,0.003896692165985857,0.003951064614813565,0.00426823723297521,0.004531037402309135,0.004594471925941463,0.00475758927242459,0.00498414114254005,0.005437244882770962,0.005772541650541842,0.0063434523632327905,0.006796556103463702,0.007249659843694618,0.008183053548570301,0.009515178544849186,0.010992296738001962,0.012233800986234665,0.013140008466696492,0.014127774620399887,0.014952423427620144,0.01685545913658999,0.01892161219204295,0.020842772050622023,0.02315360112579968,0.026733120673623892,0.030448571343517385,0.03488898799778034,0.039420025400089466,0.04313547606998298,0.048119617212523016,0.0537381035913864,0.07113728721625341,0.08309922595834955,0.0953330269445842,0.11644766123934476,0.1345718108485813,0.14879926829183207,0.17535114746936353,0.20715903003357367,0.24975078161527955,0.2843679073689213,0.3429995313548015,0.36701402958704005,0.4222020651471654,0.48799272822869383,0.5478024219391745,0.5931127959622657,0.6429542073876662,0.6927956188130667,0.76891704717186,0.8232894959995697,0.8368826082064971,0.8604440026985045,0.9012233393192868,0.9284095637331415,0.9637516554711529,0.9646578629516147,0.9728137302757711,0.9864068424826986,0.999999954689626,0.9963751247677786,0.9918440873654695,0.9728137302757711,0.9410964684596073,0.9275033562526798,0.9048481692411341,0.8785681523077411,0.8368826082064971,0.7915722341834057,0.7598549723672419,0.7036701085786088,0.66470318691875,0.6420479999072043,0.602174870766884,0.5786134762748765,0.5478024219391745,0.5251472349276288,0.4834616908263847,0.44358856168606436,0.42075213317842625,0.4019030175848203,0.3837788679755837,0.3675577540753171,0.34753056875711064,0.32125055182371764,0.31146351103472997,0.29950157229263386,0.2815586641794897,0.26597189551554623,0.25690982071092794,0.24784774590630967,0.23942001633801469,0.23425463369938226,0.2301767000373041,0.21667420857842287,0.21440868987726827,0.20706840928552747,0.19347529707860006,0.18260080731305817,0.17535114746936353,0.17462618148499406,0.1708201100670544,0.1691889366022231,0.16628907266474524,0.15722699786012698,0.15269596045781786,0.15269596045781786,0.14743995707113927,0.13964657273916758,0.13910284825089042,0.1345718108485813,0.13004077344627216,0.12550973604396304,0.12550973604396304,0.12125056088579249,0.12061621564946917,0.11554145375888293,0.11191662383703563,0.11191662383703563,0.11191662383703563,0.11191662383703563,0.10666062045035704,0.10285454903241735,0.10249206604023263,0.09750792489769257,0.09515178544849183,0.09379247422779909,0.0926144045031987,0.08926143682548995,0.08926143682548995,0.08790212560479721,0.08473039942318081,0.08309922595834955,0.08019936202087168,0.07575894536660874,0.07566832461856254,0.07566832461856254,0.07566832461856254,0.07113728721625341,0.07113728721625341,0.07113728721625341,0.07113728721625341,0.07077480422406869,0.06769369879049845,0.06660624981394428,0.06225645390772752,0.05754417500932601,0.05754417500932601,0.05301313760701687,0.04848210020470774,0.04540099477113754,0.042863613825844436,0.039420025400089466,0.03488898799778034,0.03452650500559561,0.0303579505954712,0.028545535634547547,0.026733120673623892,0.02582691319316207,0.02319891149982278,0.021748979531083845,0.020389668310391105,0.019030357089698368,0.017671045869005628,0.0167648383885438,0.015423651317460298,0.014589940435435421,0.013801539927433625,0.013593112206927403,0.013140008466696492,0.012233800986234665,0.012233800986234665,0.012233800986234665,0.011381965954600552,0.011146352009680475,0.010874489765541924,0.010720434493863415,0.010421386025311008,0.010131399631563228,0.009986406434689331,0.009968282285080097,0.009968282285080097,0.009968282285080097,0.009968282285080097,0.009968282285080097,0.009968282285080097,0.009968282285080097,0.009968282285080097,0.009968282285080097,0.009968282285080097,0.009986406434689331,0.010421386025311008,0.010421386025311008,0.009986406434689331,0.009968282285080097,0.009787040788987731,0.009515178544849186,0.00929768874953835,0.009080198954227507,0.00906207480461827,0.00906207480461827,0.008799274635284349,0.008164929398961063,0.008155867324156442,0.00770276358392553,0.007584956611465493,0.007249659843694618,0.007249659843694618,0.007249659843694618,0.007041232123188397,0.006796556103463702,0.006642500831785192,0.006434073111278971,0.006352514438037408,0.0063434523632327905,0.0063434523632327905,0.006180335016749663,0.005890348623001874,0.005799727874955693,0.005618486378863328,0.00549161733159867,0.005437244882770962,0.004875396244884631,0.004531037402309135,0.0043860442054352465,0.004213864784147498,0.004077933662078223,0.004077933662078223,0.004077933662078223,0.004077933662078223,0.004077933662078223,0.003896692165985861,0.0035160850241918915,0.003670140295870401,0.004077933662078223,0.004077933662078223,0.004077933662078223,0.0041141819612967,0.004259175158170588,0.004304485532193683,0.004494789103090662,0.004594471925941463,0.00498414114254005,0.00498414114254005,0.00498414114254005,0.005437244882770962,0.005437244882770962,0.005437244882770962,0.005437244882770962,0.005899410697806491,0.0061259625679219555,0.0063434523632327905,0.0063434523632327905,0.0063434523632327905,0.006760307804245229,0.006796556103463702,0.007249659843694618,0.007249659843694618,0.007249659843694618,0.007340280591740807,0.00770276358392553,0.00770276358392553,0.007340280591740807,0.00770276358392553,0.007340280591740807,0.00770276358392553,0.007249659843694618,0.007249659843694618,0.007249659843694618
6752280,0.0,0.00021410982197456527,0.0005811552310738133,0.000841145729185787,0.0010246684337354144,0.001116429786010228,0.0011928975795725744,0.0012540718144224468,0.0012693653731349177,0.0013305396079847933,0.0013305396079847933,0.0013305396079847933,0.0013305396079847933,0.001345833166697264,0.001345833166697264,0.0014834751951094828,0.0016058236648092412,0.0018811077216336755,0.002095217543608241,0.002186978895883058,0.002186978895883058,0.002263446689445401,0.002324620924295273,0.0024163822765700905,0.0024163822765700905,0.00249285007013243,0.0025540243049823057,0.0025540243049823057,0.0025540243049823057,0.0025540243049823057,0.0025693178636947765,0.0025693178636947765,0.0027987212443818087,0.0027987212443818087,0.0027987212443818087,0.0028598954792316846,0.0028598954792316846,0.0029057761553690966,0.0029057761553690966,0.0028598954792316846,0.002722253450819466,0.002706959892106995,0.002584611422407244,0.002584611422407244,0.002706959892106995,0.002706959892106995,0.002706959892106995,0.002706959892106995,0.002706959892106995,0.002722253450819466,0.0027987212443818087,0.0028598954792316846,0.0028598954792316846,0.0028598954792316846,0.0028598954792316846,0.0029363632727940313,0.003303408681893289,0.004098673734941675,0.004633948289878083,0.004863351670565118,0.005398626225501537,0.005612736047476095,0.005689203841038438,0.005949194339150416,0.006866807861898549,0.007447963092972365,0.00790676985434644,0.008457337967995316,0.009298483697181106,0.00961964843014296,0.010506674835466152,0.010674903981303312,0.011149004301389848,0.011378407682076886,0.01128664632980207,0.01197485647186317,0.012036030706713047,0.012097204941562929,0.01280070864233649,0.01280070864233649,0.012816002201048957,0.01280070864233649,0.012816002201048957,0.01356538657795994,0.01356538657795994,0.01356538657795994,0.01356538657795994,0.01364185437152229,0.01356538657795994,0.01356538657795994,0.01356538657795994,0.01356538657795994,0.01356538657795994,0.013320689638560444,0.01356538657795994,0.01356538657795994,0.01356538657795994,0.01356538657795994,0.01356538657795994,0.01356538657795994,0.01356538657795994,0.01356538657795994,0.01356538657795994,0.01356538657795994,0.013626560812809824,0.014330064513583386,0.014330064513583386,0.014330064513583386,0.014330064513583386,0.014330064513583386,0.014330064513583386,0.014666522805257706,0.01585942038483028,0.016624098320453723,0.016624098320453723,0.016960556612128044,0.017388776256077175,0.01815345419170062,0.01818404130912556,0.019682810062947514,0.021212165934194407,0.022863870275141054,0.024209703441838315,0.025800233547935085,0.027329589419181982,0.028094267354805424,0.028094267354805424,0.028094267354805424,0.028094267354805424,0.028858945290428876,0.030495356072663054,0.032682334968546105,0.03650572464666334,0.04262314813165092,0.04926055261286244,0.06556348620035432,0.07779833317032947,0.09615060362529218,0.13010230396697328,0.1720066548391381,0.22614585268127813,0.27355588468993186,0.31943656082733873,0.3851988632909552,0.4619725280275491,0.5182528240894348,0.595944102348777,0.6812821599643536,0.7397035542459849,0.7797726780726538,0.814947863111332,0.848593692278764,0.9067092153861457,0.9143559947423802,0.9311789093260961,0.9694128061072684,0.9847063648197375,0.9999999235322065,0.9999999235322065,0.9770595854635029,0.9678834502360214,0.944943112167318,0.9250614858411087,0.8700046744762203,0.8225946424675665,0.7843607456863942,0.7311391613670024,0.6699649265171266,0.6314251585617049,0.5778977030680637,0.5396638062868913,0.5072414618164571,0.4647253685957936,0.40813920135965864,0.387187025923576,0.3602703625896307,0.3255539843123262,0.3012372259595006,0.2720265288186849,0.2490861907499815,0.23379263203751258,0.20320551461257472,0.1802651765438713,0.15824245199791614,0.14967805911893345,0.1346903715807139,0.12918469044422506,0.10532673885277367,0.09615060362529218,0.09033905131455403,0.08850382426905772,0.08131585167419736,0.08085704491282325,0.07321026555658879,0.06556348620035432,0.05791670684411985,0.0544603625751019,0.05256396129475573,0.051202834569346004,0.04950524955226194,0.04736415133251629,0.04262314813165092,0.04143025055207835,0.03956443638915713,0.03803508051791024,0.03727040258228678,0.03650572464666334,0.03537400130194064,0.03421169083979301,0.03344701290416955,0.031978831267772546,0.03191765703292266,0.031305914684423904,0.03038830116167577,0.028858945290428876,0.028369551411629883,0.027329589419181982,0.027329589419181982,0.026564911483558537,0.025050849171024108,0.023552080417202154,0.023506199741064746,0.022741521805441305,0.021976843869817853,0.021793321165268224,0.021212165934194407,0.020569836468270722,0.02044748799857096,0.019713397180372447,0.019682810062947514,0.019055774155736303,0.01891813212732407,0.01891813212732407,0.01891813212732407,0.01891813212732407,0.018734609422774443,0.01815345419170062,0.017388776256077175,0.017144079316677677,0.016624098320453723,0.016624098320453723,0.016257052911354476,0.01585942038483028,0.015094742449206836,0.015094742449206836,0.014330064513583386,0.01356538657795994,0.01356538657795994,0.01280070864233649,0.01280070864233649,0.01280070864233649,0.01280070864233649,0.01280070864233649,0.01280070864233649,0.01280070864233649,0.012188966293837747,0.012036030706713047,0.011378407682076893,0.010659610422590855,0.010506674835466152,0.010506674835466152,0.010506674835466152,0.009833758252117528,0.009741996899842708,0.009741996899842708,0.00897731896421926,0.00897731896421926,0.008549099320270129,0.008212641028595813,0.008212641028595813,0.008212641028595813,0.008212641028595813,0.007493843769109778,0.007447963092972365,0.007325614623272618,0.007447963092972365,0.007111504801298056,0.007447963092972365,0.007447963092972365,0.007447963092972365,0.007463256651684836,0.007447963092972365,0.007463256651684836,0.007952650530483846,0.008212641028595813,0.008212641028595813,0.008212641028595813,0.008212641028595813,0.008212641028595813,0.008212641028595813,0.008212641028595813,0.008212641028595813,0.008212641028595813,0.008212641028595813,0.008212641028595813,0.007539724445247182,0.007447963092972365,0.007447963092972365,0.007157385477435457,0.006943275655460895,0.006775046509623735,0.006683285157348918,0.006683285157348918,0.00639270754181201,0.006148010602412507,0.005857432986875599,0.005704497399750909,0.005413919784214001,0.004939819464127462,0.004266902880778831,0.003945738147816982,0.0036245734148551323,0.00324223444704341,0.002783427685669342,0.0022787402481578714,0.0017893463693588617,0.0016364107822341722,0.0013305396079847933,0.0012693653731349177,0.0010246684337354144,0.0009634941988855386,0.0009634941988855386,0.0009482006401730679,0.0009482006401730679,0.0009482006401730679,0.0009482006401730679,0.0010246684337354144,0.0010246684337354144,0.0010246684337354144,0.0010246684337354144,0.0010246684337354144,0.0010246684337354144,0.0010246684337354144,0.0010246684337354144,0.0010246684337354144,0.0010246684337354144,0.0010246684337354144,0.0010246684337354144,0.0010246684337354144,0.0010246684337354144,0.0010246684337354144,0.0010246684337354144,0.0010246684337354144,0.0010246684337354144,0.0010246684337354144,0.0010246684337354144,0.0010246684337354144,0.0010246684337354144,0.0010246684337354144,0.0010246684337354144,0.0010246684337354144,0.0010246684337354144,0.0010246684337354144,0.0010246684337354144,0.0010246684337354144,0.0010246684337354144,0.0010246684337354144,0.0010246684337354144,0.0009634941988855386,0.0009634941988855386,0.0008105586117608491,0.0007340908181985027,0.0006576230246361596,0.0007340908181985027,0.0008105586117608491,0.0008105586117608491
7083000,0.003851090648127,0.003851090648127,0.005134787530836002,0.005134787530836002,0.005134787530836002,0.005134787530836002,0.005134787530836002,0.005134787530836002,0.005134787530836002,0.005134787530836002,0.005134787530836002,0.005134787530836002,0.005134787530836002,0.005134787530836002,0.005134787530836002,0.004826700278985853,0.004826700278985853,0.004364569401210601,0.003928112461089549,0.003851090648127,0.003851090648127,0.003851090648127,0.003851090648127,0.003851090648127,0.003851090648127,0.003851090648127,0.003851090648127,0.003851090648127,0.0025673937654179984,0.0025673937654179984,0.0025673937654179984,0.0025673937654179984,0.0025673937654179984,0.002464698014801278,0.001283696882709002,0.001283696882709002,0.001283696882709002,0.001283696882709002,0.001283696882709002,0.001283696882709002,0.001283696882709002,0.001283696882709002,0.0005905005660461494,0.0,0.0,0.0,0.0,0.0,0.0,5.1347875308360076e-05,0.0002824133141959776,0.0005648266283919723,0.000795892067279584,0.0009242617555504813,0.0010783053814755674,0.001283696882709002,0.001283696882709002,0.001283696882709002,0.001283696882709002,0.001283696882709002,0.001283696882709002,0.001283696882709002,0.001283696882709002,0.001283696882709002,0.001283696882709002,0.001283696882709002,0.001283696882709002,0.001283696882709002,0.001283696882709002,0.001283696882709002,0.001283696882709002,0.001283696882709002,0.001283696882709002,0.001283696882709002,0.001283696882709002,0.001283696882709002,0.001283696882709002,0.001283696882709002,0.001283696882709002,0.001283696882709002,0.001283696882709002,0.001283696882709002,0.001283696882709002,0.001283696882709002,0.001283696882709002,0.001283696882709002,0.001283696882709002,0.001283696882709002,0.001283696882709002,0.001283696882709002,0.001283696882709002,0.0013863926333257278,0.0025673937654179984,0.003851090648127,0.003851090648127,0.003851090648127,0.005134787530836002,0.005134787530836002,0.006418484413545004,0.006752245603049342,0.0077021812962540055,0.008985878178963002,0.010269575061672004,0.011553271944381006,0.011553271944381006,0.012836968827090001,0.01412066570979901,0.016688059475217013,0.019255453240635007,0.022593065135678415,0.02567393765418001,0.02878048411033579,0.03080872518501602,0.0327599444467337,0.035198968523880804,0.03732990534917775,0.039794603363979025,0.04492939089481502,0.04698330590714943,0.048960199106521295,0.05391526907377803,0.05648266283919604,0.05910140447992241,0.06536584526754233,0.06921693591566934,0.07345313562860904,0.07958920672795806,0.08590499539088634,0.08857508490692106,0.10141205373401106,0.10320922936980371,0.12374837949314772,0.12708599138819107,0.14685492338190975,0.16328624348058493,0.17124516415338073,0.19127083552364113,0.20410780435073114,0.21694477317782113,0.23671370517153975,0.25827981280105095,0.29396658614036114,0.3163029118994978,0.3453144614487212,0.3740692716214029,0.40949930558417125,0.45725282962094616,0.5111680986947241,0.5496790051759941,0.5763799003363413,0.6125801524287352,0.6523747557927142,0.6919126197801514,0.7232348237182511,0.7625159483291465,0.7935814128907045,0.8074453392239614,0.8331192768781416,0.8459562457052316,0.8731706196186625,0.8973041210135916,0.9229780586677716,0.9401795968960724,0.9594350501367073,0.9743259339761317,0.9871629028032217,0.9999998716303117,0.9999998716303117,0.9989729141241445,0.9871629028032217,0.9743259339761317,0.9525030869700788,0.9358150274948617,0.9101410898406816,0.885494109692669,0.8716301833594116,0.8331192768781416,0.8079588179770452,0.7817714015697814,0.7560974639156014,0.7304235262614215,0.7047495886072415,0.6780486934468942,0.6534017132988814,0.6277277756447014,0.5958920929535183,0.5763799003363413,0.5507059626821613,0.5378689938550714,0.5250320250279813,0.5121950562008913,0.4908856879479219,0.47368414971962125,0.46084718089253124,0.4480102120654413,0.43517324323835127,0.4236199712939703,0.40949930558417125,0.39666233675708124,0.3838253679299912,0.3709883991029012,0.36482665406589804,0.3581514302758112,0.346854897707972,0.3432605464363868,0.3324774926216312,0.32246465693650095,0.30962768810941094,0.304492900578575,0.29396658614036114,0.28112961731327113,0.27727852666514413,0.2682926484861812,0.2682926484861812,0.2569961159183419,0.25545567965909116,0.249293934622088,0.24261871083200112,0.24261871083200112,0.24261871083200112,0.23029522075799475,0.2297817420049111,0.22567391198024242,0.21694477317782113,0.2133504219062359,0.20410780435073114,0.20410780435073114,0.1938382292890591,0.19127083552364113,0.19127083552364113,0.1899871386409321,0.1835686542273871,0.17843386669655112,0.17843386669655112,0.17843386669655112,0.1681642916348791,0.1655968978694611,0.1655968978694611,0.1655968978694611,0.15815145594974891,0.1527599290423711,0.1527599290423711,0.1527599290423711,0.1489088383942441,0.1437740508634081,0.13992296021528108,0.13992296021528108,0.13992296021528108,0.13992296021528108,0.1347881726844451,0.12708599138819107,0.12708599138819107,0.12708599138819107,0.12323490074006407,0.11681641632651907,0.11424902256110107,0.11424902256110107,0.11424902256110107,0.11296532567839208,0.10911423503026507,0.10551988375867989,0.10269575061672007,0.10141205373401106,0.10141205373401106,0.10141205373401106,0.10141205373401106,0.10141205373401106,0.10141205373401106,0.09627726620317506,0.09396661181429888,0.09139921804888089,0.08985878178963005,0.08857508490692106,0.08857508490692106,0.08729138802421206,0.08664953958285755,0.08477534213410243,0.08382540644089777,0.08284979681003894,0.0812066648001714,0.07987162004215402,0.07830550984524905,0.07830550984524905,0.07753529171562366,0.07625159483291465,0.07573811607983105,0.07445441919712205,0.07319639625206725,0.07268291749898363,0.07060332854899504,0.06931963166628605,0.06867778322493154,0.06803593478357706,0.06611038945951354,0.06546854101815903,0.06418484413545004,0.06290114725274104,0.060333753487323026,0.05905005660461403,0.05776635972190504,0.05648266283919604,0.05522463989414121,0.05494222657994523,0.05327342063242354,0.05198972374971454,0.051245179557743305,0.05006417842565103,0.05006417842565103,0.04878048154294203,0.04749678466023303,0.046854936218878526,0.04569960902444043,0.04369704188741438,0.04364569401210602,0.042361997129397026,0.04087290874545459,0.039794603363979025,0.03851090648127002,0.037227209598561024,0.037227209598561024,0.03689344840905669,0.034659815833143016,0.032323487506612666,0.03080872518501602,0.02952502830230702,0.02831835323256057,0.028241331419598014,0.026957634536889017,0.02567393765418001,0.024390240771471013,0.024390240771471013,0.024390240771471013,0.022695760886295147,0.02182284700605301,0.020539150123344015,0.019255453240635007,0.01797175635792601,0.01797175635792601,0.01797175635792601,0.01725288610360898,0.016688059475217013,0.015404362592508006,0.01412066570979901,0.01412066570979901,0.012836968827090001,0.011553271944381006,0.011553271944381006,0.011553271944381006,0.011553271944381006,0.011553271944381006,0.011553271944381006,0.011553271944381006,0.011553271944381006,0.010397944749942907,0.010269575061672004,0.010269575061672004,0.010269575061672004,0.010141205373401107,0.009756096308588404,0.009756096308588404,0.008985878178963002,0.008985878178963002,0.008985878178963002,0.0077021812962540055,0.0077021812962540055,0.007599485545637286
7103700,0.10760533068920926,0.10760533068920926,0.10760533068920926,0.10760533068920926,0.10760533068920926,0.10760533068920926,0.11211236024687249,0.11211236024687249,0.11211236024687249,0.11211236024687249,0.11211236024687249,0.11211236024687249,0.11211236024687249,0.11211236024687249,0.11211236024687249,0.11211236024687249,0.11211236024687249,0.11211236024687249,0.11211236024687249,0.11211236024687249,0.11211236024687249,0.11211236024687249,0.11211236024687249,0.11211236024687249,0.11211236024687249,0.11211236024687249,0.08957721245855688,0.06591530728082458,0.07380260900673534,0.08394342551147722,0.11211236024687249,0.11211236024687249,0.11211236024687249,0.11211236024687249,0.11211236024687249,0.11211236024687249,0.11211236024687249,0.11211236024687249,0.11211236024687249,0.11211236024687249,0.11211236024687249,0.11211236024687249,0.11211236024687249,0.11211236024687249,0.11211236024687249,0.11211236024687249,0.11323911763628816,0.14028129498226752,0.16056292799175226,0.17408401666474219,0.1966191644530578,0.22478809918845283,0.23042188613553247,0.2529570339238481,0.2811259686592431,0.2811259686592431,0.3092949033946381,0.32619626423587533,0.3374638381300334,0.34873141202419194,0.3656327728654284,0.3870411632643291,0.39380170760082367,0.4219706423362187,0.4219706423362187,0.4219706423362187,0.4456325475139505,0.45013957707161373,0.4507029557663218,0.4760549970281776,0.478308511807009,0.478308511807009,0.4799986478911328,0.4980267661217854,0.506477446542404,0.506477446542404,0.5132379908788991,0.5346463812777993,0.5346463812777993,0.5346463812777993,0.5436604403931258,0.5549280142872833,0.5583082864555313,0.5684491029602732,0.5853504638015105,0.5909842507485893,0.6118292624527821,0.6191531854839843,0.6191531854839843,0.6360545463252215,0.6473221202193798,0.6473221202193798,0.6563361793347063,0.6619699662817852,0.6754910549547749,0.6754910549547749,0.6754910549547749,0.6754910549547749,0.6845051140701013,0.6907022797118878,0.6968994453536753,0.7036599896901699,0.7036599896901699,0.7036599896901699,0.7036599896901699,0.7290120309520255,0.7295754096467335,0.7318289244255649,0.7504204213509259,0.75999785916096,0.75999785916096,0.7678851608868718,0.7943639595381424,0.8163357286317505,0.8163357286317505,0.8445046633671455,0.847884935535393,0.8450680420618536,0.847884935535393,0.8614060242083827,0.8647862963766297,0.8647862963766297,0.8704200833237091,0.8726735981025405,0.8771806276602038,0.8771806276602038,0.9008425328379356,0.9042228050061836,0.9014059115326436,0.9008425328379356,0.9008425328379356,0.9008425328379356,0.9008425328379356,0.9008425328379356,0.9008425328379356,0.9008425328379356,0.9008425328379356,0.9008425328379356,0.8726735981025405,0.8647862963766297,0.8540821011771801,0.8445046633671455,0.8445046633671455,0.8163357286317505,0.8112653203793797,0.8033780186534684,0.8022512612640527,0.7881667938963555,0.7881667938963555,0.75999785916096,0.7250683800890704,0.7109839127213726,0.7036599896901699,0.6715474040918198,0.6371813037146378,0.5628153160131943,0.5397167895301705,0.478308511807009,0.45239309185044535,0.4478860622927821,0.4174636127785557,0.39774535846377906,0.38028061892783427,0.3718299385072157,0.323942749457044,0.3160554477311332,0.30985828208934624,0.2895766490798617,0.2811259686592431,0.2788724538804115,0.26704150129154586,0.2788724538804115,0.2811259686592431,0.2811259686592431,0.2811259686592431,0.2811259686592431,0.2816893473539512,0.2850696195221987,0.2850696195221987,0.3149286903417173,0.3216892346782121,0.3357737020459104,0.3267596429305834,0.3357737020459104,0.39380170760082367,0.3639426367813046,0.3267596429305834,0.3239427494570437,0.3307032937935388,0.3307032937935388,0.342534246382405,0.37126655981250756,0.39154819282199205,0.39549184368494744,0.40844955366322905,0.4185903701679717,0.4456325475139505,0.4535198492398615,0.48732257092233566,0.5188717778259783,0.552111120813744,0.5628153160131943,0.5723927538232289,0.592111008138005,0.616899670705153,0.6332376528516821,0.6732375401759435,0.6901389010171807,0.7036599896901699,0.7318289244255649,0.7329556818149806,0.754364072213881,0.7904203086751873,0.8281666812206163,0.8281666812206163,0.8332370894729877,0.8445046633671455,0.9008425328379356,0.957180402308726,0.9876028518229525,0.9999971831065264,0.9876028518229525,0.9673212188134687,0.9583071596981417,0.9583071596981417,0.9583071596981417,0.9583071596981417,0.9459128284145678,0.9290114675733311,0.863659538987214,0.8332370894729877,0.8163357286317505,0.8163357286317505,0.7808428708651522,0.7318289244255649,0.7036599896901699,0.6557728006399988,0.5977447950850844,0.5909842507485893,0.5628153160131943,0.5628153160131943,0.5442238190878338,0.5228154286889332,0.4642240444393115,0.4478860622927821,0.4219706423362187,0.39380170760082367,0.3870411632643291,0.37013980242309164,0.3656327728654284,0.3656327728654284,0.3374638381300334,0.3374638381300334,0.3092949033946381,0.3070413886158065,0.2878865129957379,0.2811259686592431,0.27661893910158014,0.25521054870267995,0.2461964895873535,0.2507035191450165,0.2529570339238481,0.2529570339238481,0.2529570339238481,0.2529570339238481,0.25521054870267995,0.25521054870267995,0.26422460781800616,0.2704217734597929,0.2704217734597929,0.2732386669333326,0.26760487998625343,0.26422460781800616,0.26422460781800616,0.26760487998625343,0.27661893910158014,0.2856329982169066,0.2997174655846038,0.3064780099210987,0.3092949033946381,0.3092949033946381,0.31830896250996454,0.3374638381300334,0.3656327728654284,0.38309751240137346,0.39380170760082367,0.3999988732426107,0.4219706423362187,0.4456325475139505,0.45013957707161373,0.478308511807009,0.506477446542404,0.506477446542404,0.506477446542404,0.5154915056577305,0.5346463812777993,0.5346463812777993,0.5346463812777993,0.5346463812777993,0.5346463812777993,0.5233788073836415,0.5183083991312699,0.5183083991312699,0.5233788073836415,0.5183083991312699,0.5183083991312699,0.5183083991312699,0.5183083991312699,0.5081675826265281,0.506477446542404,0.4946464939535384,0.4799986478911328,0.478308511807009,0.478308511807009,0.42422415711505057,0.4101396897473528,0.39943549454790256,0.39943549454790256,0.3943650862955315,0.3943650862955315,0.39380170760082367,0.3825341337066659,0.3656327728654284,0.3408441102982812,0.3374638381300334,0.3374638381300334,0.3374638381300334,0.3374638381300334,0.3430976250771128,0.3430976250771128,0.3374638381300334,0.3374638381300334,0.31154841817347,0.2811259686592431,0.2811259686592431,0.2811259686592431,0.2726752882386245,0.26760487998625343,0.2557739273973878,0.23943594525085843,0.1966191644530578,0.1966191644530578,0.17633753144357353,0.16957698710707847,0.16845022971766252,0.14760521801347018,0.1571826558235047,0.1414080523716832,0.1380277802034359,0.11267573894158033,0.0557744907760822,0.050704082523711135,0.053520975997250836,0.050704082523711135,0.02760555604068693,0.006760544336495085,0.0,0.0,0.03943650862955308,0.04169002340838469,0.04338015949250846,0.050704082523711135,0.050704082523711135,0.04338015949250846,0.050704082523711135,0.04338015949250846
7103800,0.049179521647186114,0.049179521647186114,0.049179521647186114,0.049179521647186114,0.049179521647186114,0.049179521647186114,0.049179521647186114,0.049179521647186114,0.049179521647186114,0.049179521647186114,0.049179521647186114,0.03606498254126999,0.03278634776479077,0.03278634776479077,0.03278634776479077,0.03278634776479077,0.03278634776479077,0.03278634776479077,0.03278634776479077,0.0196718086588746,0.016393173882395386,0.016393173882395386,0.0,0.0,0.0,0.0,0.0,0.0,0.0,0.0,0.0,0.0,0.0,0.0,0.0,0.0,0.0,0.0,0.0,0.0,0.0,0.0,0.0,0.0,0.0,0.0,0.0032786347764792367,0.016393173882395386,0.03278634776479077,0.03278634776479077,0.03278634776479077,0.03278634776479077,0.049179521647186114,0.0655726955295815,0.0655726955295815,0.0819658694119769,0.09835904329437223,0.11475221717676762,0.11803085195324683,0.131145391059163,0.131145391059163,0.131145391059163,0.14753856494155834,0.16393173882395373,0.18360354748282834,0.19671808658874446,0.21311126047113985,0.22950443435353524,0.24589760823593063,0.24589760823593063,0.24589760823593063,0.24589760823593063,0.262290782118326,0.262290782118326,0.2786839560007213,0.2786839560007213,0.2950771298831167,0.29835576465959596,0.3114703037655121,0.3114703037655121,0.3114703037655121,0.32786347764790746,0.3442566515303028,0.36392846018917757,0.37704299929509355,0.40982934705988433,0.4262225209422797,0.44261569482467505,0.4754020425894658,0.49179521647186114,0.5081883903542566,0.5081883903542566,0.5081883903542566,0.5245815642366519,0.5278601990131312,0.5409747381190473,0.5409747381190473,0.5442533728955267,0.573761085883838,0.5901542597662334,0.5901542597662334,0.609826068425108,0.6229406075310242,0.6393337814134196,0.6557269552958149,0.6885133030606057,0.7049064769430011,0.7049064769430011,0.7049064769430011,0.7049064769430011,0.7049064769430011,0.7049064769430011,0.7049064769430011,0.7049064769430011,0.7049064769430011,0.7049064769430011,0.7049064769430011,0.7049064769430011,0.7376928247077916,0.7376928247077916,0.7540859985901871,0.7540859985901871,0.7540859985901871,0.7540859985901871,0.7540859985901871,0.7540859985901871,0.7540859985901871,0.7868723463549778,0.7901509811314573,0.8065441550138527,0.8393305027786433,0.859002311437518,0.8885100244258296,0.9278536417435791,0.9671972590613269,0.9671972590613269,0.9704758938378063,0.9868690677202018,0.9999836068261176,0.9999836068261176,0.9868690677202018,0.9835904329437223,0.9704758938378063,0.9671972590613269,0.9671972590613269,0.9540827199554109,0.9508040851789316,0.9212963721906203,0.9049031983082249,0.8885100244258296,0.8688382157669547,0.8524450418845594,0.836051868002164,0.8065441550138527,0.7606432681431458,0.7409714594842711,0.7376928247077916,0.7212996508253965,0.7049064769430011,0.6721201291782103,0.6721201291782103,0.6557269552958149,0.6065474336486287,0.5901542597662334,0.573761085883838,0.5573679120014426,0.5278601990131312,0.5081883903542566,0.478680677365945,0.45900886870707047,0.44589432960115444,0.4262225209422797,0.40982934705988433,0.40982934705988433,0.39671480795396835,0.3934361731774889,0.3934361731774889,0.3934361731774889,0.3934361731774889,0.3934361731774889,0.380321634071573,0.37704299929509355,0.37704299929509355,0.37704299929509355,0.37704299929509355,0.37704299929509355,0.37704299929509355,0.37704299929509355,0.37704299929509355,0.37704299929509355,0.37704299929509355,0.37704299929509355,0.37704299929509355,0.37704299929509355,0.37704299929509355,0.37704299929509355,0.37704299929509355,0.37704299929509355,0.37704299929509355,0.37704299929509355,0.3934361731774889,0.3934361731774889,0.39671480795396835,0.40982934705988433,0.40982934705988433,0.40982934705988433,0.40982934705988433,0.40982934705988433,0.40982934705988433,0.40982934705988433,0.40982934705988433,0.40982934705988433,0.40982934705988433,0.40982934705988433,0.40982934705988433,0.40982934705988433,0.40982934705988433,0.4262225209422797,0.4262225209422797,0.4262225209422797,0.4262225209422797,0.42950115571875896,0.4262225209422797,0.44261569482467505,0.42950115571875896,0.42950115571875896,0.44589432960115444,0.44261569482467505,0.42950115571875896,0.4262225209422797,0.41310798183636377,0.40982934705988433,0.380321634071573,0.37704299929509355,0.36392846018917757,0.36064982541269824,0.36064982541269824,0.3442566515303028,0.3442566515303028,0.3442566515303028,0.3442566515303028,0.3442566515303028,0.32786347764790746,0.3114703037655121,0.3114703037655121,0.3114703037655121,0.3114703037655121,0.3114703037655121,0.29835576465959596,0.2950771298831167,0.2950771298831167,0.2950771298831167,0.28196259077720054,0.2786839560007213,0.2786839560007213,0.2786839560007213,0.2786839560007213,0.2786839560007213,0.2786839560007213,0.2786839560007213,0.2786839560007213,0.2786839560007213,0.2786839560007213,0.2786839560007213,0.26556941689480534,0.26556941689480534,0.262290782118326,0.262290782118326,0.24917624301240998,0.24917624301240998,0.24589760823593063,0.24589760823593063,0.24589760823593063,0.24589760823593063,0.24917624301240998,0.262290782118326,0.262290782118326,0.262290782118326,0.262290782118326,0.26556941689480534,0.28196259077720054,0.2950771298831167,0.29835576465959596,0.3114703037655121,0.3114703037655121,0.3114703037655121,0.3114703037655121,0.3114703037655121,0.3114703037655121,0.3114703037655121,0.32786347764790746,0.32786347764790746,0.32786347764790746,0.32786347764790746,0.32786347764790746,0.32786347764790746,0.32786347764790746,0.32786347764790746,0.32786347764790746,0.32786347764790746,0.32786347764790746,0.3147489385419913,0.3114703037655121,0.3114703037655121,0.3114703037655121,0.3114703037655121,0.3114703037655121,0.3114703037655121,0.3114703037655121,0.3114703037655121,0.29835576465959596,0.28196259077720054,0.2786839560007213,0.2786839560007213,0.2786839560007213,0.2786839560007213,0.2786839560007213,0.26556941689480534,0.26556941689480534,0.26556941689480534,0.262290782118326,0.262290782118326,0.262290782118326,0.262290782118326,0.262290782118326,0.262290782118326,0.262290782118326,0.262290782118326,0.24589760823593063,0.24589760823593063,0.24589760823593063,0.24589760823593063,0.24589760823593063,0.24589760823593063,0.2327830691300146,0.22950443435353524,0.21638989524761912,0.21311126047113985,0.21311126047113985,0.21311126047113985,0.19999672136522373,0.19671808658874446,0.19671808658874446,0.19671808658874446,0.19671808658874446,0.18360354748282834,0.18032491270634912,0.18032491270634912,0.18032491270634912,0.18032491270634912,0.18032491270634912,0.18032491270634912,0.18032491270634912,0.16721037360043295,0.16393173882395373,0.16393173882395373,0.14753856494155834,0.14753856494155834,0.14753856494155834,0.131145391059163,0.131145391059163,0.131145391059163,0.131145391059163,0.131145391059163,0.11803085195324683,0.11475221717676762
7104000,0.1818180165290759,0.1818180165290759,0.1818180165290759,0.1818180165290759,0.1818180165290759,0.1818180165290759,0.1818180165290759,0.1818180165290759,0.1818180165290759,0.1818180165290759,0.1818180165290759,0.1818180165290759,0.1818180165290759,0.1818180165290759,0.1818180165290759,0.1818180165290759,0.1818180165290759,0.1818180165290759,0.1818180165290759,0.1818180165290759,0.1818180165290759,0.1818180165290759,0.1818180165290759,0.1818180165290759,0.1818180165290759,0.1818180165290759,0.1818180165290759,0.1818180165290759,0.1818180165290759,0.1818180165290759,0.1818180165290759,0.1818180165290759,0.1818180165290759,0.19999981818198342,0.19999981818198342,0.20909071900843734,0.19999981818198342,0.19999981818198342,0.19999981818198342,0.19999981818198342,0.19999981818198342,0.19999981818198342,0.18545437685965782,0.1818180165290759,0.1818180165290759,0.1818180165290759,0.1818180165290759,0.1818180165290759,0.1818180165290759,0.1818180165290759,0.1818180165290759,0.1818180165290759,0.1818180165290759,0.1818180165290759,0.1818180165290759,0.1818180165290759,0.19272709752082037,0.19999981818198342,0.19999981818198342,0.19999981818198342,0.19999981818198342,0.20909071900843734,0.22909070082663557,0.24545432231425238,0.2563634033059972,0.2636361239671601,0.2727270247936138,0.2727270247936138,0.2727270247936138,0.2727270247936138,0.2727270247936138,0.2727270247936138,0.2727270247936138,0.2727270247936138,0.2727270247936138,0.2781815652894866,0.3363633305787903,0.3563633123969889,0.3636360330581518,0.3636360330581518,0.3636360330581518,0.3636360330581518,0.36545421322344285,0.3818178347110593,0.3818178347110593,0.39272691570280394,0.40909053719042077,0.4181814380168747,0.4199996181821657,0.4363632396697822,0.45454504132268975,0.45454504132268975,0.4836359239673419,0.49999954545495867,0.521817707438448,0.5454540495872277,0.5454540495872277,0.5454540495872277,0.5454540495872277,0.5545449504136816,0.6199994363641488,0.6363630578517656,0.6363630578517656,0.6454539586782195,0.6745448413228717,0.6909084628104885,0.7272720661163036,0.7272720661163036,0.7272720661163036,0.7272720661163036,0.7272720661163036,0.7272720661163036,0.7272720661163036,0.7272720661163036,0.7381811471080482,0.8181810743808415,0.8181810743808415,0.8181810743808415,0.8290901553725861,0.8672719388436922,0.9090900826453795,0.9090900826453795,0.916362803306543,0.9999990909099173,0.9999990909099173,0.9999990909099173,0.9999990909099173,0.9999990909099173,0.9999990909099173,0.9999990909099173,0.9999990909099173,0.9999990909099173,0.9999990909099173,0.9999990909099173,0.9999990909099173,0.9999990909099173,0.9999990909099173,0.9999990909099173,0.9999990909099173,0.9999990909099173,0.9999990909099173,0.9999990909099173,0.9999990909099173,0.9999990909099173,0.9818172892570098,0.9090900826453795,0.9018173619842166,0.8181810743808415,0.8181810743808415,0.7654538495874097,0.7272720661163036,0.7090902644633961,0.6381812380170566,0.6363630578517656,0.6090903553724042,0.5909085537194967,0.5454540495872277,0.5290904280996108,0.46545412231443467,0.4381814198350729,0.3909087355375132,0.3636360330581518,0.3454542314052442,0.2909088264465214,0.2727270247936138,0.24545432231425238,0.20181799834727446,0.1818180165290759,0.1818180165290759,0.1818180165290759,0.15636349421500548,0.11999989090919028,0.1181817107438994,0.10909080991744546,0.09090900826453795,0.09090900826453795,0.09090900826453795,0.09090900826453795,0.09090900826453795,0.09090900826453795,0.09090900826453795,0.09090900826453795,0.09090900826453795,0.09090900826453795,0.09090900826453795,0.0636363057851765,0.04545450413226897,0.02727270247936145,0.019999981818198568,0.018181801652907524,0.018181801652907524,0.0,0.0,0.0,0.0,0.0,0.0,0.0,0.0,0.0,0.0,0.019999981818198568,0.02909088264465233,0.00181818016529072,0.0,0.0,0.0,0.0,0.0,0.0,0.0,0.0,0.0,0.009090900826453762,0.009090900826453762,0.010909080991744481,0.049090864462850894,0.09090900826453795,0.09090900826453795,0.09090900826453795,0.09090900826453795,0.09090900826453795,0.09090900826453795,0.09090900826453795,0.09090900826453795,0.11090899008273651,0.12909079173564403,0.15636349421500548,0.16363621487616836,0.1818180165290759,0.15636349421500548,0.15454531404971444,0.15454531404971444,0.1454544132232607,0.15454531404971444,0.15636349421500548,0.1472725933885514,0.1454544132232607,0.1181817107438994,0.1181817107438994,0.1181817107438994,0.1181817107438994,0.11090899008273651,0.1181817107438994,0.09090900826453795,0.09090900826453795,0.09090900826453795,0.09090900826453795,0.09090900826453795,0.09090900826453795,0.09090900826453795,0.09090900826453795,0.09090900826453795,0.09090900826453795,0.09090900826453795,0.09090900826453795,0.09090900826453795,0.08363628760337506,0.05454540495872273,0.04545450413226897,0.02909088264465233,0.019999981818198568,0.010909080991744481,0.010909080991744481,0.018181801652907524,0.02727270247936145,0.03636360330581521,0.03818178347110609,0.04545450413226897,0.0636363057851765,0.0636363057851765,0.06545448595046754,0.0745453867769213,0.09090900826453795,0.09090900826453795,0.09090900826453795,0.09090900826453795,0.09090900826453795,0.09090900826453795,0.09090900826453795,0.09090900826453795,0.09090900826453795,0.09090900826453795,0.09999990909099171,0.10909080991744546,0.1181817107438994,0.12727261157035316,0.1454544132232607,0.16363621487616836,0.1727271157026221,0.1818180165290759,0.1818180165290759,0.1818180165290759,0.1818180165290759,0.1818180165290759,0.18363619669436662,0.19999981818198342,0.19999981818198342,0.20181799834727446,0.2181816198348911,0.2181816198348911,0.2181816198348911,0.2181816198348911,0.22727252066134487,0.22727252066134487,0.22727252066134487,0.22909070082663557,0.23636342148779863,0.24545432231425238,0.2545452231407063,0.2545452231407063,0.2636361239671601,0.2636361239671601,0.2636361239671601,0.2636361239671601,0.2636361239671601,0.2636361239671601,0.2727270247936138,0.2727270247936138,0.2727270247936138,0.2727270247936138,0.2727270247936138,0.2727270247936138,0.2727270247936138,0.2727270247936138,0.2727270247936138,0.2727270247936138,0.2727270247936138,0.2727270247936138,0.2727270247936138,0.2727270247936138,0.2727270247936138,0.2727270247936138,0.2727270247936138,0.2727270247936138,0.2727270247936138,0.2727270247936138,0.2727270247936138,0.2727270247936138,0.2636361239671601,0.2545452231407063,0.24727250247954344,0.24545432231425238,0.24545432231425238,0.24545432231425238,0.24545432231425238,0.23818160165308935,0.22909070082663557,0.2181816198348911,0.19999981818198342,0.1818180165290759,0.1818180165290759,0.1818180165290759,0.1818180165290759,0.1818180165290759,0.1818180165290759,0.1818180165290759,0.1818180165290759,0.1818180165290759,0.1818180165290759,0.1818180165290759,0.1818180165290759,0.1818180165290759,0.1818180165290759,0.1818180165290759,0.1818180165290759
7105500,0.0,0.0,0.0,0.0,0.0,0.0,0.0,0.0,0.0,0.0,0.0,0.0,0.0,0.0,0.0,0.0,0.0,0.0,0.0,0.0,0.0,0.0,0.0,0.0,0.0,0.0,0.0,0.0,0.0,0.007499995312502992,0.04499997187501751,0.06249996093752441,0.06249996093752441,0.06249996093752441,0.06749995781252671,0.10624993359379147,0.10999993125004329,0.12499992187504883,0.10624993359379147,0.10624993359379147,0.0949999406250373,0.08749994531253409,0.08874994453128478,0.0949999406250373,0.09999993750003916,0.0949999406250373,0.10624993359379147,0.12499992187504883,0.12499992187504883,0.12499992187504883,0.12499992187504883,0.1262499210937995,0.14499990937505666,0.16374989765631404,0.18124988671882072,0.18749988281257324,0.18749988281257324,0.18749988281257324,0.18749988281257324,0.18749988281257324,0.18749988281257324,0.18749988281257324,0.18749988281257324,0.18749988281257324,0.18749988281257324,0.18749988281257324,0.18749988281257324,0.18749988281257324,0.1999998750000781,0.24999984375009765,0.24999984375009765,0.24999984375009765,0.29624981484386564,0.31249980468762206,0.31249980468762206,0.31249980468762206,0.31249980468762206,0.31249980468762206,0.31249980468762206,0.31249980468762206,0.31249980468762206,0.31249980468762206,0.31249980468762206,0.3399997875001331,0.3749997656251465,0.3749997656251465,0.3749997656251465,0.3749997656251465,0.3749997656251465,0.37624976484389716,0.403749747656408,0.403749747656408,0.4374997265626709,0.4374997265626709,0.4562497148439283,0.4999996875001953,0.4999996875001953,0.4999996875001953,0.5324996671877082,0.5624996484377197,0.5624996484377197,0.5737496414064746,0.6199996125002423,0.6249996093752441,0.6249996093752441,0.6587495882815078,0.6874995703127685,0.6874995703127685,0.6874995703127685,0.7299995437502856,0.749999531250293,0.749999531250293,0.749999531250293,0.749999531250293,0.7887495070315584,0.8124994921878174,0.8124994921878174,0.813749491406568,0.8749994531253418,0.8762494523440925,0.8999994375003515,0.9124994296878566,0.9262494210941119,0.9374994140628662,0.9374994140628662,0.9374994140628662,0.9599994000003759,0.9999993750003906,0.9999993750003906,0.9999993750003906,0.9999993750003906,0.9999993750003906,0.9999993750003906,0.9999993750003906,0.9999993750003906,0.9774993890628819,0.951249405469122,0.9649993968753773,0.9999993750003906,0.9774993890628819,0.957499401562874,0.9774993890628819,0.957499401562874,0.9449994093753694,0.9374994140628662,0.8999994375003515,0.8749994531253418,0.8312494804690745,0.8124994921878174,0.7512495304690436,0.7124995546877783,0.6874995703127685,0.6774995765627648,0.6312496054689967,0.6249996093752441,0.601249624218985,0.5999996250002345,0.5624996484377197,0.4999996875001953,0.4387497257814216,0.4374997265626709,0.4374997265626709,0.4024997484376575,0.3824997609376495,0.3749997656251465,0.3374997890626317,0.31249980468762206,0.29749981406261655,0.24999984375009765,0.24999984375009765,0.24374984765634514,0.19624987734382693,0.18749988281257324,0.18749988281257324,0.18749988281257324,0.18749988281257324,0.18749988281257324,0.18749988281257324,0.18749988281257324,0.18749988281257324,0.18749988281257324,0.18749988281257324,0.18749988281257324,0.18749988281257324,0.18749988281257324,0.18749988281257324,0.18749988281257324,0.18749988281257324,0.18749988281257324,0.18749988281257324,0.18749988281257324,0.18749988281257324,0.18749988281257324,0.20749987031258108,0.21749986406258542,0.24499984687509582,0.24999984375009765,0.24999984375009765,0.24999984375009765,0.276249827343858,0.31249980468762206,0.31249980468762206,0.31249980468762206,0.33249979218762993,0.3749997656251465,0.3749997656251465,0.3437497851563847,0.3699997687501446,0.3374997890626317,0.34999978125013725,0.3749997656251465,0.38999975625015226,0.3999997500001562,0.38999975625015226,0.411249742968911,0.411249742968911,0.4324997296876691,0.4374997265626709,0.4374997265626709,0.4374997265626709,0.4374997265626709,0.4374997265626709,0.4374997265626709,0.4374997265626709,0.4374997265626709,0.4374997265626709,0.4374997265626709,0.4374997265626709,0.4374997265626709,0.4374997265626709,0.4374997265626709,0.4374997265626709,0.4374997265626709,0.4374997265626709,0.4374997265626709,0.4374997265626709,0.4374997265626709,0.4374997265626709,0.3749997656251465,0.3749997656251465,0.3749997656251465,0.32749979531262785,0.31249980468762206,0.31249980468762206,0.31249980468762206,0.27999982500010984,0.24999984375009765,0.24999984375009765,0.2287498570313396,0.20749987031258108,0.18749988281257324,0.18749988281257324,0.18124988671882072,0.13249991718755183,0.12499992187504883,0.12499992187504883,0.12499992187504883,0.12499992187504883,0.12499992187504883,0.08499994687503361,0.08499994687503361,0.08499994687503361,0.0699999562500274,0.06249996093752441,0.06249996093752441,0.06249996093752441,0.06249996093752441,0.06249996093752441,0.06249996093752441,0.06249996093752441,0.06249996093752441,0.06249996093752441,0.06249996093752441,0.06249996093752441,0.06249996093752441,0.06249996093752441,0.06249996093752441,0.12499992187504883,0.12499992187504883,0.12499992187504883,0.12499992187504883,0.13249991718755183,0.18749988281257324,0.18749988281257324,0.22499985937508798,0.24999984375009765,0.24999984375009765,0.24999984375009765,0.26874983203135505,0.31249980468762206,0.31249980468762206,0.31249980468762206,0.31249980468762206,0.31249980468762206,0.31249980468762206,0.31249980468762206,0.31249980468762206,0.31249980468762206,0.31249980468762206,0.31249980468762206,0.31249980468762206,0.31249980468762206,0.31249980468762206,0.31249980468762206,0.31249980468762206,0.31249980468762206,0.31999980000012507,0.3249997968751269,0.3262497960938774,0.3374997890626317,0.34374978515638427,0.3749997656251465,0.3749997656251465,0.3749997656251465,0.3749997656251465,0.3749997656251465,0.3749997656251465,0.34999978125013725,0.32749979531262785,0.31374980390637275,0.31249980468762206,0.31249980468762206,0.31249980468762206,0.31249980468762206,0.31249980468762206,0.3074998078126202,0.24999984375009765,0.24999984375009765,0.24999984375009765,0.24999984375009765,0.24999984375009765,0.24999984375009765,0.18749988281257324,0.18749988281257324,0.16374989765631404,0.13499991562505298,0.1262499210937995,0.12499992187504883,0.10124993671878961,0.08874994453128478,0.0637499601562751,0.06249996093752441,0.06249996093752441,0.06249996093752441,0.06249996093752441,0.05749996406252257,0.05749996406252257,0.06249996093752441,0.05749996406252257,0.05749996406252257,0.04499997187501751,0.03749997656251474,0.03249997968751289,0.0137499914062553,0.0024999984375011454,0.0,0.0,0.0,0.0,0.0,0.0,0.0,0.0,0.0,0.0,0.0
7105800,0.14814809327848397,0.14814809327848397,0.14814809327848397,0.14814809327848397,0.14814809327848397,0.14814809327848397,0.14814809327848397,0.18518511659810497,0.18962955939645912,0.21629621618658673,0.22222213991772596,0.23851843017835964,0.25925916323734693,0.2614813846365243,0.29037026282582873,0.29629618655696793,0.29629618655696793,0.29629618655696793,0.33333320987658893,0.33481469080937404,0.3562961643347536,0.37037023319620993,0.4007405923182994,0.40740725651583093,0.4155554016461475,0.4266665086420337,0.4444442798354519,0.4533331654321613,0.4814813031550729,0.5111109218107696,0.5488886855967834,0.5555553497943149,0.5925923731139359,0.6118516252401387,0.6296293964335569,0.6481479080933674,0.6666664197531779,0.7007404812072298,0.7037034430727989,0.7170367714678624,0.7311108403293187,0.7407404663924199,0.7777774897120409,0.7777774897120409,0.7777774897120409,0.7777774897120409,0.8170367344308392,0.8518515363512829,0.8785181931414099,0.8940737429356513,0.9266663234569171,0.9562959421126144,0.9629626063101459,0.9629626063101459,0.9629626063101459,0.9740737133060325,0.991110744033058,0.9999996296297669,0.991110744033058,0.9799996370371717,0.9799996370371717,0.9888885226338806,0.9888885226338806,0.9888885226338806,0.9888885226338806,0.9799996370371717,0.9629626063101459,0.9629626063101459,0.9629626063101459,0.9629626063101459,0.9629626063101459,0.979258896570779,0.9999996296297669,0.9999996296297669,0.9999996296297669,0.9999996296297669,0.9999996296297669,0.9999996296297669,0.9999996296297669,0.9999996296297669,0.9999996296297669,0.9999996296297669,0.9999996296297669,0.9940737058986275,0.9896292631002729,0.9888885226338806,0.9888885226338806,0.9896292631002729,0.9822218584363486,0.9629626063101459,0.9562959421126144,0.9385181709191961,0.9229626211249552,0.9192589187929934,0.9118515141290691,0.8940737429356508,0.8925922620028657,0.9014811475995751,0.9014811475995751,0.8896293001372961,0.8829626359397647,0.8666663456791315,0.8340737651578646,0.8170367344308392,0.8266663604939408,0.805925627434953,0.7777774897120409,0.7777774897120409,0.7777774897120409,0.7777774897120409,0.7777774897120409,0.7777774897120409,0.7896293371743198,0.7948145204390669,0.7948145204390669,0.805925627434953,0.8148145130316619,0.8148145130316619,0.7948145204390669,0.8148145130316619,0.8185182153636238,0.8148145130316619,0.8148145130316619,0.8148145130316619,0.8148145130316619,0.7799997111112182,0.7777774897120409,0.7777774897120409,0.7777774897120409,0.7777774897120409,0.7777774897120409,0.7799997111112182,0.8155552534980541,0.8155552534980541,0.8155552534980541,0.8148145130316619,0.8185182153636238,0.8422219102881817,0.8518515363512829,0.8518515363512829,0.8518515363512829,0.8518515363512829,0.8377774674898271,0.8370367270234342,0.8370367270234342,0.831110803292295,0.8377774674898271,0.831110803292295,0.8266663604939408,0.8148145130316619,0.8074071083677375,0.8074071083677375,0.8148145130316619,0.8148145130316619,0.8266663604939408,0.8518515363512829,0.8703700480110933,0.8703700480110933,0.8770367122086253,0.8711107884774856,0.8674070861455238,0.8518515363512829,0.817777474897232,0.8074071083677375,0.7599997185186226,0.7407404663924199,0.7074071454047608,0.6999997407408369,0.6666664197531779,0.6599997555556464,0.6296293964335569,0.6103701443073546,0.5925923731139359,0.5851849684500116,0.5555553497943149,0.5340738762689353,0.5192590669410861,0.5185183264746939,0.5155553646091248,0.5111109218107696,0.49629611248292155,0.4814813031550729,0.4451850203018442,0.4444442798354519,0.4444442798354519,0.4444442798354519,0.4444442798354519,0.4155554016461475,0.40740725651583093,0.397036889986337,0.37037023319620993,0.37037023319620993,0.37037023319620993,0.3459257978052602,0.33555543127576626,0.33703691220855136,0.3644443094650707,0.37037023319620993,0.37037023319620993,0.3999998518519066,0.40740725651583093,0.4266665086420337,0.4444442798354519,0.4444442798354519,0.46888871522640163,0.4822220436214652,0.5185183264746939,0.5340738762689353,0.5555553497943149,0.5555553497943149,0.5925923731139359,0.5985182968450751,0.6199997703704557,0.6399997629630508,0.6303701368999491,0.6666664197531779,0.6666664197531779,0.7007404812072298,0.7037034430727989,0.7096293668039381,0.7096293668039381,0.7407404663924199,0.7407404663924199,0.7407404663924199,0.7703700850481165,0.7711108255145094,0.7777774897120409,0.7777774897120409,0.7777774897120409,0.7777774897120409,0.7407404663924199,0.7348145426612807,0.7044441835391911,0.7037034430727989,0.7037034430727989,0.706666404938369,0.7037034430727989,0.6711108625515321,0.6666664197531779,0.6666664197531779,0.6666664197531779,0.6666664197531779,0.6533330913581143,0.6533330913581143,0.6533330913581143,0.6607404960220387,0.6303701368999491,0.6318516178327342,0.5933331135803281,0.5925923731139359,0.5925923731139359,0.5622220139918469,0.5562960902607071,0.5555553497943149,0.5377775786008967,0.5237035097394409,0.5296294334705801,0.5185183264746939,0.5185183264746939,0.5185183264746939,0.4999998148148834,0.4814813031550729,0.4814813031550729,0.4814813031550729,0.4814813031550729,0.4814813031550729,0.4814813031550729,0.4814813031550729,0.4814813031550729,0.4814813031550729,0.4814813031550729,0.45185168449937674,0.4444442798354519,0.4444442798354519,0.4444442798354519,0.43259243237317346,0.4155554016461475,0.4081479969822232,0.40740725651583093,0.40740725651583093,0.40740725651583093,0.4118516993141851,0.4118516993141851,0.40740725651583093,0.40740725651583093,0.40740725651583093,0.40740725651583093,0.40740725651583093,0.40740725651583093,0.42074058491089444,0.43259243237317346,0.4444442798354519,0.4814813031550729,0.4814813031550729,0.4925924101509591,0.509629440877985,0.5185183264746939,0.5555553497943149,0.5555553497943149,0.5562960902607071,0.5925923731139359,0.594073854046721,0.6296293964335569,0.6296293964335569,0.5962960754458984,0.5925923731139359,0.5925923731139359,0.5859257089164044,0.5851849684500116,0.5762960828533027,0.5555553497943149,0.5437035023320365,0.5185183264746939,0.5185183264746939,0.49629611248292155,0.4814813031550729,0.47037019615918674,0.4444442798354519,0.43851835610431267,0.40740725651583093,0.3948146685871597,0.37037023319620993,0.33333320987658893,0.29629618655696793,0.2814813772291193,0.25925916323734693,0.22740732318247292,0.22222213991772596,0.20370362825791546,0.18518511659810497,0.1599999407407627,0.14814809327848397,0.12666661975310387,0.11111106995886298,0.09259255829905248,0.0777777489712044,0.07555552757202706,0.07481478710563452,0.07111108477367237,0.0644444205761406,0.04074072565158315,0.03703702331962099,0.03703702331962099,0.034074061454051376,0.022222213991772648,0.01925925212620303,0.01555554979424088,0.014814809327848344,0.008148145130316576,0.0,0.0,0.0,0.0,0.008148145130316576,0.014814809327848344,0.014814809327848344,0.008888885596709112,0.022222213991772648,0.03111109958848176,0.03111109958848176,0.03111109958848176,0.03703702331962099,0.03703702331962099,0.03703702331962099,0.03703702331962099,0.03703702331962099
7105900,0.46807514733729055,0.46807514733729055,0.46807514733729055,0.4467990042765046,0.4467990042765046,0.4467990042765046,0.4297780898278761,0.42552286121571864,0.42552286121571864,0.42552286121571864,0.42552286121571864,0.42552286121571864,0.42552286121571864,0.42552286121571864,0.4085019467670901,0.4042467181549327,0.4042467181549327,0.4042467181549327,0.4042467181549327,0.3872258037063046,0.3872258037063046,0.38297057509414695,0.38297057509414695,0.38297057509414695,0.38297057509414695,0.38297057509414695,0.38297057509414695,0.38297057509414695,0.38297057509414695,0.38297057509414695,0.38297057509414695,0.38297057509414695,0.38297057509414695,0.38297057509414695,0.38297057509414695,0.38297057509414695,0.38297057509414695,0.38297057509414695,0.38297057509414695,0.38297057509414695,0.38297057509414695,0.38297057509414695,0.361694432033361,0.361694432033361,0.361694432033361,0.361694432033361,0.361694432033361,0.361694432033361,0.361694432033361,0.361694432033361,0.361694432033361,0.361694432033361,0.361694432033361,0.361694432033361,0.361694432033361,0.361694432033361,0.361694432033361,0.361694432033361,0.361694432033361,0.361694432033361,0.361694432033361,0.361694432033361,0.361694432033361,0.361694432033361,0.361694432033361,0.361694432033361,0.361694432033361,0.361694432033361,0.361694432033361,0.361694432033361,0.361694432033361,0.361694432033361,0.361694432033361,0.361694432033361,0.3659496606455184,0.38297057509414695,0.38297057509414695,0.38297057509414695,0.3872258037063046,0.4042467181549327,0.4042467181549327,0.4042467181549327,0.4042467181549327,0.42552286121571864,0.42552286121571864,0.42552286121571864,0.42552286121571864,0.4297780898278761,0.4467990042765046,0.4467990042765046,0.4467990042765046,0.4467990042765046,0.4467990042765046,0.4467990042765046,0.4467990042765046,0.46807514733729055,0.46807514733729055,0.4893512903980765,0.4893512903980765,0.5106274334588624,0.5319035765196484,0.5531797195804343,0.5531797195804343,0.5744558626412203,0.5744558626412203,0.6170081487627922,0.6212633773749496,0.6595604348843639,0.6808365779451498,0.6850918065573075,0.7021127210059358,0.7233888640667218,0.7276440926788794,0.7489202357396654,0.7659411501882937,0.7872172932490796,0.7872172932490796,0.7872172932490796,0.7872172932490796,0.7872172932490796,0.8084934363098656,0.8127486649220228,0.8297695793706515,0.8510457224314375,0.8510457224314375,0.8723218654922235,0.8935980085530094,0.9148741516137954,0.9361502946745813,0.9574264377353673,0.9574264377353673,0.9574264377353673,0.9616816663475249,0.9787025807961532,0.9787025807961532,0.9787025807961532,0.9999787238569392,0.9999787238569392,0.9999787238569392,0.9787025807961532,0.9787025807961532,0.9404055232867394,0.9191293802259535,0.8935980085530094,0.8723218654922235,0.8297695793706515,0.7914725218612373,0.7872172932490796,0.7872172932490796,0.7872172932490796,0.7446650071275077,0.7233888640667218,0.7021127210059358,0.6808365779451498,0.6595604348843639,0.6382842918235782,0.6170081487627922,0.5744558626412203,0.5319035765196484,0.5106274334588624,0.5106274334588624,0.46807514733729055,0.4467990042765046,0.42552286121571864,0.38297057509414695,0.38297057509414695,0.3233973745239465,0.3191421459117891,0.27658985979021716,0.2553137167294312,0.21276143060785932,0.17446437309844506,0.1531882300376591,0.1276568583647155,0.10638071530392977,0.08935980085530125,0.06808365779451553,0.042552286121571914,0.042552286121571914,0.025531371672943618,0.021276143060785957,0.004255228612157427,0.0,0.0,0.0,0.0,0.004255228612157427,0.021276143060785957,0.042552286121571914,0.046807514733729336,0.06808365779451553,0.08510457224314383,0.10638071530392977,0.14893300142550145,0.14893300142550145,0.1702091444862874,0.21276143060785932,0.2553137167294312,0.27658985979021716,0.3191421459117891,0.3191421459117891,0.361694432033361,0.361694432033361,0.361694432033361,0.38297057509414695,0.4042467181549327,0.4297780898278761,0.46807514733729055,0.5106274334588624,0.5531797195804343,0.5744558626412203,0.5957320057020062,0.6170081487627922,0.6382842918235782,0.6382842918235782,0.6170081487627922,0.6170081487627922,0.5957320057020062,0.5957320057020062,0.5744558626412203,0.5744558626412203,0.5531797195804343,0.5531797195804343,0.5319035765196484,0.5106274334588624,0.5106274334588624,0.4893512903980765,0.46807514733729055,0.46807514733729055,0.4467990042765046,0.4042467181549327,0.38297057509414695,0.361694432033361,0.34041828897257503,0.34041828897257503,0.3191421459117891,0.3191421459117891,0.2978660028510031,0.2978660028510031,0.2978660028510031,0.2978660028510031,0.2978660028510031,0.27658985979021716,0.27658985979021716,0.27658985979021716,0.27658985979021716,0.27658985979021716,0.27658985979021716,0.27658985979021716,0.27658985979021716,0.27658985979021716,0.27658985979021716,0.27658985979021716,0.27658985979021716,0.27658985979021716,0.27658985979021716,0.27658985979021716,0.27658985979021716,0.2978660028510031,0.2978660028510031,0.2978660028510031,0.3191421459117891,0.3191421459117891,0.3191421459117891,0.34041828897257503,0.34041828897257503,0.361694432033361,0.3659496606455184,0.38297057509414695,0.38297057509414695,0.38297057509414695,0.3872258037063046,0.4042467181549327,0.4042467181549327,0.42552286121571864,0.42552286121571864,0.42552286121571864,0.4467990042765046,0.45105423288866203,0.46807514733729055,0.4723303759494482,0.4893512903980765,0.5106274334588624,0.5319035765196484,0.5319035765196484,0.5531797195804343,0.5531797195804343,0.5531797195804343,0.5531797195804343,0.5744558626412203,0.5744558626412203,0.5787110912533775,0.5957320057020062,0.6170081487627922,0.6170081487627922,0.6170081487627922,0.6212633773749496,0.6212633773749496,0.6382842918235782,0.6382842918235782,0.6382842918235782,0.6382842918235782,0.6382842918235782,0.6382842918235782,0.6382842918235782,0.6382842918235782,0.6382842918235782,0.6382842918235782,0.6170081487627922,0.6170081487627922,0.6170081487627922,0.6170081487627922,0.6170081487627922,0.6170081487627922,0.6170081487627922,0.6170081487627922,0.6170081487627922,0.5999872343141642,0.5957320057020062,0.5787110912533775,0.5744558626412203,0.5531797195804343,0.5531797195804343,0.5531797195804343,0.5319035765196484,0.5319035765196484,0.5319035765196484,0.5319035765196484,0.5106274334588624,0.5106274334588624,0.5106274334588624,0.5106274334588624,0.5106274334588624,0.5106274334588624,0.4893512903980765,0.4893512903980765,0.4893512903980765,0.4893512903980765,0.4893512903980765,0.4893512903980765,0.4893512903980765,0.4893512903980765,0.4893512903980765,0.4893512903980765,0.4893512903980765,0.4893512903980765,0.46807514733729055,0.46807514733729055,0.46807514733729055,0.46807514733729055,0.45105423288866203,0.45105423288866203,0.46807514733729055,0.46807514733729055,0.46807514733729055,0.45105423288866203,0.45105423288866203,0.4467990042765046,0.4467990042765046,0.4467990042765046,0.4467990042765046,0.4467990042765046,0.4467990042765046,0.4467990042765046,0.4467990042765046,0.4467990042765046
7105945,0.23808956929596914,0.23808956929596914,0.23808956929596914,0.23808956929596914,0.23808956929596914,0.23808956929596914,0.2618985262255661,0.2618985262255661,0.2618985262255661,0.2618985262255661,0.2618985262255661,0.2618985262255661,0.2618985262255661,0.2618985262255661,0.2618985262255661,0.2618985262255661,0.2618985262255661,0.2618985262255661,0.2618985262255661,0.2618985262255661,0.2618985262255661,0.2618985262255661,0.2618985262255661,0.2618985262255661,0.2618985262255661,0.2618985262255661,0.2618985262255661,0.2618985262255661,0.2618985262255661,0.2618985262255661,0.2618985262255661,0.2618985262255661,0.2618985262255661,0.2618985262255661,0.2618985262255661,0.2618985262255661,0.2618985262255661,0.2618985262255661,0.2618985262255661,0.2618985262255661,0.2618985262255661,0.2618985262255661,0.2618985262255661,0.2618985262255661,0.28094569176924383,0.2857074831551629,0.2857074831551629,0.2857074831551629,0.2857074831551629,0.30951644008475987,0.3285636056284376,0.3333253970143568,0.3333253970143568,0.35237256255803456,0.35713435394395365,0.35713435394395365,0.3809433108735506,0.3809433108735506,0.3809433108735506,0.3809433108735506,0.3809433108735506,0.40475226780314755,0.40475226780314755,0.40475226780314755,0.40475226780314755,0.42856122473274444,0.42856122473274444,0.42856122473274444,0.4523701816623414,0.4523701816623414,0.47617913859193817,0.4999880955215351,0.4999880955215351,0.5237970524511321,0.5237970524511321,0.547606009380729,0.571414966310326,0.6190328801695197,0.6190328801695197,0.6190328801695197,0.6666507940287136,0.6666507940287136,0.6904597509583105,0.6904597509583105,0.6904597509583105,0.7142687078879074,0.7380776648175044,0.7380776648175044,0.7380776648175044,0.7618866217471011,0.7618866217471011,0.785695578676698,0.8095045356062949,0.8333134925358918,0.8333134925358918,0.8571224494654888,0.8809314063950857,0.8904549891669248,0.9047403633246827,0.9285493202542796,0.9285493202542796,0.9333111116401992,0.9380729030261183,0.9523582771838766,0.9475964857979574,0.9523582771838766,0.9761672341134734,0.9761672341134734,0.9999761910430703,0.9999761910430703,0.9999761910430703,0.9761672341134734,0.9761672341134734,0.9523582771838766,0.9523582771838766,0.9523582771838766,0.9047403633246827,0.9047403633246827,0.9047403633246827,0.9047403633246827,0.9047403633246827,0.9047403633246827,0.9047403633246827,0.9285493202542796,0.9285493202542796,0.9285493202542796,0.9285493202542796,0.9285493202542796,0.9285493202542796,0.9285493202542796,0.9285493202542796,0.9523582771838766,0.9523582771838766,0.9523582771838766,0.9761672341134734,0.9999761910430703,0.9999761910430703,0.9999761910430703,0.9999761910430703,0.9761672341134734,0.9523582771838766,0.9523582771838766,0.9285493202542796,0.8809314063950857,0.8333134925358918,0.8095045356062949,0.785695578676698,0.7618866217471011,0.7380776648175044,0.6904597509583105,0.6190328801695197,0.5952239232399228,0.547606009380729,0.4999880955215351,0.4999880955215351,0.4523701816623414,0.4523701816623414,0.42856122473274444,0.42856122473274444,0.3809433108735506,0.35713435394395365,0.3333253970143568,0.30951644008475987,0.2857074831551629,0.23808956929596914,0.23808956929596914,0.2142806123663722,0.2142806123663722,0.19047165543677533,0.1666626985071784,0.1666626985071784,0.14285374157758146,0.14285374157758146,0.1190447846479846,0.1190447846479846,0.1190447846479846,0.1190447846479846,0.09523582771838766,0.09523582771838766,0.09523582771838766,0.09523582771838766,0.09523582771838766,0.07142687078879073,0.07142687078879073,0.07142687078879073,0.07142687078879073,0.07142687078879073,0.07142687078879073,0.04761791385919383,0.04761791385919383,0.04761791385919383,0.04761791385919383,0.04761791385919383,0.04761791385919383,0.04761791385919383,0.04761791385919383,0.04761791385919383,0.04761791385919383,0.04761791385919383,0.04761791385919383,0.04761791385919383,0.04761791385919383,0.04761791385919383,0.04761791385919383,0.07142687078879073,0.07142687078879073,0.07142687078879073,0.07142687078879073,0.09523582771838766,0.09523582771838766,0.09523582771838766,0.09523582771838766,0.1190447846479846,0.1190447846479846,0.14285374157758146,0.14285374157758146,0.14285374157758146,0.14285374157758146,0.14285374157758146,0.1666626985071784,0.1666626985071784,0.1666626985071784,0.19047165543677533,0.1666626985071784,0.1666626985071784,0.1666626985071784,0.19047165543677533,0.19047165543677533,0.19047165543677533,0.19047165543677533,0.19047165543677533,0.19047165543677533,0.19047165543677533,0.19047165543677533,0.19047165543677533,0.19047165543677533,0.19047165543677533,0.1666626985071784,0.14285374157758146,0.14285374157758146,0.1190447846479846,0.1190447846479846,0.1190447846479846,0.1190447846479846,0.1190447846479846,0.09523582771838766,0.09523582771838766,0.07142687078879073,0.07142687078879073,0.07142687078879073,0.07142687078879073,0.07142687078879073,0.07142687078879073,0.04761791385919383,0.04761791385919383,0.04761791385919383,0.04761791385919383,0.023808956929596933,0.023808956929596933,0.023808956929596933,0.023808956929596933,0.023808956929596933,0.023808956929596933,0.014285374157758622,0.0,0.0,0.0,0.0,0.0,0.0,0.0,0.0,0.0,0.0,0.0,0.0,0.0,0.0,0.0,0.0,0.023808956929596933,0.023808956929596933,0.023808956929596933,0.038094331087355555,0.04761791385919383,0.07142687078879073,0.07142687078879073,0.09523582771838766,0.1190447846479846,0.1190447846479846,0.1190447846479846,0.14285374157758146,0.1666626985071784,0.1666626985071784,0.1666626985071784,0.19047165543677533,0.19047165543677533,0.2142806123663722,0.2142806123663722,0.2142806123663722,0.2142806123663722,0.2142806123663722,0.23808956929596914,0.23808956929596914,0.23808956929596914,0.23808956929596914,0.23808956929596914,0.23808956929596914,0.23808956929596914,0.23808956929596914,0.23808956929596914,0.23808956929596914,0.23808956929596914,0.23808956929596914,0.23808956929596914,0.23808956929596914,0.23808956929596914,0.23808956929596914,0.23808956929596914,0.23808956929596914,0.23808956929596914,0.23808956929596914,0.23808956929596914,0.23808956929596914,0.23808956929596914,0.23808956929596914,0.23808956929596914,0.23808956929596914,0.23808956929596914,0.23808956929596914,0.23808956929596914,0.23808956929596914,0.23808956929596914,0.23808956929596914,0.23808956929596914,0.23808956929596914,0.23808956929596914,0.23808956929596914,0.23808956929596914,0.23808956929596914,0.23808956929596914,0.23808956929596914,0.23808956929596914,0.23808956929596914,0.23808956929596914,0.23808956929596914,0.23808956929596914,0.23808956929596914,0.23808956929596914,0.23808956929596914,0.23808956929596914,0.23808956929596914,0.21904240375229184,0.21904240375229184,0.21904240375229184,0.2142806123663722,0.21904240375229184,0.23808956929596914,0.23808956929596914,0.23808956929596914,0.23808956929596914,0.23808956929596914,0.23808956929596914,0.23808956929596914,0.23808956929596914,0.23808956929596914
7106300,0.7525464903668956,0.7527949375410015,0.7527949375410015,0.7527949375410015,0.7527949375410015,0.7540371734115311,0.7580123281972264,0.7649688490721926,0.7711800284248411,0.7773912077774897,0.7786334436480193,0.7826085984337144,0.7850930701747739,0.7863353060453036,0.7875775419158333,0.7898135664827867,0.7962731930095414,0.8022359251880837,0.8022359251880837,0.8037266082327195,0.8064595271478848,0.8146582838933808,0.822360146290665,0.8270806425986779,0.8293166671656315,0.8395030013039749,0.8643477187145691,0.8705588980672178,0.877018524593972,0.8891924361251632,0.9016147948304603,0.9036023722233077,0.9264595122410543,0.9391303181204572,0.948819757910589,0.9537887013927079,0.9637265883569455,0.9637265883569455,0.9664595072721108,0.9761489470622425,0.9761489470622425,0.9761489470622425,0.9761489470622425,0.9773911829327722,0.9801241018479375,0.982608573588997,0.9885713057675396,0.9900619888121753,0.9925464605532346,0.9935402492496584,0.9937886964237643,0.9975154040353534,0.9999998757764129,0.9987576399058831,0.9962731681648238,0.9960247209907177,0.9950309322942941,0.991304224682705,0.9898135416380692,0.9885713057675396,0.9885713057675396,0.9853414925041623,0.9836023622854208,0.9783849716291961,0.9783849716291961,0.9761489470622425,0.9761489470622425,0.974161369669395,0.973664475321183,0.9677017431426405,0.9642234827051575,0.9582607505266149,0.957515409004297,0.9513042296516484,0.9465837333436357,0.9393787652945633,0.927701748111584,0.9264595122410543,0.9254657235446305,0.9140371535357573,0.9021116891786721,0.8971427456965533,0.8881986474287394,0.8767700774198661,0.8643477187145691,0.851925360009272,0.8395030013039749,0.8310557973843731,0.822608593464771,0.8022359251880837,0.7773912077774897,0.7525464903668956,0.7401241316615985,0.717515438817958,0.6983850064118005,0.6770185494386897,0.6546583037691548,0.6407452620192221,0.628322903313925,0.6129191785193567,0.5910558271980338,0.5619875078276387,0.5413663923768456,0.5214906184483704,0.493416087774399,0.47055894775665236,0.4462111246942702,0.4332918716407612,0.4255900092434772,0.4171428053238751,0.40472044661857803,0.39503100682844633,0.3903105105204335,0.3798757292079839,0.37863349333745416,0.37763970464103047,0.3701862894178522,0.36745337050268684,0.3664595818062631,0.35503101179738983,0.35503101179738983,0.35503101179738983,0.3470807022259998,0.33913039265460954,0.32198753764129967,0.3095651789360026,0.30062108066818877,0.29068319370395107,0.2881987219628917,0.28695648609236196,0.28074530673971343,0.2804968595656075,0.2804968595656075,0.2804968595656075,0.2804968595656075,0.28074530673971343,0.2804968595656075,0.28695648609236196,0.2896894050075273,0.2881987219628917,0.2931676654450105,0.29416145414143424,0.29416145414143424,0.2929192182709045,0.282981331306667,0.282981331306667,0.282981331306667,0.282981331306667,0.27950307086918375,0.27925462369507775,0.27726704630223037,0.27229810282011147,0.27080741977547584,0.2732918915165352,0.27950307086918375,0.2804968595656075,0.28198754261024317,0.2929192182709045,0.2929192182709045,0.2929192182709045,0.29093164087805706,0.29093164087805706,0.28074530673971343,0.2732918915165352,0.2645962404228273,0.25565214215501336,0.25316767041395394,0.24322978344971632,0.2382608399675975,0.22881984735157176,0.2149068056016391,0.20024842232938858,0.1935403486285281,0.17267078600362903,0.16273289903939145,0.15428569511978943,0.1438509138073399,0.14285712511091614,0.1416148892403864,0.1207453266154874,0.10683228486555468,0.0971428450754231,0.0817391202808546,0.07204968049072288,0.06931676157555755,0.05689440287026049,0.05689440287026049,0.044472044164963434,0.03204968545966638,0.03204968545966638,0.019627326754369324,0.019627326754369324,0.010434781312449569,0.0072049680490722705,0.006211179352648527,0.001490683044635659,0.0,0.001490683044635659,0.006211179352648527,0.0072049680490722705,0.013416147401720799,0.019627326754369324,0.019627326754369324,0.03204968545966638,0.043478255468539694,0.044472044164963434,0.055652166999730766,0.06260868787469719,0.06931676157555755,0.07254657483893484,0.0817391202808546,0.09416147898615165,0.1065838376914487,0.12372669270475876,0.14881985728945868,0.15627327251263692,0.1590061914278024,0.1818633314455489,0.19950308080707083,0.21888196038733415,0.244720466494352,0.2680745008603104,0.2680745008603104,0.27950307086918375,0.2804968595656075,0.28074530673971343,0.28074530673971343,0.28074530673971343,0.2804968595656075,0.2804968595656075,0.2804968595656075,0.2680745008603104,0.2680745008603104,0.2680745008603104,0.2680745008603104,0.2680745008603104,0.27627325760580645,0.27925462369507775,0.27627325760580645,0.27925462369507775,0.27627325760580645,0.2688198423826283,0.2688198423826283,0.2680745008603104,0.2680745008603104,0.2680745008603104,0.2516769873693184,0.258136613896073,0.25565214215501336,0.24770183258362324,0.24322978344971632,0.23080742474441926,0.23080742474441926,0.2186335132132282,0.20869562624899057,0.20596270733382516,0.20596270733382516,0.20596270733382516,0.20596270733382516,0.20596270733382516,0.2049689186374014,0.20596270733382516,0.20596270733382516,0.20596270733382516,0.20596270733382516,0.20596270733382516,0.20596270733382516,0.20596270733382516,0.20596270733382516,0.20596270733382516,0.20596270733382516,0.20596270733382516,0.20596270733382516,0.20596270733382516,0.20596270733382516,0.20596270733382516,0.2081987319007787,0.2183850660391222,0.21962730190965202,0.23080742474441926,0.23080742474441926,0.23527947387832637,0.2544099062844836,0.25888195541839065,0.2680745008603104,0.278012387824548,0.2859626973959383,0.30583847132441355,0.3187577243779225,0.33888194548050365,0.34260865309209276,0.37863349333745416,0.3985092672659295,0.4183850411944049,0.4419875227344692,0.46385087405579206,0.47925459885036037,0.5040993162609545,0.519254593881417,0.5413663923768456,0.5508073849928714,0.5786334684927368,0.6014906085104834,0.628322903313925,0.6407452620192221,0.6531676207245192,0.6655899794298161,0.6780123381351132,0.7028570555457073,0.7229812766482885,0.7289440088268313,0.742608603402658,0.7465837581883529,0.7490682299294124,0.7525464903668956,0.7530433847151076,0.7649688490721926,0.7773912077774897,0.7773912077774897,0.780869468214973,0.780869468214973,0.7900620136568927,0.784844623000668,0.7796272323444432,0.7776396549515956,0.7773912077774897,0.7744098416882185,0.7724222642953708,0.7664595321168282,0.759751458415968,0.7565216451525907,0.7562731979784847,0.751552701670472,0.7438508392731876,0.7401241316615985,0.7401241316615985,0.7401241316615985,0.7391303429651749,0.7391303429651749,0.7391303429651749,0.737639659920539,0.7366458712241153,0.7366458712241153,0.7341613994830558,0.7329191636125264,0.7326707164384203,0.7326707164384203,0.7326707164384203,0.7277017729563015,0.7277017729563015,0.7267079842598779,0.7217390407777589,0.7190061218625935,0.7195030162108055,0.7217390407777589,0.7195030162108055,0.721490593603653,0.721490593603653,0.7229812766482885,0.7267079842598779,0.7267079842598779,0.7277017729563015,0.7277017729563015,0.7277017729563015,0.7277017729563015,0.7279502201304073
7106500,0.7570956262821092,0.7513750548542294,0.7496148790302664,0.7496148790302664,0.747194637272317,0.742574175734414,0.7434542636463957,0.747194637272317,0.748294747162294,0.7570956262821092,0.7579757141940908,0.7579757141940908,0.7584157581500817,0.7606159779300354,0.7645763735339524,0.7689768130938599,0.7689768130938599,0.7744773625437444,0.7746973845217398,0.7757974944117167,0.7804179559496198,0.7898789010034213,0.7909790108933981,0.7936192746293429,0.8129812086929363,0.8129812086929363,0.8239823075927054,0.8239823075927054,0.8261825273726593,0.8426841757223129,0.8569856042920126,0.8701869229717358,0.8803079339595232,0.8932892306612507,0.9012100218690844,0.9236522636246135,0.9339932965903964,0.9449943954901655,0.9449943954901655,0.9449943954901655,0.9449943954901655,0.9559954943899346,0.9559954943899346,0.9559954943899346,0.9669965932897037,0.9669965932897037,0.9779976921894727,0.9889987910892418,0.9889987910892418,0.9889987910892418,0.999999889989011,0.999999889989011,0.999999889989011,0.999999889989011,0.999999889989011,0.999999889989011,0.999999889989011,0.999999889989011,0.9889987910892418,0.9889987910892418,0.9889987910892418,0.9889987910892418,0.9889987910892418,0.9779976921894727,0.9779976921894727,0.9779976921894727,0.9779976921894727,0.9669965932897037,0.9669965932897037,0.9669965932897037,0.9669965932897037,0.9581957141698886,0.9559954943899346,0.9559954943899346,0.9449943954901655,0.9449943954901655,0.9339932965903964,0.9339932965903964,0.9234322416466181,0.9210119998886688,0.9119910987908582,0.9009899998910891,0.8902089229693153,0.8862485273653985,0.8754674504436248,0.8578656922039942,0.8462045273702389,0.834103318580493,0.8085807691330288,0.7942793405633288,0.7711770328738139,0.7579757141940908,0.7359735163945526,0.7139713185950144,0.702090131783264,0.6809680218957072,0.669966922995938,0.6422441537685201,0.6369636262966307,0.6259625273968616,0.6039603295973234,0.5733772746559653,0.5480747471864966,0.5260725493869582,0.5031902636754385,0.4939493405996324,0.48294824169986333,0.45434538456046364,0.4319031428049348,0.4279427472010178,0.4116611208293597,0.3995599120396136,0.39515947247970595,0.3861385713818953,0.38041799995401543,0.37337729665816316,0.3700769669882324,0.3584158021544772,0.35335529666058335,0.3511550768806296,0.35225518677060647,0.35335529666058335,0.35093505490263416,0.34037399995885587,0.33883384611288814,0.32893285710309594,0.3236523296312068,0.31793175820332686,0.3034103076556317,0.2915291208438811,0.2895489230419226,0.2895489230419226,0.285148483482015,0.28668863732798255,0.28492846150401957,0.2803079999661166,0.2750274724942275,0.2750274724942275,0.28492846150401957,0.285148483482015,0.2869086593059781,0.29108907688789026,0.29724969227176107,0.29724969227176107,0.29724969227176107,0.29592956040378865,0.29592956040378865,0.29416938457982567,0.2904290109539041,0.28492846150401957,0.28404837359203805,0.2743674065602413,0.2743674065602413,0.2785478241421535,0.2829482637020611,0.2800879779881212,0.2800879779881212,0.2785478241421535,0.2785478241421535,0.2783278021641581,0.27744771425217657,0.27392736260425044,0.27194716480229203,0.2532452966726847,0.23894386810298474,0.21914189008340038,0.21672164832545113,0.19911989008582062,0.18723870327407002,0.175137494484324,0.16391637360655947,0.143454329652989,0.13091307690725218,0.1135313406456171,0.10891087910771398,0.10033002196589408,0.09680967031796796,0.09174916482407425,0.08822881317614809,0.08690868130817578,0.08690868130817578,0.07590758240840668,0.06930692306854522,0.06182617581670223,0.05390538460886849,0.04290428570909939,0.04290428570909939,0.035423538457256404,0.03190318680933029,0.020902087909561193,0.016721670327648985,0.01342134065771821,0.009900989009792095,0.009900989009792095,0.005720571427879829,0.0,0.005720571427879829,0.009900989009792095,0.009900989009792095,0.009900989009792095,0.009900989009792095,0.014741472525690512,0.0231023076895152,0.042024197797117885,0.04290428570909939,0.05390538460886849,0.06490648350863759,0.07238723076048065,0.07590758240840668,0.07832782416635588,0.08844883515414358,0.1012101098778757,0.11991197800748309,0.1324532307532199,0.15093507690483193,0.16391637360655947,0.17161714283639784,0.18591857140609766,0.20792076920563587,0.21430140656750202,0.22046202195137266,0.24356432964088784,0.2519251648047123,0.25258523073869843,0.25940591205655533,0.2642463955724538,0.27018698897832893,0.2642463955724538,0.26292626370448136,0.25940591205655533,0.26292626370448136,0.25258523073869843,0.24092406590494317,0.24092406590494317,0.24092406590494317,0.24092406590494317,0.24356432964088784,0.24356432964088784,0.24092406590494317,0.24092406590494317,0.24092406590494317,0.2356435384330541,0.23146312085114173,0.22640261535724804,0.21892186810540495,0.21892186810540495,0.21892186810540495,0.21892186810540495,0.21892186810540495,0.21892186810540495,0.21892186810540495,0.21144112085356198,0.20792076920563587,0.20484046151370058,0.20264024173374673,0.1973597142618576,0.20264024173374673,0.1973597142618576,0.1973597142618576,0.19691967030586677,0.19691967030586677,0.19691967030586677,0.19691967030586677,0.1973597142618576,0.1973597142618576,0.20154013184376982,0.20154013184376982,0.20154013184376982,0.20154013184376982,0.20572054942568202,0.203960373601719,0.20572054942568202,0.20792076920563587,0.20792076920563587,0.20792076920563587,0.21804178019342346,0.21892186810540495,0.22992296700517406,0.2303630109611649,0.24092406590494317,0.24202417579492008,0.26292626370448136,0.27392736260425044,0.28646861534998724,0.30693065930355773,0.31793175820332686,0.32893285710309594,0.3333332966630036,0.35093505490263416,0.36193615380240324,0.37733769226207997,0.40594054940147967,0.42332228566311486,0.4558855384064314,0.48954890103972487,0.5159515383991706,0.5388338241106905,0.5599559339982471,0.5819581317977852,0.5929592306975543,0.6110010328931756,0.6369636262966307,0.6479647251963998,0.6594058680521597,0.6818481098076887,0.7029702196952453,0.7100109229910976,0.7194718680448989,0.7249724174947835,0.7359735163945526,0.7469746152943217,0.7570956262821092,0.7579757141940908,0.7579757141940908,0.7579757141940908,0.7581957361720861,0.7592958460620631,0.7623761537539985,0.7639163075999662,0.7661165273799201,0.767876703203883,0.7639163075999662,0.7623761537539985,0.76039595595204,0.7579757141940908,0.7504949669422479,0.7469746152943217,0.7469746152943217,0.7452144394703587,0.7427941977124095,0.743674285624391,0.7452144394703587,0.7438943076023863,0.743674285624391,0.743674285624391,0.743674285624391,0.743674285624391,0.743674285624391,0.7438943076023863,0.7452144394703587,0.7469746152943217,0.7469746152943217,0.7469746152943217,0.7469746152943217,0.7469746152943217,0.7469746152943217,0.7469746152943217,0.7480747251842985,0.7480747251842985,0.7469746152943217,0.7469746152943217,0.7438943076023863,0.743674285624391,0.743674285624391,0.743674285624391,0.7438943076023863,0.7447743955143679,0.7469746152943217,0.7469746152943217,0.7469746152943217,0.7469746152943217,0.7469746152943217,0.7469746152943217,0.7469746152943217,0.7469746152943217,0.7469746152943217
7108900,0.44576249332277246,0.4302078792307017,0.42283990413445727,0.40769462199217776,0.4064666261428035,0.4064666261428035,0.4064666261428035,0.4064666261428035,0.39827998714697666,0.39827998714697666,0.3929586717996894,0.3929586717996894,0.38886535230177605,0.38886535230177605,0.3864093606030279,0.3860000286532364,0.3860000286532364,0.3860000286532364,0.3823160411051146,0.3696267506615827,0.3553001324188856,0.34506683367410207,0.33892685442723186,0.324600236184535,0.324600236184535,0.2971749955485149,0.2861230329041488,0.28366704120540065,0.28366704120540065,0.28366704120540065,0.2738430744104088,0.26974975491249503,0.28366704120540065,0.28366704120540065,0.28366704120540065,0.28366704120540065,0.28366704120540065,0.28366704120540065,0.28366704120540065,0.28366704120540065,0.28366704120540065,0.28366704120540065,0.28366704120540065,0.2820297134062353,0.27507107025978245,0.26974975491249503,0.26770309516353835,0.2656564354145817,0.2636097756656248,0.2656564354145817,0.2656564354145817,0.26770309516353835,0.26974975491249503,0.26770309516353835,0.26770309516353835,0.26401910761541614,0.26770309516353835,0.2746617383099912,0.2820297134062353,0.27998305365727877,0.2746617383099912,0.26320044371583357,0.2599257881175028,0.2427338462262663,0.2427338462262663,0.2222672487366992,0.21694593338941195,0.2099872902429588,0.1903393566529747,0.18133405375756484,0.18133405375756484,0.18133405375756484,0.17969672595839947,0.18133405375756484,0.17969672595839947,0.1711007550127813,0.16086745626799775,0.16086745626799775,0.16086745626799775,0.16086745626799775,0.16086745626799775,0.16086745626799775,0.14285685047717847,0.1404008587784305,0.1404008587784305,0.1350795434311431,0.1211622571382375,0.11993426128886342,0.11993426128886342,0.11665960569053267,0.11665960569053267,0.11665960569053267,0.1080636347449145,0.09946766379929615,0.09946766379929615,0.09946766379929615,0.09946766379929615,0.11665960569053267,0.11993426128886342,0.1404008587784305,0.1404008587784305,0.1404008587784305,0.1404008587784305,0.1404008587784305,0.16086745626799775,0.16086745626799775,0.16086745626799775,0.16086745626799775,0.18133405375756484,0.18133405375756484,0.18133405375756484,0.18133405375756484,0.2345472072304396,0.26320044371583357,0.28366704120540065,0.30413363869496773,0.324600236184535,0.3655334311636693,0.4064666261428035,0.4482184850215206,0.5087996135906393,0.5497328085697738,0.5710180699589235,0.5873913479505776,0.6185005761347195,0.6438791570217837,0.6938176548963264,0.7355695137750435,0.7568547751641932,0.7748653809550125,0.7765027087541777,0.7855080116495877,0.8432238165701671,0.881291687900762,0.8976649658924153,0.8976649658924153,0.9140382438840705,0.9836246753485978,0.9999979533402511,0.9999979533402511,0.9140382438840705,0.8976649658924153,0.8976649658924153,0.8976649658924153,0.8976649658924153,0.8976649658924153,0.8976649658924153,0.8546851111643241,0.7953319784445796,0.762585422461272,0.6934083229465352,0.6315991985280421,0.6135885927372235,0.590666003548908,0.5722460658082976,0.5534167961178964,0.5497328085697738,0.5276288832810412,0.5087996135906393,0.5087996135906393,0.48423969660315885,0.45067447672026895,0.4473998211219379,0.4269332236323708,0.4072852900423863,0.3810880452557403,0.32787489178286594,0.324600236184535,0.30740829429329886,0.30413363869496773,0.30413363869496773,0.26974975491249525,0.2636097756656248,0.26320044371583357,0.25296714497104983,0.22472324043544753,0.20425664294588008,0.18133405375756484,0.16086745626799775,0.15759280066966702,0.12443691273656825,0.11993426128886342,0.10069565964867042,0.09946766379929615,0.08759703725534759,0.08022906215910314,0.07900106630972907,0.07900106630972907,0.07327041901265036,0.0634464522176583,0.06099046051891013,0.06385578416744958,0.0757264107113985,0.0757264107113985,0.07900106630972907,0.08022906215910314,0.09742100405033947,0.09783033600013077,0.09946766379929615,0.10069565964867042,0.10233298744783578,0.11379428204199322,0.11461294594157619,0.11993426128886342,0.1404008587784305,0.14735950192488328,0.16086745626799775,0.18133405375756484,0.20261931514671472,0.2427338462262663,0.2636097756656248,0.30249631089580237,0.33769885857785814,0.3606214477661734,0.3860000286532364,0.4154719290382132,0.4269332236323708,0.4310265431302845,0.4494464808708945,0.5022503023939782,0.5173955845362578,0.5292662110802063,0.5317222027789545,0.5317222027789545,0.5419555015237383,0.5538261280676872,0.5701994060593409,0.5701994060593409,0.5701994060593409,0.5701994060593409,0.5701994060593409,0.5538261280676872,0.512892933088553,0.49529165924752516,0.4883330161010722,0.4682757505612964,0.42734255558216244,0.4064666261428035,0.3909120120507327,0.3860000286532364,0.3655334311636693,0.3286935556824485,0.30618029844392475,0.28366704120540065,0.2464178337743887,0.2222672487366992,0.1903393566529747,0.16086745626799775,0.1404008587784305,0.12402758078677713,0.11788760153990674,0.09455568040180021,0.07900106630972907,0.058534468820161986,0.05198515762350067,0.039705199129760275,0.03806787133059472,0.014326618242696886,0.0,0.006139979246870198,0.020466597489567265,0.03806787133059472,0.039705199129760275,0.04625451032642159,0.05198515762350067,0.058534468820161986,0.06262778831807533,0.0826850538578513,0.09619300820096541,0.09046236090388687,0.08759703725534723,0.09619300820096541,0.09946766379929615,0.10028632769887894,0.11011029449387118,0.11993426128886342,0.1207529251884462,0.1268929044353164,0.13712620318009994,0.1404008587784305,0.1453128421759268,0.1534994811717537,0.1592301284688324,0.1702820911131989,0.18133405375756484,0.18133405375756484,0.18174338570735632,0.18788336495422653,0.1956606720002619,0.19811666369900988,0.2091686263433762,0.2222672487366992,0.23127255163210866,0.24355251012584905,0.25296714497104983,0.26320044371583357,0.26320044371583357,0.2656564354145817,0.28366704120540065,0.28776036070331396,0.29471900384976696,0.30413363869496773,0.32132558058620425,0.32582823203390904,0.34506683367410207,0.34506683367410207,0.34506683367410207,0.34711349342305875,0.356937460218051,0.36389610336450395,0.36594276311346063,0.3810880452557403,0.3860000286532364,0.3872280245026105,0.3925493398498981,0.39541466349843735,0.39541466349843735,0.4048292983436381,0.4064666261428035,0.4048292983436381,0.4048292983436381,0.4048292983436381,0.4064666261428035,0.4064666261428035,0.4064666261428035,0.40769462199217776,0.4126066053896737,0.413015937339465,0.4146532651386304,0.4146532651386304,0.4146532651386304,0.40687595809259497,0.4064666261428035,0.4048292983436381,0.4003266468959335,0.4003266468959335,0.3970519912976027,0.4003266468959335,0.4003266468959335,0.4064666261428035,0.4064666261428035,0.4064666261428035,0.4064666261428035,0.4044199663938468,0.4003266468959335,0.3970519912976027,0.3970519912976027,0.39623332739802,0.3945959995988546,0.3941866676490633,0.3941866676490633,0.3941866676490633,0.3941866676490633,0.39623332739802,0.39623332739802,0.39623332739802,0.3945959995988546,0.39623332739802,0.39623332739802,0.3945959995988546,0.3945959995988546,0.3970519912976027,0.4064666261428035,0.40851328589176034,0.40851328589176034,0.40933194979134313
7109500,0.013285253242690708,0.012336306582498515,0.012336306582498515,0.012336306582498515,0.012336306582498515,0.012146517250460034,0.012146517250460034,0.013095463910652227,0.013095463910652227,0.013095463910652227,0.013095463910652227,0.01404441057084442,0.014234199902882902,0.014993357231036614,0.014993357231036614,0.014993357231036614,0.015183146563075095,0.015183146563075095,0.015942303891228807,0.014993357231036614,0.014993357231036614,0.01404441057084442,0.01404441057084442,0.01404441057084442,0.01404441057084442,0.014993357231036614,0.014993357231036614,0.014993357231036614,0.015942303891228807,0.015942303891228807,0.015942303891228807,0.015942303891228807,0.015942303891228807,0.015942303891228807,0.015942303891228807,0.01613209322326729,0.016891250551421,0.016891250551421,0.017840197211613194,0.018789143871805386,0.018789143871805386,0.018789143871805386,0.018789143871805386,0.018789143871805386,0.01897893320384387,0.01973809053199758,0.01973809053199758,0.01973809053199758,0.01973809053199758,0.020687037192189773,0.021635983852381968,0.02258493051257416,0.024482823832958547,0.02467261316499703,0.026380717153342934,0.02827861047372732,0.030176503794111707,0.0320743971144961,0.0320743971144961,0.03492123709507267,0.035111026427111156,0.03587018375526487,0.038717023735841447,0.039665970396033645,0.04156386371641803,0.04251281037661022,0.04441070369699461,0.0453596503571868,0.0453596503571868,0.04725754367757119,0.048206490337763384,0.05029417299018625,0.05390017029891655,0.056747010279493124,0.0635794262328769,0.06832415953383793,0.07287910350276042,0.078762572795952,0.08426646342506673,0.09242740470271968,0.10058834598037256,0.1081799192619101,0.11197570590267888,0.11956727918421643,0.12602011647352324,0.13000569244633056,0.13380147908709933,0.14329094568902115,0.1459479963375593,0.14917441498221284,0.1527804122909432,0.15657619893171199,0.15828430292005782,0.1586638815841347,0.15828430292005782,0.16037198557248075,0.1620800895608266,0.16530650820548004,0.16777376952197975,0.16777376952197975,0.16967166284236415,0.17365723881517134,0.17650407879574803,0.1793509187763246,0.18105902276467048,0.18978933203843876,0.19168722535882313,0.19434427600736118,0.19529322266755336,0.1973809053199763,0.20117669196074506,0.20611121459374446,0.21237426255101285,0.2190168891723582,0.2269880411179726,0.23628771838785617,0.24368950233735523,0.2484342356383162,0.25906243823246883,0.2708293768188521,0.28373505139746585,0.2926551500032724,0.3072689285702322,0.3123932405352701,0.3205541818129229,0.32909470175465266,0.3340292243876521,0.34351869098957405,0.35661415490022624,0.3623078348613794,0.3681913041545711,0.3755930881040701,0.38603150136618425,0.39020686667103,0.39931675460887495,0.4088062212107969,0.41563863716418076,0.42987283706706364,0.4403112503291777,0.45302713557575325,0.48756879400674896,0.5131903538319382,0.544695382950319,0.5560827428726254,0.5974568172570051,0.6308597396957701,0.6462326755908837,0.6608464541578435,0.6927310619403012,0.7342949256567193,0.7532738588605631,0.7931296185886355,0.8405769515982452,0.8671474580836264,0.8861263912874702,0.8956158578893921,0.8975137512097765,0.9259821510155426,0.9620421241028457,0.9810210573066895,0.9905105239086115,0.9999999905105335,0.9999999905105335,0.9999999905105335,0.9999999905105335,0.9905105239086115,0.9734294840251521,0.9715315907047676,0.9639400174232303,0.9620421241028457,0.9544505508213084,0.9430631908990018,0.9164926844136206,0.8956158578893921,0.8785348180059329,0.8671474580836264,0.8405769515982452,0.8291895916759386,0.8102106584720947,0.7646612187828696,0.7456822855790256,0.7248054590547973,0.7077244191713379,0.6811539126859564,0.6498386728996141,0.6340861583404236,0.6285822677113089,0.6170051184569642,0.6014423932298123,0.58834692931916,0.5699373641114313,0.5557031642085485,0.5541848495522409,0.5465932762707033,0.5399506496493581,0.5333080230280127,0.5302713937153977,0.5283735003950133,0.5276143430668596,0.5274245537348211,0.5240083457581292,0.5255266604144367,0.5226798204338601,0.516986140472707,0.5118618285076691,0.5112924605115537,0.5086354098630156,0.5084456205309772,0.5084456205309772,0.506168148546516,0.5000948899212859,0.49459099929217126,0.49345226329994046,0.4877585833387874,0.4868096366785952,0.48111595671744206,0.4718162794475586,0.4621370235135982,0.45834123687282946,0.4535965035718685,0.4498007169310997,0.44315809030975434,0.4355665170282168,0.417536530484565,0.4014044372612978,0.3884987626826841,0.38223571472541557,0.37293603745553205,0.3550958402439188,0.3328904883954214,0.31296260853138536,0.2922755713391956,0.27880052876446637,0.26646422218196786,0.24634655298589356,0.22869614510631867,0.21446194520343578,0.1954830119995919,0.18599354539766996,0.1802998654365168,0.16492692954140317,0.15999240690840383,0.1527804122909432,0.14480926034532873,0.14120326303659833,0.13740747639582956,0.12696906313371545,0.12431201248517729,0.11672043920363974,0.1100778125822945,0.10096792464444936,0.09299677269883501,0.08806225006583551,0.07952173012410577,0.07591573281537548,0.06813437020179945,0.06338963690083849,0.05769595693968532,0.05484911695910874,0.050104383658147775,0.0453596503571868,0.0436515463688409,0.04061491705622584,0.03795786640768774,0.03681913041545706,0.03681913041545706,0.037008919747495546,0.037768077075649255,0.037768077075649255,0.037768077075649255,0.03681913041545706,0.03321313310672677,0.0320743971144961,0.0320743971144961,0.0320743971144961,0.03131523978634238,0.031125450454303902,0.031125450454303902,0.03036629312615019,0.031125450454303902,0.03131523978634238,0.0320743971144961,0.03321313310672677,0.03587018375526487,0.037768077075649255,0.03890681306787993,0.04061491705622584,0.04251281037661022,0.04441070369699461,0.049155436997955576,0.05295122363872435,0.056747010279493124,0.0605427969202619,0.06547731955326135,0.07098121018237603,0.07667489014352918,0.08047067678429796,0.08236857010468235,0.08521541008525893,0.08711330340564331,0.0899601433862199,0.09185803670660428,0.09565382334737306,0.0909090900464121,0.08616435674545113,0.07952173012410577,0.07193015684256822,0.06813437020179945,0.06433858356103067,0.059593850260069706,0.051053330318339966,0.04346175703680242,0.037008919747495546,0.03302334377468829,0.030176503794111707,0.026380717153342934,0.02467261316499703,0.023533877172766355,0.021635983852381968,0.020687037192189773,0.01973809053199758,0.016891250551421,0.01404441057084442,0.012146517250460034,0.009489466601921934,0.00835073060969126,0.007401783949499066,0.006452837289306872,0.006452837289306872,0.005503890629114679,0.005503890629114679,0.003605997308730292,0.0018978933203843869,0.0009489466601921934,0.0007591573281537117,0.0,0.0007591573281537117,0.001708103988345905,0.001708103988345905,0.0018978933203843869,0.0026570506485380984,0.0028468399805765803,0.003605997308730292,0.003605997308730292,0.003605997308730292,0.003605997308730292,0.003605997308730292,0.003605997308730292,0.003605997308730292,0.003605997308730292,0.003605997308730292,0.003605997308730292,0.004554943968922485,0.004554943968922485,0.004554943968922485,0.005503890629114679,0.005503890629114679,0.005503890629114679,0.005503890629114679,0.005503890629114679,0.005503890629114679,0.005503890629114679,0.005503890629114679,0.006452837289306872,0.006452837289306872,0.007401783949499066
7116500,0.47961439003041556,0.47961439003041556,0.4812131046638505,0.49000603514774144,0.500397680265067,0.5059931814820886,0.5163848265994143,0.5195822558662836,0.5195822558662836,0.5195822558662836,0.5195822558662836,0.5395661887842176,0.5395661887842176,0.540365546100935,0.5515565485349778,0.5595501217021515,0.5595501217021515,0.5603494790188688,0.5723398387696292,0.5843301985203897,0.5995179875380194,0.5995179875380194,0.5995179875380194,0.6075115607051931,0.6123077046054974,0.6242980643562578,0.6394858533738875,0.640285210690605,0.6578710716583869,0.6794537192097554,0.6834505057933425,0.7194215850456234,0.7234183716292102,0.7314119447963838,0.7410042325969922,0.7593894508814913,0.7593894508814913,0.7689817386820997,0.7753765972158385,0.7801727411161427,0.783370170383012,0.7841695276997295,0.7873669569665989,0.7913637435501857,0.792163100866903,0.792163100866903,0.792163100866903,0.792163100866903,0.7913637435501857,0.7801727411161427,0.7761759545325558,0.7761759545325558,0.7753765972158385,0.7753765972158385,0.772179167948969,0.7681823813653823,0.7609881655149262,0.7593894508814913,0.7593894508814913,0.772179167948969,0.7761759545325558,0.7889656716000336,0.8001566740340765,0.8193412496352932,0.8233380362188801,0.8321309667027711,0.8393251825532273,0.8441213264535314,0.8593091154711612,0.864904616688183,0.8728981898553566,0.8792930483890953,0.8792930483890953,0.9160634849580939,0.9192609142249631,0.9216589861751154,0.943241633726484,0.9592287800608311,0.9592287800608311,0.9592287800608311,0.9592287800608311,0.9592287800608311,0.9592287800608311,0.9592287800608311,0.9959992166298298,0.9991966458966991,0.9991966458966991,0.9991966458966991,0.9999960032134164,0.9999960032134164,0.9991966458966991,0.9528339215270925,0.9192609142249631,0.9112673410577895,0.8792930483890953,0.8601084727878786,0.8401245398699447,0.8393251825532273,0.8209399642687281,0.7993573167173593,0.7993573167173593,0.7993573167173593,0.7961598874504898,0.783370170383012,0.7713798106322517,0.7649849520985128,0.7593894508814913,0.7593894508814913,0.7593894508814913,0.7362080886966881,0.7202209423623407,0.7194215850456234,0.7194215850456234,0.7162241557787541,0.6954408655441026,0.6794537192097554,0.6794537192097554,0.6730588606760166,0.6490781411744959,0.6394858533738875,0.6123077046054974,0.5995179875380194,0.5915244143708459,0.5835308412036723,0.5763366253532162,0.5595501217021515,0.5523559058516953,0.5387668314675005,0.5283751863501747,0.5203816131830009,0.5195822558662836,0.5035951095319363,0.4956015363647628,0.48520989124743724,0.47961439003041556,0.47961439003041556,0.47321953149667684,0.43964652419454764,0.43964652419454764,0.41646516200974437,0.39967865835867966,0.39648122909181027,0.39568187177509284,0.391685085191506,0.36130950715624655,0.3525165766723555,0.3365294303380083,0.32054228400366114,0.3013577084024446,0.27977506085107573,0.2653866291501634,0.2597911279331418,0.24460333891551203,0.24460333891551203,0.24380398159879457,0.24060655233192524,0.24380398159879457,0.24060655233192524,0.22142197673070868,0.20383611576292662,0.1966418999124704,0.17825668162797131,0.16386824992705865,0.15267724749301567,0.10871259507356094,0.08872866215562691,0.06874472923769298,0.033573007302129206,0.0039967865835867965,0.0,0.0,0.0,0.0,0.0,0.0,0.0,0.0,0.0,0.0,0.0,0.0,0.0,0.0,0.0,0.0,0.0,0.0,0.0,0.0,0.0,0.0,0.0,0.0,0.0,0.0,0.0,0.0,0.0,0.0,0.0,0.0,0.0,0.0,0.0,0.0,0.0,0.0,0.0,0.0,0.0,0.0,0.0,0.0,0.0,0.0,0.0,0.0,0.0,0.0,0.0,0.0,0.0,0.0,0.0,0.0,0.0,0.0,0.0,0.0,0.0,0.0,0.0,0.0,0.0,0.0,0.0,0.0,0.0,0.0,0.0,0.0,0.0,0.0,0.0,0.0,0.0,0.0,0.0,0.0,0.0,0.0,0.0,0.0,0.0,0.0,0.0,0.0,0.0,0.0,0.0,0.0,0.0,0.0,0.0,0.0,0.0,0.0,0.0,0.0,0.0,0.0,0.0,0.0,0.0,0.0,0.0,0.0,0.0,0.0,0.0,0.0,0.0,0.0,0.0,0.0,0.0,0.0,0.0,0.0,0.0,0.0,0.0,0.0,0.0,0.0,0.0,0.0,0.0,0.0,0.0,0.0,0.0,0.0,0.0,0.0,0.0,0.0,0.0,0.0,0.0,0.0,0.029576220718542413,0.08073508898845333,0.1566740340766025,0.18465154016171006,0.25739305598298984,0.30535449498603134,0.3165454974200744,0.3317332864377041,0.3525165766723555,0.36770436568998527,0.37569793885715885,0.37649729617387623,0.38369151202433244,0.38369151202433244,0.38369151202433244,0.38369151202433244,0.38369151202433244,0.38369151202433244,0.38369151202433244,0.38369151202433244,0.38369151202433244,0.38369151202433244,0.38369151202433244,0.38369151202433244,0.38369151202433244,0.38369151202433244,0.38369151202433244,0.38369151202433244,0.38449086934104987,0.38768829860791926,0.38768829860791926,0.38768829860791926,0.391685085191506,0.39568187177509284,0.39967865835867966,0.39967865835867966,0.39967865835867966,0.4004780156753971,0.4036754449422664,0.4036754449422664,0.4036754449422664,0.4036754449422664,0.4036754449422664,0.4036754449422664,0.4036754449422664,0.40767223152585325,0.41566580469302683,0.41566580469302683,0.41646516200974437,0.43165295102737405,0.4364490949276783,0.44044588151126507,0.4444426680948519,0.4476400973617212,0.4476400973617212
7119500,0.13227488232259577,0.13227488232259577,0.13227488232259577,0.13227488232259577,0.13227488232259577,0.13227488232259577,0.13227488232259577,0.13227488232259577,0.12887352820572906,0.1160239682086768,0.11337847056222493,0.11337847056222493,0.11337847056222493,0.11337847056222493,0.11337847056222493,0.11337847056222493,0.09448205880185409,0.09448205880185409,0.09448205880185409,0.08692349409770576,0.07558564704148325,0.07558564704148325,0.07558564704148325,0.07558564704148325,0.0718063646894091,0.056689235281112506,0.056689235281112506,0.056689235281112506,0.056689235281112506,0.056689235281112506,0.05290995292903834,0.03968246469677871,0.03779282352074167,0.03779282352074167,0.03779282352074167,0.03779282352074167,0.03779282352074167,0.034013541168667505,0.018896411760370834,0.018896411760370834,0.018896411760370834,0.018896411760370834,0.018896411760370834,0.018896411760370834,0.0003779282352074587,0.0,0.0,0.0,0.0,0.0,0.0,0.0,0.0,0.0,0.0,0.0,0.0,0.0,0.0,0.0,0.0,0.0,0.01171577529142996,0.01738469881954125,0.018896411760370834,0.018896411760370834,0.018896411760370834,0.020786052936407878,0.02645497646451917,0.03212389999263038,0.03779282352074167,0.03779282352074167,0.03779282352074167,0.056689235281112506,0.056689235281112506,0.056689235281112506,0.06991672351337205,0.07747528821752038,0.09297034586102451,0.09448205880185409,0.11337847056222493,0.11337847056222493,0.12471631761844743,0.13340866702821813,0.1511712940829666,0.1613753564335669,0.17195734701937448,0.20786052936407903,0.21541909406822735,0.20786052936407903,0.20786052936407903,0.20786052936407903,0.21579702230343473,0.20937224230490886,0.21239566818656802,0.21541909406822735,0.21541909406822735,0.21541909406822735,0.21541909406822735,0.21579702230343473,0.21541909406822735,0.21239566818656802,0.20975017054011608,0.20786052936407903,0.20786052936407903,0.20786052936407903,0.20786052936407903,0.20786052936407903,0.20786052936407903,0.20786052936407903,0.20786052936407903,0.20786052936407903,0.20786052936407903,0.19879025171910103,0.19879025171910103,0.20786052936407903,0.20786052936407903,0.20786052936407903,0.20786052936407903,0.20786052936407903,0.20786052936407903,0.20067989289513824,0.19085375877974547,0.18896411760370818,0.18896411760370818,0.18896411760370818,0.1874524046628786,0.18896411760370818,0.18896411760370818,0.18896411760370818,0.19009790230933057,0.20256953407117528,0.20786052936407903,0.2252452281836202,0.23204793641735386,0.2456533528848207,0.2773993246422436,0.2872254587576368,0.3212389999263039,0.35903182344704554,0.3858647281467722,0.3968246469677872,0.4361291834293587,0.45351388224889966,0.49206256224005607,0.5343905245832867,0.5619792857534283,0.6046851763318661,0.6882073163127052,0.7611474657077367,0.8318200456915233,0.8692349409770576,0.9070277644977994,0.9263021044933774,0.9516232962522744,0.9637169997789117,0.9659845691901563,0.9852589091857346,0.9905499044786384,0.999998110358824,0.9829913397744899,0.9735431338943045,0.9640949280141192,0.9527570809578967,0.944820588018541,0.9281917456694144,0.9153421856723624,0.8881313527374284,0.8503385292166868,0.8314421174563161,0.797428576287649,0.7751308104104111,0.7566123268852475,0.7218429292461656,0.7180636468940912,0.7040803021914169,0.6991672351337203,0.6655316222002604,0.6277387986795187,0.6235815880922371,0.5865446210419102,0.5706716351631987,0.565380639870295,0.5434608022282648,0.529099529290383,0.5260761034087237,0.5124706869412569,0.5086914045891824,0.5049121222371085,0.48979499282881195,0.49886527047378965,0.499243198708997,0.5049121222371085,0.5086914045891824,0.510203117530012,0.510203117530012,0.510203117530012,0.510203117530012,0.5124706869412569,0.529099529290383,0.5430828739930573,0.546484228109924,0.5479959410507538,0.5578220751661467,0.5676482092815394,0.5857887645714954,0.5876784057475326,0.6046851763318661,0.6065748175079035,0.614511310447259,0.6065748175079035,0.614511310447259,0.614511310447259,0.614511310447259,0.6235815880922371,0.6239595163274444,0.6235815880922371,0.6235815880922371,0.6239595163274444,0.6424779998526078,0.6424779998526078,0.6424779998526078,0.6613744116129787,0.6613744116129787,0.6598626986721491,0.6598626986721491,0.6613744116129787,0.6613744116129787,0.6613744116129787,0.6613744116129787,0.6613744116129787,0.6613744116129787,0.6613744116129787,0.6628861245538086,0.6613744116129787,0.6598626986721491,0.6504144927919635,0.6424779998526078,0.6235815880922371,0.6046851763318661,0.6046851763318661,0.6016617504502069,0.586166692806703,0.586166692806703,0.5857887645714954,0.5857887645714954,0.5786081281025545,0.5668923528111246,0.5525310798732429,0.5479959410507538,0.5461062998747167,0.5294774575255904,0.529099529290383,0.518139610469368,0.4852598540063228,0.47241029400927054,0.47241029400927054,0.45351388224889966,0.4376408963701884,0.43499539872373627,0.4346174704885289,0.4346174704885289,0.4346174704885289,0.4270589057843807,0.4195003410802322,0.42516926460834353,0.4206341257858545,0.4195003410802322,0.42516926460834353,0.4300823316660399,0.4346174704885289,0.4346174704885289,0.4346174704885289,0.4346174704885289,0.43499539872373627,0.4346174704885289,0.4376408963701884,0.45351388224889966,0.45351388224889966,0.4656075857755371,0.47241029400927054,0.4788350740077966,0.4852598540063228,0.4913067057696413,0.510958974000427,0.529099529290383,0.529099529290383,0.529099529290383,0.5294774575255904,0.5445945869338872,0.5483738692859611,0.5668923528111246,0.5714274916336138,0.5869225492771177,0.6107320280951848,0.6235815880922371,0.6300063680907633,0.6447455692638526,0.6594847704369415,0.6613744116129787,0.6802708233733495,0.6802708233733495,0.6810266798437642,0.6802708233733495,0.6613744116129787,0.6235815880922371,0.6046851763318661,0.5857887645714954,0.5487517975211686,0.529099529290383,0.510203117530012,0.4913067057696413,0.4913067057696413,0.4678751551867816,0.44784495872078833,0.4346174704885289,0.41609898696336534,0.40513906814235046,0.3968246469677872,0.3779282352074165,0.3779282352074165,0.37225931167930515,0.35903182344704554,0.34013541168667477,0.34013541168667477,0.332954775217734,0.3212389999263039,0.3212389999263039,0.3212389999263039,0.3023425881659331,0.3023425881659331,0.29365023875616264,0.2834461764055623,0.2834461764055623,0.2834461764055623,0.2645497646451914,0.2645497646451914,0.2569911999410433,0.2456533528848207,0.2456533528848207,0.2456533528848207,0.2456533528848207,0.2456533528848207,0.2456533528848207,0.22675694112444986,0.22675694112444986,0.22335558700758315,0.20786052936407903,0.20786052936407903,0.20786052936407903,0.20786052936407903,0.20786052936407903,0.20786052936407903,0.18896411760370818,0.18896411760370818,0.18896411760370818,0.18896411760370818,0.18896411760370818,0.18896411760370818,0.18896411760370818,0.17006770584333736,0.17006770584333736,0.17006770584333736,0.17006770584333736,0.17006770584333736,0.17006770584333736
7124000,0.5586591788645824,0.5516759391287751,0.5530725870759367,0.5530725870759367,0.5586591788645824,0.5586591788645824,0.5586591788645824,0.5586591788645824,0.5586591788645824,0.5586591788645824,0.5586591788645824,0.5586591788645824,0.5586591788645824,0.5586591788645824,0.5586591788645824,0.5586591788645824,0.5586591788645824,0.5586591788645824,0.5586591788645824,0.5586591788645824,0.5586591788645824,0.5586591788645824,0.5586591788645824,0.5530725870759367,0.5516759391287751,0.5516759391287751,0.5516759391287751,0.5516759391287751,0.5516759391287751,0.5586591788645824,0.5586591788645824,0.5586591788645824,0.5586591788645824,0.5586591788645824,0.5586591788645824,0.5586591788645824,0.5586591788645824,0.5586591788645824,0.5586591788645824,0.5586591788645824,0.5586591788645824,0.5586591788645824,0.5586591788645824,0.5516759391287751,0.5516759391287751,0.5516759391287751,0.5516759391287751,0.5516759391287751,0.5516759391287751,0.5516759391287751,0.5516759391287751,0.5516759391287751,0.5516759391287751,0.5516759391287751,0.5516759391287751,0.5516759391287751,0.5516759391287751,0.5460893473401294,0.5377094596571605,0.5231843210066814,0.5065642104354602,0.4958100212423169,0.4539105828274732,0.4189943841484368,0.3910614252052077,0.36354746064612703,0.32262567579429646,0.28072623737945274,0.2546089207675335,0.1973463549339138,0.16801674804352318,0.1522346262405987,0.13296088456977065,0.12304468414492431,0.10516759042125766,0.0896647982077655,0.07681563709388008,0.0698323973580728,0.060055861727942667,0.0547485995287291,0.04427373992501818,0.04189943841484368,0.03645251142091399,0.0349161986790364,0.029608936479822857,0.02793295894322912,0.02653631099606767,0.02094971920742184,0.019692736054976533,0.01396647947161456,0.012709496319169252,0.00698323973580728,0.00698323973580728,0.00698323973580728,0.00698323973580728,0.004469273430916688,0.0,0.0,0.0,0.0,0.0,0.0,0.0,0.0,0.0,0.0,0.0,0.0,0.0,0.0,0.0,0.00013966479471616742,0.00013966479471616742,0.0,0.0,0.000977653563013048,0.0022346367154583314,0.0053072621992135685,0.00698323973580728,0.007681563709388018,0.010055865219562516,0.014106144266330728,0.01885474728667965,0.02094971920742184,0.022486031949299434,0.02793295894322912,0.029469271685106713,0.03365921552659109,0.0377094945733593,0.04832401897178639,0.0547485995287291,0.06159217446982021,0.06466479995357545,0.0698323973580728,0.07695530188859624,0.08379887682968735,0.08743016149230717,0.09078211656549465,0.09776535630130193,0.10614524398427078,0.1315642366226092,0.1403631186897264,0.15684356446623157,0.174580993395182,0.18952512642980968,0.2444133907532548,0.26675975790783824,0.28770947711526007,0.3363128256764787,0.35642455611560364,0.42737427183140564,0.47960890505524406,0.5181563883969003,0.5796088980720042,0.6145250967510406,0.6424580556942697,0.6717876625846605,0.7053072133165352,0.7891060901462227,0.8407820641911967,0.8952513341304934,0.9776535630130192,0.9804468589073424,0.998603282220441,0.9999999301676026,0.9999999301676026,0.9930166904317953,0.9776535630130192,0.9776535630130192,0.9776535630130192,0.8952513341304934,0.8659217272401027,0.8282122326667438,0.8030725696178372,0.7891060901462227,0.7276535804711187,0.6229049844340095,0.6019552652265877,0.5600558268117439,0.5231843210066814,0.4958100212423169,0.46229047051044203,0.4329608636200514,0.41201114441262954,0.3840781854694004,0.3840781854694004,0.372206677918528,0.3715083539449473,0.3715083539449473,0.3568435504997521,0.35614522652617125,0.349161986790364,0.3421787470545567,0.3421787470545567,0.32849159717237447,0.3231843349731609,0.321368692641851,0.32122902784713486,0.3181564023633797,0.3142457881113276,0.3016759565868746,0.300279308639713,0.29343573369862186,0.2941340576722026,0.29343573369862186,0.29329606890390575,0.29329606890390575,0.29329606890390575,0.29329606890390575,0.29343573369862186,0.29343573369862186,0.29329606890390575,0.28701115314167924,0.28631282916809847,0.28463685163150476,0.28631282916809847,0.28631282916809847,0.28631282916809847,0.28463685163150476,0.2793295894322912,0.2793295894322912,0.2793295894322912,0.2747206512066584,0.27262567928591624,0.2738826624383615,0.2696927185968772,0.25837987022486936,0.24860333459473918,0.24092177088535116,0.2293295929239111,0.2174580853730387,0.2094971920742184,0.19860333808635913,0.19553071260260385,0.18379886984644767,0.174580993395182,0.16843574242767162,0.1675977536593747,0.15251395583003102,0.14092177786859095,0.13575418046409357,0.13282121977505448,0.1300279238807316,0.12569831524453104,0.11969272907173678,0.1181564163298592,0.11284915413064563,0.11173183577291648,0.11103351179933574,0.10614524398427072,0.1047485960371092,0.1047485960371092,0.10125697616920556,0.09986032822204409,0.09776535630130193,0.09371507725453371,0.09078211656549465,0.09078211656549465,0.09022345738663007,0.08463686559798426,0.08379887682968735,0.0810055809353645,0.07751396106746082,0.07681563709388008,0.07681563709388008,0.07681563709388008,0.07430167078898946,0.0734636820206926,0.07402234119955718,0.07681563709388008,0.07681563709388008,0.07695530188859624,0.07779329065689311,0.07779329065689311,0.07988826257763537,0.08379887682968735,0.0844972008032681,0.08477653039270039,0.08589384875042952,0.08589384875042952,0.0860335135451457,0.08826815026060403,0.09078211656549465,0.09162010533379154,0.09553071958584364,0.1047485960371092,0.11173183577291648,0.11536312043553634,0.1245809968868019,0.13142457182789302,0.13212289580147374,0.13212289580147374,0.1301675886754477,0.1258379800392472,0.12402233770793733,0.11955306427702067,0.11871507550872376,0.11466479646195556,0.11173183577291648,0.11173183577291648,0.10921786946802586,0.10824021590501284,0.10921786946802586,0.11173183577291648,0.11955306427702067,0.13072624785431236,0.1396647947161456,0.14804468239911436,0.15614524049265083,0.1594971955658383,0.166899429685794,0.1727653510638721,0.17946926121024712,0.1815642331309893,0.18743015450906741,0.18994412081395803,0.19846367329164297,0.20251395233841113,0.20837987371648925,0.21019551604779918,0.22346367154583296,0.23044691128164024,0.2636871324240829,0.28645249396281464,0.3072625483755203,0.34329606541228586,0.37011170599778587,0.40446924549795776,0.4406424273294393,0.47025136380926236,0.5104748246875122,0.5377094596571605,0.5656424186003897,0.5726256583361969,0.5726256583361969,0.5726256583361969,0.5726256583361969,0.5726256583361969,0.5726256583361969,0.5726256583361969,0.5726256583361969,0.5656424186003897,0.5656424186003897,0.5656424186003897,0.5656424186003897,0.5656424186003897,0.5600558268117439,0.5586591788645824,0.5586591788645824,0.5586591788645824,0.5586591788645824,0.5516759391287751,0.5516759391287751,0.5516759391287751,0.5516759391287751,0.5516759391287751,0.5460893473401294,0.5516759391287751,0.5516759391287751,0.5516759391287751,0.5516759391287751,0.5516759391287751,0.5530725870759367,0.5530725870759367,0.5586591788645824,0.5586591788645824
7124200,0.01708233394562112,0.01708233394562112,0.01571574722997146,0.01708233394562112,0.01708233394562112,0.01708233394562112,0.01571574722997146,0.01571574722997146,0.01571574722997146,0.01708233394562112,0.01571574722997146,0.01571574722997146,0.01571574722997146,0.01708233394562112,0.01571574722997146,0.015374100551059014,0.013665867156496909,0.010591047046285081,0.00854116697281056,0.005466346862598794,0.0051247001836863485,0.0023915267523870274,0.0,0.0,0.00034164667891241514,0.0023915267523870274,0.0023915267523870274,0.0023915267523870274,0.0037581134680366875,0.0051247001836863485,0.0051247001836863485,0.0037581134680366875,0.0051247001836863485,0.0068329335782484546,0.0037581134680366875,0.0051247001836863485,0.0051247001836863485,0.005466346862598794,0.0051247001836863485,0.0,0.0,0.0,0.0,0.00034164667891241514,0.00034164667891241514,0.003416466789124212,0.0068329335782484546,0.00854116697281056,0.010249400367372666,0.011957633761934773,0.011957633761934773,0.012299280440847249,0.013665867156496909,0.014007513835409354,0.015374100551059014,0.015374100551059014,0.015374100551059014,0.01708233394562112,0.01708233394562112,0.01708233394562112,0.01708233394562112,0.01708233394562112,0.01708233394562112,0.01708233394562112,0.01708233394562112,0.018790567340183258,0.018790567340183258,0.02049880073474533,0.020840447413657807,0.023915267523869545,0.025965147597344158,0.029039967707555892,0.029381614386468368,0.032456434496680106,0.03416466789124224,0.03928936807492859,0.0427058348640528,0.044414068258614936,0.04612230165317701,0.051247001836863364,0.051247001836863364,0.054663468625987574,0.05637170202054971,0.05842158209402426,0.06320463559879813,0.06491286899336027,0.06832933578248448,0.06832933578248448,0.06832933578248448,0.0720874492505211,0.07379568264508324,0.07857873614985718,0.08370343633354346,0.0854116697281056,0.0854116697281056,0.08916978319614223,0.0925862499852665,0.09907753688460251,0.10249400367372673,0.10761870385741307,0.11445163743566149,0.11650151750913605,0.11957633761934784,0.11957633761934784,0.1247010378030342,0.13016738466563296,0.13665867156496897,0.13665867156496897,0.1424666651064802,0.14759136529016656,0.15374100551059008,0.15784076565753913,0.16467369923578767,0.1708233394562112,0.17970615310793425,0.19132214019095653,0.1998633071637671,0.20874612081549007,0.21523740771482613,0.2254868080821988,0.24120255531217025,0.2668260562306019,0.2852749768918727,0.2938161438646833,0.32490599164571377,0.343696558985897,0.35872901285804354,0.365561946436292,0.37786122687713924,0.39801838093297204,0.42398352853031623,0.44414068258614914,0.4612230165317702,0.49197121763388824,0.5261358855251305,0.5497095063700879,0.5985649814545642,0.6395625829240549,0.6877347646507065,0.7516226936073293,0.7687050275529504,0.7881788882509585,0.8271266096469747,0.8575331640701803,0.8882813651722983,0.907413579191394,0.9415782470826359,0.9760845616527911,0.9914586622038499,0.9962417157086239,0.9993165358188355,0.9999998291766605,0.9993165358188355,0.9979499491031861,0.9914586622038499,0.9736930349004038,0.9719848015058419,0.9579772876704327,0.9429448337982859,0.9296206133207017,0.9279123799261394,0.9190295662744162,0.9162963928431169,0.8872564251355612,0.8582164574280052,0.8377176566932598,0.8199520293898138,0.797403348581594,0.7792960745992356,0.7697299675896877,0.7526476336440666,0.7379568264508325,0.7212161391841236,0.7072086253487143,0.6959342849446045,0.6747521908520344,0.6580115035853256,0.6481037498968654,0.6323880026668939,0.6153056687212728,0.599248274812389,0.5917320478763156,0.5866073476926293,0.5650836069211468,0.5538092665170368,0.5534676198381243,0.5534676198381243,0.5493678596911752,0.5408266927183646,0.5398017526816274,0.5398017526816274,0.5398017526816274,0.5398017526816274,0.5398017526816274,0.5350186991768535,0.5298939989931672,0.5230610654149188,0.5148615451210206,0.5097368449373343,0.5090535515795094,0.5090535515795094,0.500512384606699,0.49743756449648713,0.4953876844230125,0.49197121763388824,0.4878714574869392,0.4786469971563038,0.47967193719304113,0.48547993073455226,0.48547993073455226,0.47830535047739137,0.47967193719304113,0.48650487077128945,0.49197121763388824,0.4923128643128007,0.49197121763388824,0.48377169733999015,0.47283900361479275,0.4701058301834933,0.47283900361479275,0.47283900361479275,0.4697641835045808,0.466689363394369,0.4612230165317702,0.4475571493752734,0.4383326890446379,0.4325246955031268,0.42569176192487834,0.41851718166771756,0.4106593080527318,0.39357697410711073,0.38196098702408826,0.36863676654650385,0.3645370063995548,0.3573624261423939,0.3570207794634814,0.35052949256414545,0.3488212591695833,0.3471130257750212,0.34335491230698456,0.32832245843483804,0.3214895248565895,0.3177314113885529,0.30987353777356713,0.29723261065380746,0.2876665036442597,0.2719507564142883,0.25828488925779136,0.2562350091843168,0.2528185423951926,0.24461902210129444,0.2425691420278199,0.22924492155023546,0.22070375457742492,0.21011270753113978,0.20498800734745345,0.19849672044811745,0.19132214019095653,0.1879056734018323,0.18448920661270812,0.17833956639228457,0.17628968631880998,0.1708233394562112,0.16604028595143727,0.1626238191623131,0.15579088558406465,0.15374100551059008,0.1506661854003783,0.13665867156496897,0.13665867156496897,0.12333445108738447,0.11957633761934784,0.11171846400436217,0.10625211714176334,0.10249400367372673,0.09771095016895279,0.09395283670091616,0.09087801659070437,0.09053636991179195,0.08916978319614223,0.08916978319614223,0.08916978319614223,0.08916978319614223,0.08916978319614223,0.08746154980158015,0.08916978319614223,0.09053636991179195,0.09395283670091616,0.09907753688460251,0.10112741695807706,0.10249400367372673,0.10249400367372673,0.10249400367372673,0.10249400367372673,0.10249400367372673,0.10249400367372673,0.10249400367372673,0.10249400367372673,0.10249400367372673,0.10249400367372673,0.10249400367372673,0.10249400367372673,0.10556882378393864,0.11103517064653728,0.11103517064653728,0.10625211714176334,0.1028356503526392,0.10249400367372673,0.10420223706828886,0.10420223706828886,0.10249400367372673,0.10249400367372673,0.10249400367372673,0.10249400367372673,0.10112741695807706,0.09771095016895279,0.09395283670091616,0.08916978319614223,0.0854116697281056,0.0854116697281056,0.08404508301245595,0.08233684961789381,0.07892038282876965,0.07687050275529504,0.07174580257160869,0.06832933578248448,0.06832933578248448,0.06832933578248448,0.06832933578248448,0.06832933578248448,0.06832933578248448,0.06832933578248448,0.058079935415111784,0.0529552352314255,0.051247001836863364,0.04953876844230123,0.044414068258614936,0.03416466789124224,0.03416466789124224,0.03416466789124224,0.03416466789124224,0.03143149445994292,0.023915267523869545,0.017423980624533597,0.01708233394562112,0.01708233394562112,0.01708233394562112,0.01708233394562112,0.01708233394562112,0.01708233394562112,0.01708233394562112,0.01708233394562112,0.01708233394562112,0.01708233394562112,0.01708233394562112,0.01708233394562112,0.01708233394562112,0.01708233394562112,0.01708233394562112,0.01708233394562112,0.01708233394562112,0.015374100551059014,0.010591047046285081,0.010591047046285081,0.013665867156496909,0.015374100551059014
7124410,0.00017858735792594354,0.00017858735792594354,0.00017858735792594354,0.00017858735792594354,0.00017858735792594354,0.00017858735792594354,0.00017858735792594354,0.00017858735792594354,0.00017858735792594354,0.00017858735792594354,0.00017858735792594354,0.00017858735792594354,0.00017858735792594354,0.00017858735792594354,0.00017858735792594354,0.00017858735792594354,0.00017858735792594354,0.00017858735792594354,0.00017858735792594354,0.00017858735792594354,0.00017858735792594354,0.00017858735792594354,0.00017858735792594354,0.00017858735792594354,0.00017858735792594354,0.00017858735792594354,8.92936789629718e-05,8.92936789629718e-05,8.92936789629718e-05,8.92936789629718e-05,8.92936789629718e-05,8.92936789629718e-05,8.92936789629718e-05,8.92936789629718e-05,8.92936789629718e-05,8.92936789629718e-05,8.92936789629718e-05,8.92936789629718e-05,8.92936789629718e-05,8.92936789629718e-05,8.92936789629718e-05,8.92936789629718e-05,8.92936789629718e-05,8.92936789629718e-05,8.92936789629718e-05,8.92936789629718e-05,8.92936789629718e-05,8.92936789629718e-05,8.92936789629718e-05,8.92936789629718e-05,8.92936789629718e-05,8.92936789629718e-05,8.92936789629718e-05,8.92936789629718e-05,8.92936789629718e-05,8.92936789629718e-05,8.92936789629718e-05,8.92936789629718e-05,8.92936789629718e-05,8.92936789629718e-05,8.92936789629718e-05,8.92936789629718e-05,8.92936789629718e-05,8.92936789629718e-05,8.92936789629718e-05,8.92936789629718e-05,8.92936789629718e-05,8.92936789629718e-05,8.92936789629718e-05,8.92936789629718e-05,8.92936789629718e-05,8.92936789629718e-05,8.92936789629718e-05,8.92936789629718e-05,8.92936789629718e-05,8.92936789629718e-05,8.92936789629718e-05,8.92936789629718e-05,8.92936789629718e-05,0.00017858735792594354,0.00017858735792594354,0.00017858735792594354,0.00017858735792594354,0.00017858735792594354,0.00017858735792594354,0.00017858735792594354,0.00017858735792594354,0.00017858735792594354,0.00017858735792594354,0.00017858735792594354,0.00017858735792594354,0.00017858735792594354,0.00017858735792594354,0.00026788103688891535,0.00026788103688891535,0.00026788103688891535,0.00026788103688891535,0.00026788103688891535,0.0003571747158518872,0.0003571747158518872,0.0004464683948148589,0.0005357620737778308,0.0006250557527408025,0.0006250557527408025,0.0006250557527408025,0.0008036431106667462,0.0008929367896297179,0.0008929367896297179,0.0008929367896297179,0.0008929367896297179,0.0011608178265186332,0.0012501115054816049,0.001357263920237173,0.0015179925423705204,0.0015179925423705204,0.002143048295111323,0.0028573977268150975,0.003303866121629956,0.0033217248574225517,0.0039646393459559495,0.004482542683941186,0.007911419956119397,0.03223501810563283,0.07527457136578533,0.08634698755719379,0.098133753180306,0.11974282348934519,0.12760066723808675,0.1588534548751268,0.16778282277142398,0.1784980642469806,0.2038574690724646,0.23243144634061558,0.25975531210328495,0.35619248538329445,0.4922760521228636,0.5490668319433135,0.5624608837877593,0.617108615313098,0.6517545627507311,0.7381908439868878,0.7837306202580036,0.8315920321821563,0.8928474959507549,0.9374943354322408,0.9571389448040947,0.9732118070174295,0.999999910706321,0.978569427755208,0.9732118070174295,0.9732118070174295,0.9642824391211323,0.9553530712248351,0.9374943354322408,0.8928474959507549,0.8821322544751983,0.8821322544751983,0.8821322544751983,0.8821322544751983,0.8807035556117907,0.8742744107264567,0.8683810279149008,0.8632019945350483,0.8596302473765294,0.8571300243655662,0.848200656469269,0.8324849689717859,0.8214125527803774,0.8198052665590438,0.819626679201118,0.8162335194005251,0.8080185009359316,0.8053396905670426,0.8001606571871902,0.7801588730994845,0.7794445236677807,0.7773014753726694,0.7767657132988915,0.7681935201184463,0.7574782786428896,0.756228167137408,0.7481917360307405,0.7453343383039255,0.7428341152929623,0.7410482417137029,0.7371193198393321,0.7330118106070355,0.7330118106070355,0.7278327772271831,0.7231895059211084,0.7031877218334028,0.6976515137376986,0.680328540018882,0.680328540018882,0.6787212537975484,0.6613982800787321,0.6549691351933982,0.6481828155922122,0.6481828155922122,0.6481828155922122,0.6472898788025825,0.6442538937178414,0.6430037822123598,0.6276452694307288,0.6074648979850972,0.5906776863400585,0.5713902516840564,0.5567460883341292,0.5446021479951649,0.5294222225714598,0.5178140443062734,0.5156709960111622,0.5151352339373843,0.4999553085136791,0.4999553085136791,0.4999553085136791,0.4999553085136791,0.49549062456553045,0.4835252715844923,0.4731672048247875,0.46423783692849035,0.46280913806508284,0.46423783692849035,0.453165420737082,0.43762832059752477,0.4356638596603393,0.4236985066793012,0.42316274460552333,0.42048393423663416,0.4167335997201894,0.4113759789824111,0.4106616295507073,0.40708988239218846,0.40530400881292894,0.4054825961708549,0.4106616295507073,0.4106616295507073,0.4106616295507073,0.4106616295507073,0.4106616295507073,0.4106616295507073,0.4113759789824111,0.4106616295507073,0.4106616295507073,0.4106616295507073,0.4024466110861139,0.39816051449589124,0.39566029148492804,0.3928028937581129,0.3838735258618157,0.37494415796551855,0.3642289164899619,0.34887040370833083,0.33029731848403265,0.3133315194810681,0.3124385826914383,0.30350921479514115,0.28886505144521374,0.2740423007373604,0.2606482488929147,0.24993300741735802,0.2338601452040231,0.2231449037284665,0.21421553583216932,0.19957137248224205,0.18939189308046314,0.18403427234268485,0.1784980642469806,0.1608179158123122,0.1484953881154221,0.12492185686919753,0.09027590943156447,0.0652736793219324,0.04545048259215264,0.03294936753733659,0.017769442113631385,0.006786319601185856,0.005089739700889392,0.0038396281954077866,0.002964550141570665,0.0024109293320002385,0.0023216356530372665,0.0018751672582224075,0.0012501115054816049,0.0011608178265186332,0.0009822304685926898,0.0008036431106667462,0.0006250557527408025,0.0006250557527408025,0.0004464683948148589,0.0003750334516444824,0.0003571747158518872,0.00026788103688891535,0.00017858735792594354,0.00017858735792594354,0.00017858735792594354,0.00017858735792594354,0.00017858735792594354,0.00017858735792594354,0.00017858735792594354,0.00017858735792594354,8.92936789629718e-05,8.92936789629718e-05,8.92936789629718e-05,8.92936789629718e-05,8.92936789629718e-05,8.92936789629718e-05,8.92936789629718e-05,8.92936789629718e-05,8.92936789629718e-05,8.92936789629718e-05,8.92936789629718e-05,8.92936789629718e-05,0.0,0.0,0.0,0.0,0.0,0.0,0.0,0.0,0.0,0.0,0.0,0.0,0.0,0.0,0.0,0.0,0.0,0.0,0.0,0.0,0.0,0.0,8.92936789629718e-05,8.92936789629718e-05,8.92936789629718e-05,8.92936789629718e-05,8.92936789629718e-05,8.92936789629718e-05,8.92936789629718e-05,8.92936789629718e-05,8.92936789629718e-05,8.92936789629718e-05,8.92936789629718e-05,8.92936789629718e-05,0.0,0.0,0.0,8.92936789629718e-05,8.92936789629718e-05,8.92936789629718e-05,8.92936789629718e-05,8.92936789629718e-05,8.92936789629718e-05,8.92936789629718e-05,8.92936789629718e-05,8.92936789629718e-05,8.92936789629718e-05,8.92936789629718e-05,8.92936789629718e-05,8.92936789629718e-05,8.92936789629718e-05,0.00017858735792594354,0.00017858735792594354
7126300,0.8826284173486563,0.8826284173486563,0.8826284173486563,0.8826284173486563,0.8841933613510478,0.8826284173486563,0.8826284173486563,0.8826284173486563,0.8826284173486563,0.8841933613510478,0.8904531373606125,0.8904531373606125,0.8904531373606125,0.8904531373606125,0.8904531373606125,0.892018081363004,0.892018081363004,0.8904531373606125,0.8904531373606125,0.8904531373606125,0.8904531373606125,0.8841933613510478,0.8826284173486563,0.8826284173486563,0.8826284173486563,0.8826284173486563,0.8826284173486563,0.8826284173486563,0.8826284173486563,0.8826284173486563,0.8826284173486563,0.8826284173486563,0.8826284173486563,0.8826284173486563,0.8826284173486563,0.8826284173486563,0.8826284173486563,0.8826284173486563,0.8826284173486563,0.8748036973366999,0.8685439213271351,0.8528944813032231,0.8450697612912669,0.827855377264963,0.8200306572530068,0.8137708812434422,0.8137708812434422,0.8215956012553982,0.8294203212673542,0.8591542573127876,0.8826284173486563,0.8826284173486563,0.8826284173486563,0.8826284173486563,0.8826284173486563,0.8826284173486563,0.8763686413390914,0.8607192013151791,0.8591542573127876,0.8513295373008316,0.827855377264963,0.805946161231486,0.8043812172290945,0.8043812172290945,0.8043812172290945,0.8043812172290945,0.7887317772051822,0.77308233718127,0.7652576171693136,0.7652576171693136,0.7589978411597488,0.7574328971573576,0.7574328971573576,0.7574328971573576,0.7589978411597488,0.7668225611717048,0.7668225611717048,0.7511731211477928,0.7261340171095327,0.7261340171095327,0.7261340171095327,0.7261340171095327,0.6964000810640993,0.6557115370019273,0.647886816989971,0.5946787209086692,0.5696396168704093,0.5696396168704093,0.49608724875802174,0.4913924167508476,0.4913924167508476,0.4225348806456332,0.41314521663128584,0.41314521663128584,0.40688544062172105,0.374021616571505,0.36619689655954885,0.3427227365236803,0.33489801651172413,0.3342720389107677,0.3198745540887684,0.3114238564758555,0.3035991364638994,0.29577441645194325,0.2890451572416609,0.28794969643998714,0.28012497642803097,0.2644755364041185,0.24882609638020622,0.24694816357733668,0.2410013763682501,0.22535193634433767,0.2175272163323815,0.19608748349962166,0.19436604509699115,0.19405305629651293,0.18779328028694814,0.18779328028694814,0.18779328028694814,0.1862283362845568,0.1862283362845568,0.18779328028694814,0.1862283362845568,0.1862283362845568,0.18779328028694814,0.18779328028694814,0.19405305629651293,0.19405305629651293,0.1862283362845568,0.1862283362845568,0.1862283362845568,0.1862283362845568,0.1862283362845568,0.1862283362845568,0.18685431388551335,0.1896712130898177,0.1915491458926871,0.19937386590464323,0.20344272031086055,0.21909216033477286,0.20344272031086055,0.21126744032281672,0.22535193634433767,0.22550843074457683,0.24882609638020622,0.2571202995928798,0.2644755364041185,0.27308272841727044,0.27699508842324855,0.28951464044237846,0.29577441645194325,0.29577441645194325,0.29702637165385637,0.3039121252643776,0.3114238564758555,0.3125193172775295,0.3189355876873335,0.32863824050215934,0.33489801651172413,0.33489801651172413,0.41314521663128584,0.3943658886025913,0.41314521663128584,0.3943658886025913,0.33646296051411534,0.33489801651172413,0.33489801651172413,0.33489801651172413,0.3114238564758555,0.3023471812619864,0.273865200418466,0.26009369319742315,0.2331766563562938,0.1862283362845568,0.1627541762486883,0.14866968022716734,0.11267596817216921,0.08575893133103968,0.06369322089732334,0.05320809608130189,0.05133016327843248,0.05086068007771502,0.04538337606934568,0.037558656057389526,0.015179956823194904,0.0,0.0,0.006259776009564805,0.01455397922223841,0.017527372826781774,0.01455397922223841,0.007824720011956216,0.007824720011956216,0.021909216033477168,0.037558656057389526,0.05477304008369323,0.06917052490569246,0.08450697612912654,0.10015641615303891,0.11674482257838611,0.13928001621281977,0.15492945623673213,0.17214384026303584,0.20203427070870839,0.2175272163323815,0.226916880346729,0.24194034276968487,0.2644755364041185,0.27402169481870503,0.28951464044237846,0.28951464044237846,0.2978088436550521,0.31236282287729045,0.33489801651172413,0.37871644857867914,0.41314521663128584,0.41471016063367705,0.4225348806456332,0.4225348806456332,0.4225348806456332,0.4225348806456332,0.4225348806456332,0.41314521663128584,0.41314521663128584,0.41314521663128584,0.40062566461215626,0.37871644857867914,0.35993712054998406,0.33489801651172413,0.33489801651172413,0.2893581460421391,0.2666664580074663,0.2410013763682501,0.20391220351157796,0.1862283362845568,0.1862283362845568,0.1862283362845568,0.1849763810826438,0.17965557147451378,0.17840361627260065,0.17840361627260065,0.1862283362845568,0.1876367858867091,0.1866978194852743,0.17840361627260065,0.1708918850611227,0.1708918850611227,0.1708918850611227,0.169952918659688,0.17057889626064449,0.17245682906351406,0.17840361627260065,0.1862283362845568,0.1866978194852743,0.1866978194852743,0.1849763810826438,0.17840361627260065,0.17245682906351406,0.16384963705036223,0.15649440023912348,0.15492945623673213,0.1627541762486883,0.1629106706489274,0.169952918659688,0.1708918850611227,0.17996856027499197,0.17840361627260065,0.17245682906351406,0.1708918850611227,0.17245682906351406,0.17323930106470967,0.1794990770742746,0.17777763867164414,0.17057889626064449,0.18419390908144834,0.21126744032281672,0.2331766563562938,0.24757414117829324,0.25477288358929295,0.26557099720579247,0.2723002564160747,0.28012497642803097,0.305633563667008,0.31924857648781185,0.33489801651172413,0.3583721765475927,0.36776184056194017,0.39749577660737356,0.41314521663128584,0.41314521663128584,0.4522688166910667,0.48356769673889144,0.4929573607532388,0.5399056808249758,0.5696396168704093,0.6025034409206254,0.647886816989971,0.647886816989971,0.7026598570736642,0.7261340171095327,0.77308233718127,0.8043812172290945,0.8043812172290945,0.8043812172290945,0.8388099852817017,0.8826284173486563,0.8826284173486563,0.8826284173486563,0.8826284173486563,0.8826284173486563,0.8826284173486563,0.8857583053534389,0.940531345437132,0.9608756174682179,0.9608756174682179,0.9608756174682179,0.9624405614706094,0.9702652814825657,0.9859147215064777,0.9999992175279988,0.9999992175279988,0.9999992175279988,0.9843497775040866,0.9687003374801743,0.9608756174682179,0.9608756174682179,0.9608756174682179,0.9608756174682179,0.9608756174682179,0.9608756174682179,0.9608756174682179,0.9608756174682179,0.9608756174682179,0.9374014574323494,0.9374014574323494,0.907667521386916,0.8826284173486563,0.8826284173486563,0.8826284173486563,0.8826284173486563,0.8826284173486563,0.8481996492960495,0.8372450412793105,0.8294203212673542,0.8294203212673542,0.8294203212673542,0.805946161231486,0.8043812172290945,0.8043812172290945,0.8043812172290945,0.8043812172290945,0.8043812172290945,0.8043812172290945,0.8043812172290945,0.8043812172290945,0.8043812172290945,0.8043812172290945,0.8043812172290945,0.8043812172290945,0.8043812172290945,0.8043812172290945,0.8043812172290945,0.8043812172290945,0.8043812172290945,0.8043812172290945,0.8043812172290945
7128500,0.9362654000735271,0.9502557513945658,0.9502557513945658,0.9533647183547971,0.9658005861957201,0.9673550696758354,0.9813454209968746,0.9813454209968746,0.9906723218775673,0.9968902557980289,0.9968902557980289,0.9968902557980289,0.9968902557980289,0.9968902557980289,0.9968902557980289,0.9999992227582599,0.9999992227582599,0.9999992227582599,0.9999992227582599,0.9968902557980289,0.9968902557980289,0.9968902557980289,0.9968902557980289,0.9968902557980289,0.9968902557980289,0.9968902557980289,0.9968902557980289,0.9968902557980289,0.9968902557980289,0.9906723218775673,0.9828999044769899,0.9658005861957201,0.9502557513945658,0.9284929826729496,0.9207205652723726,0.9191660817922571,0.9191660817922571,0.9067302139513339,0.9036212469911028,0.8818584782694866,0.8725315773887939,0.8663136434683323,0.8492143251870623,0.825897072985331,0.7963618868631378,0.7730446346614059,0.7637177337807135,0.7559453163801363,0.7497273824596746,0.7481728989795593,0.740400481578982,0.7170832293772503,0.7108652954567888,0.7093108119766733,0.6968749441357501,0.6859935597749418,0.6782211423743645,0.6782211423743645,0.6797756258544801,0.6859935597749418,0.6782211423743645,0.6720032084539028,0.6859935597749418,0.6797756258544801,0.6704487249737875,0.6471314727720558,0.633141121451017,0.6175962866498624,0.6082693857691699,0.5896155840077849,0.5787341996469766,0.569407298766284,0.5491990135247836,0.5336541787236294,0.5305452117633982,0.5305452117633982,0.5305452117633982,0.5305452117633982,0.522772794362821,0.522772794362821,0.5182647922704863,0.5150003769622439,0.509870581477863,0.5072279595616666,0.5072279595616666,0.5005436805971702,0.4870196743201663,0.4839107073599351,0.4839107073599351,0.46121524855024976,0.4388306864365876,0.4298146822519178,0.4063419817021749,0.39903590934563243,0.39841411595358617,0.38784362828880115,0.3816256943683394,0.3750968637518546,0.368878929831393,0.3673244463512774,0.3595520289507002,0.34416264249755746,0.3349911899648764,0.3222444254279299,0.31291752454723715,0.30514510714665993,0.30141434679438295,0.2973726897460828,0.28960027234550567,0.28182785494492846,0.28182785494492846,0.28182785494492846,0.28182785494492846,0.28182785494492846,0.2752990243284437,0.2740554375443513,0.2740554375443513,0.2662830201437741,0.2662830201437741,0.2662830201437741,0.2662830201437741,0.2585106027431969,0.2521372204747237,0.25073818534261977,0.2487173568184697,0.24296576794204255,0.2351933505414654,0.2351933505414654,0.23270617697328075,0.23084079679714217,0.22804272653293442,0.22742093314088818,0.22431196618065738,0.21964851574031102,0.22431196618065738,0.22742093314088818,0.22804272653293442,0.23674783402158092,0.2578888093511507,0.2662830201437741,0.2740554375443513,0.28182785494492846,0.28960027234550567,0.28960027234550567,0.28960027234550567,0.28960027234550567,0.29037751408556345,0.28960027234550567,0.29037751408556345,0.294263722785852,0.2973726897460828,0.2973726897460828,0.31167393776314484,0.31291752454723715,0.3206899419478143,0.3206899419478143,0.3284623593483915,0.3287732560444146,0.3287732560444146,0.3222444254279299,0.3206899419478143,0.3206899419478143,0.3222444254279299,0.3222444254279299,0.3287732560444146,0.3206899419478143,0.31291752454723715,0.2973726897460828,0.28960027234550567,0.2740554375443513,0.2662830201437741,0.2351933505414654,0.22850907157696906,0.22027030913235726,0.19835209206272975,0.19306684823033718,0.18855884613800228,0.18855884613800228,0.18855884613800228,0.18078642873742512,0.1731694596848595,0.173014011336848,0.15746917653569362,0.15109579426722047,0.14192434173453924,0.13415192433396209,0.13415192433396209,0.1167417093566692,0.1108346721322305,0.1046167382117689,0.0960670790711339,0.08767286827851051,0.07197258512934461,0.07197258512934461,0.07197258512934461,0.06420016772876747,0.06420016772876747,0.06420016772876747,0.06420016772876747,0.05782678546029429,0.05642775032819028,0.05642775032819028,0.05642775032819028,0.06420016772876747,0.06420016772876747,0.06420016772876747,0.06420016772876747,0.07974500252992182,0.08969369680266069,0.09544528567908779,0.1046167382117689,0.1108346721322305,0.11938433127286549,0.12793399041350048,0.14347882521465477,0.1585573149717745,0.16524159393627075,0.16555249063229388,0.18171911882549444,0.18855884613800228,0.19944023049881066,0.21964851574031102,0.2351933505414654,0.26068687961535864,0.26068687961535864,0.2586660510912085,0.26068687961535864,0.26659391683979716,0.2740554375443513,0.269081090407982,0.2662830201437741,0.2524481171707469,0.22120299922042655,0.19788574701869505,0.19260050318630245,0.18855884613800228,0.17177042455275562,0.16228807532405148,0.14192434173453924,0.12171605649303867,0.10244046133960724,0.08751741993049898,0.07974500252992182,0.07197258512934461,0.07197258512934461,0.07197258512934461,0.06435561607677899,0.06420016772876747,0.06420016772876747,0.06420016772876747,0.05642775032819028,0.05642775032819028,0.04865533292761309,0.04166015726709364,0.04088291552703594,0.039639328742943625,0.03746305187078201,0.03746305187078201,0.033110498126458755,0.030312427862251003,0.027203460902020096,0.025338080725881573,0.019431043501442945,0.017565663325304386,0.011503177752854199,0.007616969052565589,0.004818898788357872,0.0020208285241500507,0.0020208285241500507,0.001399035132103876,0.001399035132103876,0.001399035132103876,0.001399035132103876,0.0,0.0020208285241500507,0.0020208285241500507,0.0020208285241500507,0.001399035132103876,0.001399035132103876,0.0020208285241500507,0.0020208285241500507,0.006839727312507888,0.012280419492911934,0.019275595153431385,0.033110498126458755,0.04974347136369398,0.07197258512934461,0.07819051904980635,0.0805222442699796,0.10834749856404587,0.13430737268197368,0.16524159393627075,0.20223830076301813,0.2351933505414654,0.28182785494492846,0.33436939657283016,0.35488857851035405,0.38691093820073197,0.38939811176891653,0.4015230829138173,0.4466031038371647,0.4528210377576264,0.47054214943094247,0.47365111639117324,0.47365111639117324,0.47365111639117324,0.47365111639117324,0.4731847713471386,0.47054214943094247,0.46867676925480384,0.4652569055985499,0.4595053167221229,0.4466031038371647,0.44504862035704923,0.44054061826471447,0.43168006242805657,0.42328585163543314,0.41551343423485604,0.41551343423485604,0.42328585163543314,0.43976337652465675,0.43976337652465675,0.43976337652465675,0.44054061826471447,0.44504862035704923,0.45515276297779944,0.47769277343947336,0.4963465752008586,0.5229282427108325,0.5293016249793059,0.5460900465645524,0.5709617822463995,0.5787341996469766,0.586506617047554,0.6082693857691699,0.6098238692492853,0.6175962866498624,0.633141121451017,0.6409135388515943,0.6471314727720558,0.6471314727720558,0.6549038901726328,0.6564583736527483,0.6642307910533258,0.6782211423743645,0.6797756258544801,0.6859935597749418,0.6937659771755188,0.6937659771755188,0.6953204606556341,0.7030928780562118,0.7093108119766733,0.7108652954567888,0.7170832293772503,0.718637712857366,0.718637712857366,0.7264101302579431,0.7326280641784046,0.740400481578982,0.7419549650590976,0.7419549650590976,0.7559453163801363,0.7637177337807135,0.7637177337807135,0.765272217260829,0.765272217260829
7130500,0.0002690397295314626,0.0002690397295314626,0.0002690397295314626,0.0002690397295314626,0.0002690397295314626,0.0002690397295314626,0.0002690397295314626,0.0002690397295314626,0.0002690397295314626,0.0002690397295314626,0.0002690397295314626,0.0002690397295314626,0.0002690397295314626,0.0002690397295314626,0.0002690397295314626,0.00029387416610359736,0.0003104304571516874,0.0003104304571516874,0.00033112582096179994,0.00033526489372382286,0.00035182118477191244,0.0003559602575339354,0.0003932119123921375,0.0003932119123921375,0.00041390727620225,0.00041390727620225,0.00041390727620225,0.00041390727620225,0.0004346026400123625,0.0004552980038224751,0.000459437076584498,0.0004759933676325876,0.0004966887314427001,0.0005008278042047236,0.0005173840952528127,0.0005215231680148361,0.0005380794590629252,0.0005587748228730377,0.0005587748228730377,0.0005587748228730377,0.0005587748228730377,0.0005587748228730377,0.0005587748228730377,0.0005794701866831502,0.0005836092594451732,0.0005836092594451732,0.0005794701866831502,0.0005794701866831502,0.0005629138956350611,0.0005629138956350611,0.0005587748228730377,0.0005587748228730377,0.0005587748228730377,0.0005587748228730377,0.0005587748228730377,0.0005587748228730377,0.0005422185318249486,0.0005380794590629252,0.0005380794590629252,0.0005380794590629252,0.0005380794590629252,0.0005215231680148361,0.0005380794590629252,0.0005380794590629252,0.0005380794590629252,0.0005587748228730377,0.0005629138956350611,0.0005794701866831502,0.0005794701866831502,0.0006208609143033753,0.0006208609143033753,0.0006622516419236003,0.0006622516419236003,0.0006829470057337124,0.0006870860784957349,0.0007450330971640499,0.0007657284609741625,0.0008278145524045,0.0008278145524045,0.0008278145524045,0.0008485099162146125,0.000869205280024725,0.0009312913714550627,0.0009354304442170856,0.0009726820990752877,0.0010347681905056253,0.0010554635543157378,0.0010968542819359628,0.0011382450095561878,0.00122516553755866,0.0012417218286067502,0.0013369205021332691,0.0014486754667078752,0.0015769867223305739,0.0016556291048090005,0.0017839403604316976,0.0019867549257708006,0.0022764900191123752,0.0024834436572135007,0.002690397295314626,0.002897350933415751,0.0033319535734281135,0.004801324403946106,0.01808774797003834,0.03145695299137101,0.03923840978397332,0.05923013122454203,0.07537251499642976,0.09416390533601196,0.147889069787064,0.2024006580629004,0.23013244556845106,0.2632450276646311,0.2922185369987886,0.3398178737620473,0.36299668122937334,0.4031456870209917,0.46399005662272236,0.4942052877854867,0.5471854191393747,0.6026489941504761,0.6150662124365437,0.6212748215795774,0.6274834307226111,0.6295529671036224,0.6278973379988135,0.6274834307226111,0.6274834307226111,0.6274834307226111,0.6221026361319819,0.6196191924747685,0.6196191924747685,0.6175496560937572,0.6113410469507234,0.6092715105697122,0.607201974188701,0.6047185305314874,0.598923828664656,0.5902317758644087,0.5865066103785884,0.5802980012355548,0.5678807829494872,0.5616721738064535,0.5579470083206332,0.5550496573872173,0.5513244919013972,0.5513244919013972,0.5533940282824085,0.5550496573872173,0.5579470083206332,0.5633278029112624,0.5716059484353074,0.5865066103785884,0.6026489941504761,0.6262417088940044,0.6448675363231057,0.6713576020000497,0.6941225021911736,0.7044701840962296,0.7255794551825446,0.7487582626498704,0.7653145536979605,0.7918046193749047,0.8141556122898261,0.8286423669569046,0.8385761415857587,0.8493377307670175,0.8638244854340962,0.8803807764821862,0.8965231602540737,0.9093542858163437,0.9213575968262088,0.9300496496264562,0.9362582587694896,0.9482615697793549,0.9548840861985912,0.9631622317226362,0.9689569335894674,0.97309600635149,0.9838575955327487,0.9917218337805912,0.9983443501998275,0.9999999793046362,0.9999999793046362,0.9983443501998275,0.9999999793046362,0.9983443501998275,0.9884105755709732,0.9759933572849057,0.9689569335894674,0.9507450134365687,0.9379138878742987,0.9275662059692424,0.9254966695882312,0.9134933585783662,0.9068708421591299,0.8969370675302761,0.8865893856252197,0.8625827636054892,0.832367532442725,0.7963575994131292,0.7541390572404997,0.7127483296202747,0.7019867404390162,0.6812913766289037,0.655215218228162,0.6361754835228585,0.6299668743798248,0.6258278016178023,0.6009933650456672,0.5711920411591053,0.5587748228730378,0.5533940282824085,0.5471854191393747,0.5298013135388803,0.5149006515955992,0.5095198570049698,0.5095198570049698,0.5057946915191496,0.5053807842429474,0.5053807842429474,0.5053807842429474,0.5004138969285205,0.49213575140447546,0.4867549568138461,0.4830297913280258,0.4772350894611944,0.47226820214676735,0.45447018927007066,0.4354304545647671,0.4205297926214861,0.41266555437364333,0.40645694523060955,0.39197019056353083,0.36465231033418233,0.345612575628879,0.3153973444661146,0.30877482804687856,0.30256621890384483,0.2967715170370133,0.2889072787891706,0.26241721311222665,0.25289734575957484,0.2479304584451479,0.24254966385451857,0.2371688692638894,0.2363410547114848,0.22640728008263086,0.22392383642541733,0.2197847636633948,0.21605959817757459,0.21357615452036105,0.20985098903454086,0.20943708175833856,0.20326986334292502,0.20136588987239473,0.19586092309890477,0.19254966488928685,0.19254966488928685,0.19254966488928685,0.19184602251974292,0.19039734705303504,0.186713572294835,0.18410595645476086,0.1782284731326889,0.17293045999730014,0.1690811223286192,0.1677152283171518,0.16655628794378552,0.16891555941813827,0.16891555941813827,0.16415562574181247,0.16018211589027082,0.15645695040445057,0.15380794383675614,0.15111754654144155,0.14586092413367294,0.1454884075850909,0.14532284467461,0.1452814539469898,0.1446605930326864,0.14424668575648417,0.14341887120407967,0.14321191756597854,0.14155628846116958,0.14321191756597854,0.14155628846116958,0.13956953353539875,0.12777317616363462,0.11009933546979854,0.10248344158767714,0.09147350804069727,0.06837748202861173,0.05231787971196442,0.02785595968841144,0.01091059580069132,0.0069867548222939824,0.005008278042047228,0.003725165485820251,0.0033112582096180006,0.002897350933415751,0.0026324502766463106,0.0023013244556845105,0.0020695363810112506,0.0018625827429101253,0.0016970198324292255,0.0016556291048090005,0.001634933740998888,0.0014486754667078752,0.0014486754667078752,0.0013658940114674252,0.0012417218286067502,0.0011589403733663003,0.0010596026270777612,0.0009312913714550627,0.000790562897546298,0.0007243377333539374,0.0006829470057337124,0.0006622516419236003,0.0006208609143033753,0.0005794701866831502,0.0005173840952528127,0.000480132440394611,0.00041390727620225,0.00033112582096179994,0.0003104304571516874,0.0002690397295314626,0.00022764900191123754,0.000206953638101125,0.00018625827429101247,0.00018625827429101247,0.00018625827429101247,0.00014486754667078743,0.00012831125562269764,0.0001034768190505624,8.278145524044986e-05,6.208609143033734e-05,4.552980038224755e-05,4.1390727620224816e-05,4.1390727620224816e-05,2.4834436572135488e-05,2.0695363810112523e-05,2.0695363810112523e-05,4.1390727620224816e-05,4.1390727620224816e-05,4.1390727620224816e-05,4.1390727620224816e-05,4.1390727620224816e-05,2.0695363810112523e-05,2.0695363810112523e-05,4.139072762022734e-06,4.139072762022734e-06,0.0,4.139072762022734e-06,2.0695363810112523e-05,2.0695363810112523e-05,2.0695363810112523e-05,2.0695363810112523e-05,2.0695363810112523e-05,2.0695363810112523e-05,4.1390727620224816e-05,4.552980038224755e-05,6.622516419236008e-05,0.0001034768190505624,0.00012831125562269764,0.00014486754667078743
7203000,0.0,0.0,0.0,0.0,0.0,0.0,0.0,0.0,0.0,0.0,0.0,0.0,0.0,0.0,0.0,0.0072065765158262,0.008922428067213266,0.017158515513871736,0.017158515513871736,0.017158515513871736,0.017158515513871736,0.0072065765158262,0.008579257756935868,0.001372681241109821,0.0072065765158262,0.001372681241109821,0.001372681241109821,0.008922428067213266,0.017158515513871736,0.017158515513871736,0.017158515513871736,0.017158515513871736,0.017158515513871736,0.017158515513871736,0.017158515513871736,0.017158515513871736,0.017158515513871736,0.015785834272761992,0.009951938998045765,0.008579257756935868,0.008579257756935868,0.00549072496443898,0.0072065765158262,0.008579257756935868,0.009265598377490816,0.008579257756935868,0.009265598377490816,0.017158515513871736,0.017158515513871736,0.0271104545119175,0.03431703102774355,0.0350033716482985,0.048387013749118475,0.05147554654161536,0.06177065584993845,0.07034991360687447,0.08579257756935899,0.10295109308323072,0.10706913680655995,0.12010960859710253,0.12010960859710253,0.128345696043761,0.13726812411097433,0.13726812411097433,0.14275884907541334,0.15442663962484607,0.15785834272762053,0.17158515513871797,0.1887436706525897,0.20452950492535185,0.22306070168033332,0.22511972354199786,0.23678751409143078,0.24056238750448247,0.25737773270807696,0.2577209030183544,0.26767284201639996,0.27796795132472313,0.2916947637358206,0.2985581699413693,0.3088532792496923,0.32326643228134455,0.3417976290363263,0.3448861618288231,0.3589561445501979,0.37233978665101797,0.3761146600640698,0.3809190444079538,0.39327317557794156,0.4018524333348774,0.41180437233292305,0.4169519269870846,0.42244265195152375,0.44200335963733745,0.45332797987649276,0.46156406732315125,0.46362308918481593,0.4787225828370231,0.4804384343884103,0.49759694990228204,0.5199030200703155,0.5277959372066964,0.5476998152027878,0.5504451776850074,0.583389527471641,0.5964299992621838,0.6043229163985647,0.6129021741555006,0.626628986566598,0.6369240958749212,0.6582006551121223,0.6794772143493232,0.6863406205548719,0.6938903673809754,0.7021264548276339,0.7059013282406857,0.7316391015114935,0.7378161670964872,0.7824283074325539,0.8122841244266908,0.8212065524939043,0.8253245962172333,0.8253245962172333,0.8260109368377885,0.8253245962172333,0.8212065524939043,0.8212065524939043,0.8212065524939043,0.8380218976974985,0.8582689460038673,0.8668482037608033,0.889497444239114,0.9097444925454827,0.9457773751246134,0.9780353842906925,0.9804375764626347,0.9907326857709575,0.9907326857709575,0.9907326857709575,0.9907326857709575,0.9938212185634546,0.9982824325970612,0.9999982841484487,0.9938212185634546,0.9907326857709575,0.9780353842906925,0.9608768687768208,0.9272461783696317,0.9142057065790897,0.895674509824108,0.8785159943102363,0.8579257756935897,0.8407672601797179,0.8236087446658462,0.8074797400828069,0.7721331981242309,0.7251188656162224,0.6877133017959817,0.6595733363532321,0.638296777116031,0.606038767949952,0.5844190384024736,0.5669173525783241,0.5662310119577693,0.5525041995466721,0.5181871685189285,0.5147554654161539,0.5147554654161539,0.5147554654161539,0.5010286530050567,0.5003423123845018,0.5147554654161539,0.5147554654161539,0.5003423123845018,0.49759694990228204,0.48284062656035254,0.48284062656035254,0.49759694990228204,0.5085783998311602,0.5264232559655868,0.5449544527205684,0.5528473698569494,0.5528473698569494,0.5528473698569494,0.5528473698569494,0.5662310119577693,0.5700058853708211,0.5923119555388544,0.5978026805032934,0.6190792397404945,0.669182105041,0.6832520877623751,0.7034991360687436,0.7045286469995761,0.7096762016537376,0.7206576515826155,0.7463954248534233,0.7254620359264999,0.7096762016537376,0.7059013282406857,0.7254620359264999,0.7254620359264999,0.703842306379021,0.703842306379021,0.7110488828948475,0.7536020013692493,0.7549746826103589,0.7748785606064506,0.7858600105353283,0.7858600105353283,0.7858600105353283,0.7748785606064506,0.78963488394838,0.8009595041875357,0.8236087446658462,0.8236087446658462,0.8236087446658462,0.8009595041875357,0.7916939058100447,0.7916939058100447,0.7892917136381026,0.7844873292942186,0.7752217309167279,0.7151669266181772,0.7034991360687436,0.6753591706259939,0.6715842972129422,0.647905545803799,0.5964299992621838,0.5717217369222084,0.5662310119577693,0.5645151604063822,0.5586812651316657,0.5504451776850074,0.5439249417897359,0.5267664262758643,0.5164713169675412,0.5205893606908705,0.5157849763469863,0.5157849763469863,0.5133827841750443,0.5102942513825475,0.49759694990228204,0.48146794531924264,0.45641651266898997,0.44440555180927954,0.4166087566768075,0.407686328609594,0.4066568176787616,0.4052841364376517,0.39670487868071597,0.3764578303743472,0.36273101796324975,0.34317031027743594,0.33493422283077745,0.3246391135224543,0.3088532792496923,0.2916947637358206,0.25737773270807696,0.24021921719420505,0.22306070168033332,0.21448144392339746,0.19560707685813844,0.18050758320593155,0.17158515513871797,0.17158515513871797,0.16403540831261446,0.15785834272762053,0.15511298024540102,0.1496222552809622,0.14653372248846516,0.14413153031652307,0.14241567876513592,0.14241567876513592,0.14241567876513592,0.14104299752402602,0.1393271459726389,0.14241567876513592,0.14275884907541334,0.14447470062680046,0.14790640372957492,0.15168127714262675,0.15442663962484607,0.15820151303789792,0.1684966223462211,0.17364417700038265,0.1887436706525897,0.1925185440656417,0.20590218616646158,0.21276559237201031,0.22168802043922373,0.22306070168033332,0.22992410788588205,0.23884653595309532,0.24021921719420505,0.2457099421586442,0.24879847495114107,0.24914164526141863,0.24914164526141863,0.24914164526141863,0.2542891999155801,0.25737773270807696,0.25737773270807696,0.25737773270807696,0.25737773270807696,0.25737773270807696,0.2560050514669672,0.24536677184836664,0.24021921719420505,0.2333558109886565,0.22306070168033332,0.21962899857755905,0.20624535647673914,0.19080269251425439,0.18702781910120256,0.18702781910120256,0.18702781910120256,0.16883979265649848,0.15957419427900765,0.15442663962484607,0.15442663962484607,0.14653372248846516,0.13726812411097433,0.13726812411097433,0.13726812411097433,0.13074788821570318,0.12010960859710253,0.11564839456349606,0.10363743370378559,0.10295109308323072,0.10295109308323072,0.10295109308323072,0.08579257756935899,0.08270404477686202,0.06863406205548717,0.06726138081437742,0.0603979746088287,0.05147554654161536,0.05147554654161536,0.05147554654161536,0.05147554654161536,0.05147554654161536,0.05147554654161536,0.05147554654161536,0.04873018405939595,0.04529848095662158,0.03431703102774355,0.03431703102774355,0.03431703102774355,0.03431703102774355,0.03431703102774355,0.01750168582414921,0.017158515513871736,0.008579257756935868,0.008579257756935868,0.0006863406205549487,0.0006863406205549487,0.0,0.0,0.0,0.0,0.0,0.0,0.0,0.0,0.0
7206000,0.0,0.0,0.0,0.0,0.0,0.0,0.0,0.0,0.0,0.0,0.0,0.0,0.0,0.0,0.0,0.0,0.0,0.0,0.0,0.0,0.0,0.0,0.0,0.0,0.0,0.0,0.0,0.0,0.0,0.0,0.0,0.0,0.0,0.0,0.0,0.0,0.0,0.0006393857804438739,0.0006393857804438739,0.0006393857804438739,0.0006393857804438739,0.0006393857804438739,0.0006393857804438739,0.0006393857804438739,0.0007672629365326551,0.0012787715608877479,0.0012787715608877479,0.0012787715608877479,0.0012787715608877479,0.0012787715608877479,0.0019181573413316227,0.0019181573413316227,0.0025575431217754975,0.0026854202778642776,0.0033248060583081526,0.0038363146826632453,0.0038363146826632453,0.0038363146826632453,0.0038363146826632453,0.0038363146826632453,0.0038363146826632453,0.003964191838752033,0.003964191838752033,0.00447570046310712,0.004603577619195907,0.005115086243550993,0.005115086243550993,0.005115086243550993,0.005115086243550993,0.005754472023994868,0.006393857804438742,0.007033243584882616,0.007672629365326491,0.007672629365326491,0.008312015145770365,0.008312015145770365,0.008312015145770365,0.008439892301859146,0.011508944047989737,0.01214832982843361,0.012787715608877483,0.012787715608877483,0.012787715608877483,0.012787715608877483,0.013554978545410141,0.014705872950209108,0.014705872950209108,0.017263416071984606,0.019820959193760097,0.020460344974203973,0.020460344974203973,0.020588222130292756,0.022378502315535596,0.024680291125133574,0.02953962305650701,0.030690517461305963,0.031329903241749835,0.0320971661782825,0.03324806058308146,0.033887446363525336,0.03452683214396921,0.03657286664138962,0.037723761046188575,0.03836314682663245,0.03836314682663245,0.03836314682663245,0.03836314682663245,0.03836314682663245,0.03836314682663245,0.03836314682663245,0.038491023982721244,0.039002532607076326,0.039002532607076326,0.039002532607076326,0.03913040976316512,0.0421994615092957,0.042966724445828365,0.048976950782000796,0.056521702991238515,0.05767259739603747,0.058184106020392555,0.0682864013514058,0.07288997897060166,0.07468025915584456,0.08401529155032515,0.08759585192081076,0.08401529155032515,0.08759585192081076,0.08759585192081076,0.08759585192081076,0.08849099201343222,0.09194367522782916,0.10230172487101986,0.10230172487101986,0.10869558267545862,0.1214832982843361,0.13069045352272796,0.1386188372002319,0.14833750106297894,0.1838873504556583,0.195396294503648,0.1984653462497786,0.2127875877317214,0.22378502315535598,0.22659832058930912,0.2326085469254815,0.23542184435943456,0.23542184435943456,0.23465458142290185,0.23465458142290185,0.23465458142290185,0.23465458142290185,0.23465458142290185,0.2326085469254815,0.2418157021638733,0.24577989400262532,0.2580561009871477,0.27493588559086596,0.2906647757897853,0.30843970048612496,0.32736551958726373,0.3405368666644075,0.35051128483933186,0.35933480860945743,0.3721225242183349,0.39002532607076335,0.39641918387520203,0.4099741624206123,0.42199461509295705,0.42877210436566215,0.44181557428671714,0.465217093850963,0.5076723096724362,0.5335034952023687,0.5434779133772931,0.6227617501523337,0.6406645520047619,0.6969305006838229,0.6969305006838229,0.6969305006838229,0.6969305006838229,0.717390845658027,0.7480813631193329,0.7608690787282104,0.7608690787282104,0.8056260833592815,0.8248076567725978,0.8375953723814752,0.8887462348169852,0.8887462348169852,0.9526848128613726,0.9539635844222604,0.9782602440791276,0.9846541018835664,0.9846541018835664,0.9859328734444541,0.9923267312488928,0.9923267312488928,0.9999993606142196,0.9999993606142196,0.9859328734444541,0.960357442226699,0.9143216660347402,0.8887462348169852,0.8887462348169852,0.8248076567725978,0.8248076567725978,0.7736567943370878,0.7352936475104553,0.722505931901578,0.6969305006838229,0.6713550694660679,0.6393857804438743,0.5959075473736909,0.590153075349696,0.5630431182588758,0.5434779133772931,0.5214830425300241,0.5120201329794546,0.4983372772779556,0.48976950782000767,0.4867004560738772,0.48593319313734445,0.4792835810207283,0.4792835810207283,0.4739127404649996,0.4700764257823365,0.4739127404649996,0.47710966936721894,0.47710966936721894,0.48593319313734445,0.48976950782000767,0.5030687320532403,0.5120201329794546,0.5306901977684156,0.5414318788798729,0.5434779133772931,0.5445009306260035,0.5575444005470584,0.564577644131941,0.5630431182588758,0.564577644131941,0.590153075349696,0.5696927303754925,0.5696927303754925,0.590153075349696,0.5819689373600145,0.5819689373600145,0.5676466958780718,0.5511505427426197,0.5434779133772931,0.5370840555728544,0.5306901977684156,0.5115086243550994,0.46675161972402823,0.46163653348047734,0.44245496006716095,0.44117618850627327,0.4381071367601427,0.4341429449213906,0.42838847289739573,0.42838847289739573,0.41560075728851825,0.4028130416796408,0.3906647118512072,0.3704601211891808,0.35166217924413085,0.3503834076832431,0.3503834076832431,0.3503834076832431,0.3503834076832431,0.3503834076832431,0.3503834076832431,0.3503834076832431,0.3503834076832431,0.35166217924413085,0.36483352632127475,0.377749119086241,0.3906647118512072,0.39514041231431435,0.4037081817722623,0.41560075728851825,0.4171352831615836,0.4158565116006958,0.41355472279109784,0.4037081817722623,0.39514041231431435,0.3818411880810819,0.35421972236590654,0.32992306270903915,0.30409187717910663,0.2758310256834874,0.2584397324554141,0.24488475391000383,0.23657273876423346,0.22378502315535598,0.20677736139554895,0.1856776306409011,0.16317125116927678,0.1156009491042525,0.09590786706658114,0.0767262936532649,0.06930941860011598,0.062404052171322145,0.058184106020392555,0.05690533445950481,0.045652144723692646,0.0447570046310712,0.0392582869192539,0.03324806058308146,0.02685420277864272,0.02557543121775497,0.020460344974203973,0.018542187632872357,0.014705872950209108,0.014705872950209108,0.012787715608877483,0.01227620698452239,0.006521734960527523,0.006393857804438742,0.006393857804438742,0.005754472023994868,0.005242963399639775,0.005115086243550993,0.00447570046310712,0.003964191838752033,0.0038363146826632453,0.0038363146826632453,0.0038363146826632453,0.0031969289022193703,0.0031969289022193703,0.0031969289022193703,0.0026854202778642776,0.0025575431217754975,0.0025575431217754975,0.0025575431217754975,0.0025575431217754975,0.0025575431217754975,0.0025575431217754975,0.0025575431217754975,0.0025575431217754975,0.0025575431217754975,0.0025575431217754975,0.0025575431217754975,0.0025575431217754975,0.0025575431217754975,0.0025575431217754975,0.0025575431217754975,0.0025575431217754975,0.0025575431217754975,0.0025575431217754975,0.0025575431217754975,0.0019181573413316227,0.0012787715608877479,0.0012787715608877479,0.0012787715608877479,0.0012787715608877479,0.0012787715608877479,0.0006393857804438739,0.0006393857804438739,0.0006393857804438739,0.0006393857804438739,0.0006393857804438739,0.0006393857804438739,0.0006393857804438739,0.0006393857804438739
7207000,0.009646299149099946,0.009646299149099946,0.009646299149099946,0.007588421997291997,0.006430866099399974,0.006430866099399974,0.004887458235544009,0.003729902337651999,0.004887458235544009,0.003729902337651999,0.003215433049699987,0.003215433049699987,0.003215433049699987,0.003215433049699987,0.003215433049699987,0.003215433049699987,0.003215433049699987,0.0,0.0,0.0,0.0,0.0,0.0,0.0,0.002700963761748003,0.002700963761748003,0.0,0.0,0.0,0.0,0.0,0.0,0.0,0.0,0.0,0.0,0.0,0.0,0.0,0.0,0.00012861732198801376,0.003215433049699987,0.002700963761748003,0.003215433049699987,0.003215433049699987,0.003215433049699987,0.003215433049699987,0.003215433049699987,0.00546623618448997,0.006430866099399974,0.006430866099399974,0.0075241133362979615,0.007974273963255967,0.009646299149099946,0.009646299149099946,0.009903533793075944,0.011639867639913945,0.012861732198799932,0.012861732198799932,0.01607716524849992,0.01620578257048792,0.019292598298199907,0.021672018754977904,0.022508031347899894,0.022508031347899894,0.022829574652869885,0.025723464397599864,0.02893889744729985,0.03048230531115586,0.03241156514097584,0.035498380868687826,0.03871381391838781,0.041479086341129796,0.045016062695799774,0.04823149574549976,0.054533744522911744,0.06109322794429971,0.06405142635002371,0.07054660111041765,0.07691315854882362,0.0830867900042476,0.08681669234189957,0.09337617576328754,0.09652730015199354,0.09974273320169351,0.10610929064009947,0.11331186067142743,0.12263661651555742,0.13183275503769934,0.1389067077470393,0.14926040216707326,0.1575562194352992,0.1640513941956932,0.17041795163409915,0.17504817522566715,0.1807716460541331,0.1864951168825991,0.202057812843147,0.20893883956950499,0.22508031347899887,0.2360127858479788,0.2411574787274988,0.2636655100753987,0.27331180922449866,0.3054661397214985,0.33762047021849834,0.3697748007154982,0.401929131212498,0.44308667424865783,0.4726686583058976,0.5016075557531975,0.5337618862501974,0.5627007836974972,0.5909965945348571,0.616720058932457,0.6270094446914969,0.6430866099399968,0.6688100743375966,0.7157553968632165,0.7414788612608163,0.7646299792186562,0.7967843097156561,0.8225077741132558,0.8514466715605558,0.8842440886674956,0.9099675530650955,0.9163984191644954,0.9292601513632953,0.9453373166117952,0.9517681827111952,0.9614144818602951,0.9684884345696353,0.9749193006690351,0.9845655998181352,0.9909964659175351,0.9948549855771752,0.999999678456695,0.999999678456695,0.9948549855771752,0.9877810328678353,0.9781347337187352,0.9517681827111952,0.9459804032217353,0.9196138522141954,0.9131829861147954,0.9003212539159955,0.8745977895183956,0.8520897581704957,0.8392280259716959,0.8199354276734959,0.797427396325596,0.787781097176496,0.7620576327788962,0.7459804675303963,0.7279740424520764,0.7234724361824963,0.7138261370333964,0.6971058851749565,0.6913181056854966,0.6765271136568766,0.6655946412878967,0.6591637751884967,0.6527329090890968,0.6366557438405969,0.6270094446914969,0.6270094446914969,0.614147712492697,0.6032152401237172,0.591639681144797,0.5819933819956972,0.5729901694565371,0.5627007836974972,0.5627007836974972,0.5627007836974972,0.5627007836974972,0.5659162167471972,0.5691316497968971,0.5627007836974972,0.5627007836974972,0.5594853506477971,0.5562699175980972,0.5530544845483972,0.5530544845483972,0.5498390514986973,0.5530544845483972,0.5530544845483972,0.5466236184489973,0.5466236184489973,0.5434081853992972,0.5369773192998973,0.5337618862501974,0.5337618862501974,0.5305464532004973,0.5305464532004973,0.5305464532004973,0.5305464532004973,0.5305464532004973,0.5305464532004973,0.5305464532004973,0.5305464532004973,0.5305464532004973,0.5305464532004973,0.5176847210016975,0.5016075557531975,0.49839212270349753,0.4855303905046976,0.4758840913555976,0.4662377922064977,0.4662377922064977,0.4598069261070977,0.44694519390829773,0.43408346170949785,0.43408346170949785,0.43086802865979784,0.4180062964609979,0.41157543036159794,0.4083599973118979,0.401929131212498,0.401929131212498,0.401929131212498,0.39228283206339803,0.3826365329142981,0.3794210998645981,0.3762056668148981,0.3697748007154982,0.3697748007154982,0.3697748007154982,0.3697748007154982,0.3697748007154982,0.3697748007154982,0.3697748007154982,0.37299023376519813,0.3762056668148981,0.3762056668148981,0.3762056668148981,0.37299023376519813,0.3697748007154982,0.3697748007154982,0.3697748007154982,0.3697748007154982,0.3697748007154982,0.36655936766579816,0.3633439346160982,0.3569130685166982,0.3569130685166982,0.35048220241729827,0.34726676936759826,0.33762047021849834,0.3344050371687983,0.32475873801969835,0.31832787192029843,0.3054661397214985,0.29903527362209853,0.27331180922449866,0.26045007702569867,0.25080377787659874,0.2411574787274988,0.2379420456777988,0.22861728983366883,0.22212211507327487,0.20655941911272696,0.201157491589231,0.19569125540474103,0.1864951168825991,0.18327968383289905,0.17363338468379913,0.16720251858439916,0.16012856587505925,0.15575557692746722,0.15434078638559923,0.15434078638559923,0.15485525567355124,0.15498387299553923,0.15723467613032924,0.15858515801120324,0.1607716524849992,0.16154335641692721,0.16398708553469918,0.16720251858439916,0.16881023510924917,0.17067518627807515,0.17633434844554716,0.18327968383289905,0.18630219089961708,0.18726682081452706,0.18919608064434706,0.18964624127130503,0.18964624127130503,0.19208997038907705,0.19614141603169902,0.19614141603169902,0.19614141603169902,0.193890612896909,0.19099672315217903,0.18842437671241904,0.18327968383289905,0.18038579408816907,0.17684881773349911,0.17395492798876913,0.17041795163409915,0.16720251858439916,0.1604501091800292,0.15434078638559923,0.14790992028619926,0.1414790541867993,0.13504818808739932,0.13183275503769934,0.12572343224326937,0.12218645588859939,0.11350478665440944,0.10610929064009947,0.09871379462578951,0.09003212539159955,0.08231508607231958,0.07717039319279963,0.07395496014309963,0.07106107039836965,0.06893888458556766,0.06733116806071765,0.06327972241809574,0.05942120275845573,0.05466236184489973,0.05144692879519973,0.04823149574549976,0.04784564377953576,0.04295818554399178,0.041800629646099784,0.041800629646099784,0.04115754303615979,0.0401929131212498,0.038585196596399814,0.038585196596399814,0.03556268952968185,0.03536976354669982,0.03536976354669982,0.035305454885705835,0.03472667693675983,0.03247587380196983,0.03215433049699984,0.028553045481335883,0.026237933685551863,0.025723464397599864,0.025723464397599864,0.025530538414617873,0.025594847075611882,0.02430867385573187,0.02379420456777989,0.02353696992380389,0.0227009573308819,0.022508031347899894,0.022508031347899894,0.022508031347899894,0.022508031347899894,0.022508031347899894,0.022508031347899894,0.022508031347899894,0.022508031347899894,0.019292598298199907,0.019292598298199907,0.01607716524849992,0.01607716524849992,0.01607716524849992,0.01607716524849992,0.01607716524849992,0.01607716524849992,0.01607716524849992
7207500,0.11680616460551425,0.11680616460551425,0.11680616460551425,0.11680616460551425,0.11680616460551425,0.11680616460551425,0.11680616460551425,0.11680616460551425,0.11680616460551425,0.11680616460551425,0.11680616460551425,0.11680616460551425,0.11680616460551425,0.11680616460551425,0.11680616460551425,0.11680616460551425,0.11680616460551425,0.11680616460551425,0.11680616460551425,0.11680616460551425,0.11680616460551425,0.11680616460551425,0.11680616460551425,0.11680616460551425,0.11680616460551425,0.11680616460551425,0.11680616460551425,0.11680616460551425,0.11680616460551425,0.1182847236511537,0.11951685618918656,0.12173469475764566,0.1232132538032851,0.12666322490977708,0.12690965141738367,0.12789535744780992,0.12814178395541656,0.12912748998584278,0.12912748998584278,0.12912748998584278,0.12912748998584278,0.12912748998584278,0.12912748998584278,0.12912748998584278,0.12937391649344934,0.13060604903148226,0.1318381815695151,0.13405602013797419,0.13775241775207273,0.14144881536617124,0.14144881536617124,0.14144881536617124,0.14539163948787637,0.15278443471607356,0.15377014074649978,0.15377014074649978,0.16264149502033637,0.1660914661268283,0.1660914661268283,0.17471639389305824,0.1784127915071568,0.17865921801476342,0.19073411688748534,0.19073411688748534,0.19960547116132188,0.2030554422678138,0.2057661338514861,0.2106946640036175,0.21537676764814231,0.21808745923181458,0.23139449064256937,0.2390337123783731,0.24913719919024244,0.25234074378912785,0.26219780409339066,0.2661406282150958,0.2769833945497849,0.28930471993011336,0.2957118091278842,0.3021188983256551,0.3139473706907704,0.32257229845700036,0.3262686960710989,0.3385900214514274,0.347461375725264,0.3536220384154283,0.3755539975924129,0.38787532297274147,0.40832872310408685,0.42188218102244823,0.42902854974303867,0.45588903907215494,0.484474513954517,0.5110885767760266,0.5234099021563551,0.5500239649778649,0.564316702419046,0.5739273362157021,0.5850165290579976,0.5973378544383261,0.6219805051989832,0.6343018305793118,0.6476088619900666,0.6589444813399686,0.6722515127507235,0.7013298406482988,0.710940474444955,0.7466723180479079,0.770082836270532,0.8033504147974189,0.8462286271209623,0.8708712778816193,0.9014281648248338,0.9102995190986704,0.9349421698593278,0.9595848206199847,0.9595848206199847,0.9820096328121825,0.9965487967609697,0.9965487967609697,0.999998767867462,0.9965487967609697,0.9620490856960507,0.8932960900738172,0.8674213067751271,0.8410536704612243,0.8358787138014863,0.8151788871625344,0.7688507037324991,0.7230153733176772,0.7089690623841025,0.6806300140093469,0.6589444813399686,0.6481017150052797,0.6232126377370161,0.5869879411188504,0.5628381433734067,0.5411526107040283,0.5357312275366836,0.5234099021563551,0.516017106928158,0.49876725139569805,0.46821036445248326,0.4618032752547125,0.4512069354276302,0.43223209434192417,0.41793935690074313,0.40019664835306995,0.40019664835306995,0.377278983145659,0.363479098719691,0.35115777333936254,0.3393293009742471,0.31542592973640987,0.3016260453104419,0.2789548066106376,0.26564777519988286,0.25234074378912785,0.22769809302847083,0.20478042782105982,0.192705528948338,0.17865921801476342,0.15943795042145098,0.14687019853351585,0.14144881536617124,0.12912748998584278,0.11680616460551425,0.10448483922518575,0.10448483922518575,0.10448483922518575,0.09216351384485724,0.08403143909384046,0.0813207475101682,0.07984218846452873,0.0778707764036762,0.07442080529718426,0.07442080529718426,0.0726958197439382,0.07244939323633162,0.07244939323633162,0.0704779811754791,0.07244939323633162,0.07244939323633162,0.07244939323633162,0.0704779811754791,0.06998512816026592,0.06998512816026592,0.07244939323633162,0.07392795228197106,0.07392795228197106,0.07392795228197106,0.07368152577436447,0.07244939323633162,0.06653515705377397,0.06752086308420023,0.0680137160994134,0.0702315546678725,0.0726958197439382,0.07368152577436447,0.07368152577436447,0.0751600848200039,0.07861005592649588,0.08033504147974191,0.08353858607862728,0.08624927766229958,0.09216351384485724,0.09216351384485724,0.10448483922518575,0.10448483922518575,0.10448483922518575,0.10448483922518575,0.10448483922518575,0.10448483922518575,0.11680616460551425,0.11680616460551425,0.10867408985449743,0.10473126573279236,0.10448483922518575,0.10448483922518575,0.10448483922518575,0.10448483922518575,0.10448483922518575,0.10448483922518575,0.10448483922518575,0.10448483922518575,0.10448483922518575,0.10448483922518575,0.10448483922518575,0.10448483922518575,0.10349913319475951,0.09487420542852953,0.09216351384485724,0.09216351384485724,0.08871354273836528,0.08600285115469297,0.08353858607862728,0.07762434989606962,0.0729422462515448,0.0677672895918068,0.06407089197770827,0.050271007551740306,0.0478067424756746,0.044356771369182646,0.0428782123235432,0.040413947247477496,0.036963976140985545,0.033514005034493574,0.03055688694321469,0.03055688694321469,0.03055688694321469,0.03055688694321469,0.03055688694321469,0.03055688694321469,0.03055688694321469,0.028092621867148986,0.026860489329116135,0.021931959176984733,0.019714120608525613,0.01724985553245992,0.013307031410754774,0.009610633796656226,0.007392795228197105,0.0012321325380328589,0.0009857060304262679,0.0,0.00221783856845912,0.0029571180912788928,0.0029571180912788928,0.00763922173580371,0.009610633796656226,0.009857060304262817,0.012074898872721923,0.01232132538032852,0.013307031410754774,0.014785590456394224,0.01577129648682048,0.01700342902485333,0.019467694100919027,0.02069982663895188,0.02069982663895188,0.021931959176984733,0.02464265076065703,0.028092621867148986,0.03104973995842787,0.03449971106491984,0.03671754963337895,0.03918181470944464,0.0428782123235432,0.049038875013707454,0.053228125643019195,0.055199537703871704,0.05889593531797026,0.06012806785600311,0.06037449436360971,0.06259233293206881,0.06382446547010166,0.06628873054616737,0.0677672895918068,0.06998512816026592,0.07121726069829877,0.0726958197439382,0.0754065113276105,0.07861005592649588,0.07861005592649588,0.07984218846452873,0.08107432100256158,0.08107432100256158,0.08477071861666012,0.08994567527639813,0.09216351384485724,0.09216351384485724,0.09216351384485724,0.09364207289049666,0.09512063193613614,0.09512063193613614,0.10029558859587412,0.1032527066871529,0.1032527066871529,0.10448483922518575,0.10448483922518575,0.10719553080885806,0.11187763445338285,0.11335619349902229,0.11458832603705514,0.1155740320674814,0.11582045857508799,0.11582045857508799,0.1155740320674814,0.11335619349902229,0.11335619349902229,0.1155740320674814,0.1155740320674814,0.11582045857508799,0.1155740320674814,0.1155740320674814,0.1155740320674814,0.11582045857508799,0.11680616460551425,0.11680616460551425,0.11680616460551425,0.11680616460551425,0.11680616460551425,0.11680616460551425,0.11680616460551425,0.11680616460551425,0.11680616460551425,0.11680616460551425,0.11680616460551425,0.11680616460551425,0.11680616460551425,0.11680616460551425,0.11680616460551425,0.11680616460551425,0.11680616460551425,0.11680616460551425,0.11680616460551425,0.11680616460551425,0.11680616460551425,0.11680616460551425,0.11680616460551425,0.11680616460551425,0.11680616460551425,0.11680616460551425,0.11680616460551425,0.11680616460551425,0.11680616460551425
7208500,0.013043464083191228,0.013260855151244439,0.014130419423457186,0.014130419423457186,0.013260855151244439,0.013043464083191228,0.013043464083191228,0.013260855151244439,0.014130419423457186,0.014130419423457186,0.014130419423457186,0.014130419423457186,0.014130419423457186,0.014130419423457186,0.014130419423457186,0.015217374763723097,0.015434765831776309,0.01652172117204222,0.017608676512308227,0.017608676512308227,0.017608676512308227,0.01739128544425497,0.014347810491510397,0.014130419423457186,0.014347810491510397,0.013260855151244439,0.017608676512308227,0.01847824078452093,0.01847824078452093,0.01847824078452093,0.01847824078452093,0.01956519612478684,0.021739106805318712,0.021739106805318712,0.021739106805318712,0.021739106805318712,0.021739106805318712,0.027173883506648365,0.03260866020797807,0.03260866020797807,0.03695648156904181,0.043478213610637424,0.043478213610637424,0.04565212429116929,0.05326081167303082,0.05434776701329673,0.05434776701329673,0.05434776701329673,0.059782543714626435,0.06413036507569017,0.06521732041595608,0.0726086167297645,0.07608687381861544,0.07934773983941322,0.08673903615322164,0.08999990217401942,0.09782598062393416,0.10869553402659346,0.11282596431960404,0.11956508742925281,0.12282595345005065,0.13043464083191217,0.13760854607766743,0.1413041942345715,0.14891288161643307,0.15217374763723088,0.15652156899829464,0.1630433010398902,0.17391285444254959,0.1847824078452089,0.19130413988680448,0.19999978260893195,0.21304324669212318,0.22282584475451658,0.23260844281691007,0.24891277292089903,0.26086928166382434,0.2728257904067496,0.28260838846914305,0.3043474952744617,0.316304004017387,0.3260866020797804,0.3445648428643013,0.3656517764654605,0.37739089414033256,0.39130392249573653,0.41304302930105513,0.43478213610637384,0.4456516895090333,0.45652124291169255,0.4739125283559476,0.48804294777940466,0.49999945652232997,0.517608133034638,0.5326081167303081,0.553477659263414,0.5613037377133288,0.5739124196604135,0.5978254371462641,0.6086949905489234,0.6413036507569013,0.6739123109648795,0.6847818643675387,0.7167383513713573,0.7297818154545485,0.7569556989611969,0.7708687273166008,0.782607844991473,0.782607844991473,0.7934773983941322,0.8086947731578554,0.8673903615322158,0.8913033790180663,0.8913033790180663,0.8913033790180663,0.8956512003791299,0.9021729324207258,0.9434772353508312,0.9869554489614693,0.9999989130446598,0.9999989130446598,0.9999989130446598,0.9739119848782775,0.8956512003791299,0.8913033790180663,0.8847816469764709,0.8369556120047696,0.797825219755196,0.782607844991473,0.782607844991473,0.7771730682901432,0.7673904702277498,0.7286948601142825,0.707173144377017,0.6749992663051456,0.6604340647455819,0.6178254154071574,0.5910863140366154,0.5615211287813819,0.5445646254732333,0.5130429206055213,0.48978207632383025,0.45652124291169255,0.4356517003785867,0.4230430184315019,0.39391261531237487,0.3804343690930771,0.37173872637094973,0.35434744092669473,0.3369561554824398,0.3034779310022489,0.28260838846914305,0.27173883506648366,0.25391276748612257,0.23913017485850563,0.22652149291142082,0.20695629678663405,0.20652151465052762,0.19999978260893195,0.1847824078452089,0.17391285444254959,0.16369547424404987,0.15586939579413514,0.15217374763723088,0.14891288161643307,0.1413041942345715,0.13043464083191217,0.12326073558615708,0.11956508742925281,0.11130422684323171,0.10021728237251919,0.10021728237251919,0.09913032703225333,0.09804337169198732,0.09782598062393416,0.09782598062393416,0.09782598062393416,0.09782598062393416,0.09782598062393416,0.09782598062393416,0.09673902528366819,0.0915216396503917,0.09021729324207259,0.08934772896985983,0.09021729324207259,0.09021729324207259,0.09043468431012588,0.09369555033092357,0.0969564163517214,0.09782598062393416,0.1047824948016361,0.10913031616269983,0.11434770179597632,0.11804334995288063,0.1263042105389017,0.13043464083191217,0.1308694229680185,0.13804332821377374,0.1413041942345715,0.14260854064289066,0.14586940666368847,0.14673897093590124,0.1480433173442204,0.15217374763723088,0.15565200472608198,0.1630433010398902,0.1630433010398902,0.1630433010398902,0.1665215581287412,0.17391285444254959,0.1784780668716665,0.18369545250494299,0.1847824078452089,0.18869544707016633,0.19260848629512373,0.19369544163538954,0.1956519612478682,0.1928258773631769,0.1928258773631769,0.18869544707016633,0.1854345810493685,0.1854345810493685,0.19065196668264497,0.1847824078452089,0.1802171954160921,0.1756519829869751,0.17391285444254959,0.1630433010398902,0.15217374763723088,0.14695636200395448,0.1413041942345715,0.1413041942345715,0.1349998532610291,0.1315215961721781,0.13043464083191217,0.12934768549164627,0.1219563891778379,0.11956508742925281,0.11956508742925281,0.11956508742925281,0.10869553402659346,0.10869553402659346,0.10869553402659346,0.10869553402659346,0.10869553402659346,0.10782596975438072,0.10782596975438072,0.10152162878083851,0.09826076276004057,0.09782598062393416,0.09782598062393416,0.09782598062393416,0.0915216396503917,0.08826077362959392,0.08695642722127479,0.08695642722127479,0.0843477344046366,0.07608687381861544,0.07608687381861544,0.07608687381861544,0.07413035420613678,0.07195644352560496,0.06630427575622205,0.06521732041595608,0.06521732041595608,0.06521732041595608,0.06521732041595608,0.06521732041595608,0.055652113421615905,0.05434776701329673,0.05434776701329673,0.05434776701329673,0.05434776701329673,0.05434776701329673,0.05434776701329673,0.05434776701329673,0.05434776701329673,0.05434776701329673,0.05434776701329673,0.05434776701329673,0.05434776701329673,0.05434776701329673,0.05434776701329673,0.05434776701329673,0.05434776701329673,0.05434776701329673,0.05434776701329673,0.056086895557722324,0.06347819187153064,0.06673905789232847,0.07304339886587087,0.07499991847834953,0.07499991847834953,0.07499991847834953,0.07608687381861544,0.07608687381861544,0.07608687381861544,0.07608687381861544,0.07608687381861544,0.07608687381861544,0.07804339343109411,0.08695642722127479,0.0834781701324239,0.08695642722127479,0.0834781701324239,0.0815216505199451,0.07608687381861544,0.07608687381861544,0.07608687381861544,0.07608687381861544,0.07499991847834953,0.07499991847834953,0.0717390524575517,0.07065209711728579,0.06521732041595608,0.06521732041595608,0.06434775614374338,0.06217384546321147,0.05760863303409456,0.05434776701329673,0.05434776701329673,0.05434776701329673,0.05130429206055211,0.04608690642727572,0.043478213610637424,0.043478213610637424,0.043478213610637424,0.043478213610637424,0.039347783317626894,0.03739126370514828,0.034130397684350354,0.03260866020797807,0.030869531663552618,0.02652171030248883,0.026086928166382455,0.024347799621956958,0.022826062145584622,0.023043453213637835,0.021739106805318712,0.021739106805318712,0.021739106805318712,0.020869542533106012,0.017608676512308227,0.013043464083191228,0.010869553402659356,0.010869553402659356,0.010869553402659356,0.009999989130446656,0.009999989130446656,0.008913033790180793,0.008695642722127485,0.006521732041595614,0.0026086928166382936,0.0,0.0,0.0,0.0,0.0,0.0,0.0,0.0,0.0,0.0,0.0,0.0,0.0
7211500,0.8493392667810419,0.8493392667810419,0.8508458552808754,0.8587554449050004,0.869678211528792,0.8779644482778755,0.8870039792768754,0.8870039792768754,0.8870039792768754,0.9013165700252921,0.9058363355247919,0.9058363355247919,0.9058363355247919,0.9058363355247919,0.9058363355247919,0.9058363355247919,0.9058363355247919,0.9058363355247919,0.9058363355247919,0.9103561010242922,0.9299417515221254,0.9435010480206253,0.9435010480206253,0.9435010480206253,0.9435010480206253,0.9435010480206253,0.9435010480206253,0.9472675192702089,0.9623334042685419,0.9623334042685419,0.9623334042685419,0.9623334042685419,0.9623334042685419,0.9623334042685419,0.9698663467677092,0.9999981167643753,0.9999981167643753,0.9999981167643753,0.9864388202658755,0.9623334042685419,0.945384283645417,0.9156291607737087,0.9058363355247919,0.9058363355247919,0.9058363355247919,0.9058363355247919,0.9058363355247919,0.9058363355247919,0.9058363355247919,0.9058363355247919,0.9058363355247919,0.8907704505264589,0.8870039792768754,0.8870039792768754,0.8824842137773753,0.8681716230289586,0.8647817989043336,0.8644051517793753,0.8591320920299585,0.8568722092802086,0.8534823851555836,0.8493392667810419,0.8444428541565836,0.8369099116574169,0.8316368519080002,0.819960791034292,0.8139344370349585,0.8116745542852085,0.8116745542852085,0.8116745542852085,0.8101679657853754,0.8007517876614169,0.7838026670382917,0.7721266061645835,0.7551774855414586,0.7457613074175004,0.7348385407937089,0.7254223626697502,0.7212792442952085,0.7175127730456252,0.7175127730456252,0.7141229489210003,0.7099798305464586,0.702446888047292,0.699057063922667,0.6798480605497919,0.6798480605497919,0.6764582364251669,0.6745750008003752,0.6677953525511253,0.6531061146777504,0.6500929376780835,0.6497162905531253,0.6346504055547921,0.6297539929303335,0.6290006986804169,0.6244809331809169,0.6244809331809169,0.6244809331809169,0.6244809331809169,0.6290006986804169,0.6467031135534588,0.6561192916774171,0.6726917651755836,0.6745750008003752,0.6768348835501252,0.6768348835501252,0.6806013547997085,0.6971738282978752,0.7024468880472923,0.7348385407937086,0.7363451292935419,0.7423714832928754,0.7551774855414586,0.7551774855414586,0.7423714832928754,0.7363451292935419,0.7303187752942087,0.7303187752942087,0.7363451292935419,0.7423714832928754,0.7551774855414586,0.752164308541792,0.7401116005431253,0.7551774855414586,0.7555541326664168,0.7672301935401252,0.7728799004145005,0.7709966647897086,0.7758930774141669,0.7758930774141669,0.7709966647897086,0.7706200176647502,0.7555541326664168,0.7401116005431253,0.7314487166690837,0.7291888339193336,0.722785832795042,0.7314487166690837,0.7197726557953752,0.7175127730456252,0.7062133592968755,0.6998103581725837,0.6907708271735837,0.6798480605497919,0.6783414720499585,0.6636522341765836,0.6425599951789169,0.6369102883045419,0.6365336411795836,0.6244809331809169,0.6064018711829171,0.5860629264351669,0.5668539230622919,0.5585676863132086,0.5344622703158752,0.5107335014435003,0.49152449807062515,0.4726921418227085,0.4576262568243755,0.4418070775761252,0.41506513170408366,0.38380342033254194,0.36459441695966693,0.3431255308370418,0.33634588258779186,0.32579976308895864,0.32052670333954175,0.30320093559145844,0.29114822759279196,0.28436857934354176,0.2681727529703335,0.2640296345957918,0.24519727834787514,0.24331404272308346,0.23502780597400022,0.2263649220999584,0.21920862672575014,0.21092238997666693,0.2090391543518751,0.2060259773522085,0.1958565049783334,0.19058344522891676,0.1902067981039584,0.18832356247916673,0.1826738556047917,0.17175108898100014,0.17175108898100014,0.17175108898100014,0.17175108898100014,0.17175108898100014,0.1826738556047917,0.18342714985470848,0.1902067981039584,0.19058344522891676,0.19058344522891676,0.1969864463532085,0.19284332797866682,0.1902067981039584,0.1902067981039584,0.1902067981039584,0.19284332797866682,0.20225950610262514,0.20753256585204183,0.2090391543518751,0.20753256585204183,0.20753256585204183,0.2090391543518751,0.2090391543518751,0.2090391543518751,0.2090391543518751,0.2090391543518751,0.22335174510029185,0.22787151059979174,0.22900145197466687,0.24519727834787514,0.24670386684770843,0.2655362230956253,0.2730691655947918,0.2730691655947918,0.28474522646850015,0.3246698217140837,0.3220332918393751,0.3220332918393751,0.33709917683770846,0.33785247108762523,0.3408656480872918,0.33559258833787514,0.33559258833787514,0.3246698217140837,0.3039542298413755,0.28474522646850015,0.27683563684437523,0.2587565748463752,0.24519727834787514,0.22824815772475007,0.22787151059979174,0.21883197960079181,0.2101690957267502,0.20451938885237517,0.2033894474775001,0.2003762704778335,0.1789073843552084,0.17137444185604175,0.16045167523225023,0.14877561435854186,0.14877561435854186,0.14689237873375005,0.14538579023391676,0.1416193189843334,0.1348396707350835,0.12655343398600008,0.11148754898766672,0.10583784211329175,0.0979282524891667,0.0866288387404167,0.07758930774141673,0.07532942499166669,0.06628989399266674,0.051977303244250116,0.04557430211995837,0.039547948120625016,0.03427488837120839,0.027118592997000066,0.024482063122291675,0.02109223899766669,0.01694912062312501,0.011676060873708358,0.007532942499166671,0.004143118374541688,0.0037664712495833327,0.0022598827497500185,0.001883235624791669,0.001883235624791669,0.001883235624791669,0.001883235624791669,0.001883235624791669,0.001883235624791669,0.00037664712495834947,0.0,0.00037664712495834947,0.00037664712495834947,0.001883235624791669,0.0037664712495833327,0.00979282524891669,0.018832356247916668,0.020715591872708338,0.022975474622458362,0.02561200449716677,0.033144946996333434,0.04331441937020834,0.049340773369541714,0.05536712736887508,0.062146775618125025,0.06628989399266674,0.07608271924158341,0.08851207436520837,0.10659113636320847,0.12128037423658344,0.1363462592349168,0.14651573160879203,0.16836126485637512,0.18757026822925016,0.20941580147683342,0.2531068679720003,0.26930269434520876,0.3167602320899585,0.32805964583870845,0.3408656480872918,0.3457620607117501,0.3525417089610002,0.3544249445857918,0.3563081802105835,0.3585680629603335,0.36195788708495846,0.367984241084292,0.37212735945883363,0.37853036058312517,0.37853036058312517,0.3796603019580003,0.3973627168310418,0.3973627168310418,0.40979207195466694,0.4161950730789585,0.4241046627030835,0.43502742932687516,0.43615737070175015,0.4429370189510001,0.44670349020058353,0.45574302119958365,0.47382208319758373,0.49001790957079183,0.4998107348197087,0.5103568543185418,0.5129933841932504,0.5167598554428336,0.5209029738173753,0.5291892105664585,0.5465149783145419,0.5480215668143752,0.5555545093135419,0.5668539230622919,0.5668539230622919,0.5668539230622919,0.574763512686417,0.5856862793102086,0.6045186355581252,0.6045186355581252,0.6124282251822504,0.6233509918060419,0.6369102883045419,0.639170171054292,0.6421833480539586,0.657249233052292,0.6580025273022087,0.6636522341765837,0.6806013547997085,0.6915241214235003,0.6986804167977085,0.7009402995474587,0.7099798305464586,0.7160061845457919,0.7175127730456252,0.7175127730456252,0.7178894201705835,0.7363451292935419
7215500,0.010489501320365977,0.010489501320365977,0.010489501320365977,0.010489501320365977,0.010489501320365977,0.009790201232341597,0.008916076122311099,0.00874125110030498,0.006118875770213483,0.005244750660182984,0.005244750660182984,0.005244750660182984,0.005244750660182984,0.005244750660182984,0.005244750660182984,0.005244750660182984,0.005244750660182984,0.004545450572158624,0.004370625550152494,0.004370625550152494,0.0036713254621281053,0.0017482502200609979,0.001048950132036618,0.00017482502200610948,0.00017482502200610948,0.0,0.0,0.0,0.0,0.0,0.00017482502200610948,0.00017482502200610948,0.0008741251100304989,0.001048950132036618,0.0017482502200609979,0.0017482502200609979,0.0017482502200609979,0.0017482502200609979,0.0017482502200609979,0.0017482502200609979,0.004545450572158624,0.005244750660182984,0.005244750660182984,0.005244750660182984,0.005244750660182984,0.005244750660182984,0.005244750660182984,0.005244750660182984,0.005244750660182984,0.005244750660182984,0.005419575682189083,0.006118875770213483,0.006118875770213483,0.005244750660182984,0.005244750660182984,0.0020979002640732266,0.0017482502200609979,0.0020979002640732266,0.0038461504841342245,0.0038461504841342245,0.005419575682189083,0.006293700792219602,0.006993000880243982,0.00874125110030498,0.009965026254347717,0.01590907700255511,0.019230752420670967,0.020279702552707585,0.02534962819088444,0.028146828542982057,0.03321675418115893,0.038636329863348064,0.04108388017143342,0.04632863083161647,0.058741207394049574,0.06678315840633005,0.07972021003478147,0.0979020123234158,0.10804186359976962,0.1166082896780685,0.12937051628451374,0.13286701672463572,0.1416082678249407,0.15944042006956294,0.17377607187406308,0.1825173229743681,0.19423059944877671,0.2010487753070146,0.20122360032902073,0.20122360032902073,0.2020977254390512,0.20122360032902073,0.2010487753070146,0.1993005250869536,0.1931816493167401,0.1853145233264656,0.17814669742421563,0.17657327222616062,0.17657327222616062,0.17499984702810584,0.17412572191807524,0.17325159680804475,0.17325159680804475,0.17027957143394107,0.16783202112585563,0.16783202112585563,0.16783202112585563,0.16800684614786177,0.17045439645594723,0.16888097125789228,0.16888097125789228,0.17412572191807524,0.17657327222616062,0.17674809724816676,0.1812935478203254,0.18566417337047786,0.18985997389862422,0.19527954958081328,0.2027970255270756,0.21153827662738056,0.21468512702349038,0.22027952772768553,0.22902077882799052,0.23566412966422234,0.2377620299282955,0.2407340553023992,0.2493004813806981,0.25594383221692996,0.26416060825121657,0.26748228366933247,0.27272703432951545,0.27814661001170454,0.2814682854298204,0.2840906607599119,0.29020953653012543,0.2965032373223449,0.30594378851067433,0.3097899389948086,0.31643328983104035,0.3223773405792478,0.33181789176757714,0.33706264242776024,0.3499996940562115,0.3681814963448458,0.3863632986334802,0.3951045497337852,0.4125870519343951,0.4276220038269197,0.4293702540469807,0.4360136048832127,0.47377580963653,0.4748247597685667,0.48199258567081676,0.5206289155341658,0.5826917983463302,0.6162582025715015,0.6421323058284042,0.6673071089972836,0.7325168422055576,0.7447545937459852,0.7989503505678752,0.8479013567295838,0.884614611350864,0.886362861570925,0.919579615752084,0.9370621179526939,0.9492998694931213,0.9650341214736701,0.9772718730140973,0.99999912587489,0.99999912587489,0.99999912587489,0.99999912587489,0.9772718730140973,0.9772718730140973,0.9720271223539139,0.9720271223539139,0.9720271223539139,0.9720271223539139,0.9720271223539139,0.9755236227940363,0.9720271223539139,0.9720271223539139,0.9755236227940363,0.9755236227940363,0.9755236227940363,0.9720271223539139,0.9755236227940363,0.9720271223539139,0.9720271223539139,0.9720271223539139,0.9720271223539139,0.9720271223539139,0.9720271223539139,0.9720271223539139,0.9720271223539139,0.9580411205934262,0.9475516192730602,0.9370621179526939,0.9213278659721451,0.9125866148718402,0.9020971135514739,0.893355862451169,0.893355862451169,0.884614611350864,0.884614611350864,0.884614611350864,0.884614611350864,0.884614611350864,0.884614611350864,0.8671321091502542,0.8671321091502542,0.8304188545289737,0.8059433514481192,0.8059433514481192,0.7972021003478142,0.7972021003478142,0.7909083995555948,0.7884608492475093,0.7842650487193629,0.7797195981472044,0.7790202980591798,0.7790202980591798,0.7790202980591798,0.7790202980591798,0.7753489725970518,0.7716776471349237,0.770279046958875,0.7692300968268383,0.7692300968268383,0.7694049218488445,0.770279046958875,0.7709783470468993,0.7725517722449542,0.7709783470468993,0.7790202980591798,0.779195123081186,0.7870622490714605,0.7884608492475093,0.7914328746216129,0.7972021003478142,0.7972021003478142,0.7972021003478142,0.7972021003478142,0.7972021003478142,0.7972021003478142,0.7972021003478142,0.7972021003478142,0.7972021003478142,0.7965028002597899,0.7972021003478142,0.7972021003478142,0.7972021003478142,0.7965028002597899,0.7914328746216129,0.7914328746216129,0.7870622490714605,0.7798944231692103,0.7776216978831311,0.7681811466948016,0.7674818466067773,0.7622370959465943,0.7534958448462894,0.7447545937459844,0.7360133426456794,0.7316427170955269,0.7256986663473195,0.7185308404450694,0.7167825902250085,0.7104888894327888,0.7010483382444594,0.6837406610658556,0.6748245849435446,0.6456288062685261,0.6136358272414097,0.5818176732362995,0.545454068659031,0.4923072619691766,0.44615345615956636,0.4145101271764624,0.3856639985454558,0.35367101951833957,0.32604866604137583,0.294754987102284,0.280768985341796,0.26818158375735685,0.25576900719492385,0.2458039809405761,0.22027952772768553,0.18566417337047786,0.17062922147795329,0.15769216984950193,0.1416082678249407,0.12954534130651985,0.12115374025022706,0.11031458888584891,0.1006992126755134,0.09702788721338529,0.09003488633314129,0.08916076122311081,0.08916076122311081,0.08513978571697055,0.08129363523283634,0.08041951012280583,0.08041951012280583,0.08041951012280583,0.07972021003478147,0.07185308404450697,0.07167825902250084,0.07167825902250084,0.06765728351636059,0.06293700792219588,0.05961533250408002,0.05786708228401902,0.05524470695392748,0.054195756821890886,0.054195756821890886,0.054195756821890886,0.054195756821890886,0.05174820651380549,0.05069925638176889,0.04807688105167739,0.045454505721585894,0.045454505721585894,0.045454505721585894,0.04108388017143342,0.03706290466529316,0.03671325462128092,0.03671325462128092,0.027972003520975938,0.027972003520975938,0.027972003520975938,0.027972003520975938,0.027972003520975938,0.022027952772768544,0.019230752420670967,0.019230752420670967,0.019230752420670967,0.019230752420670967,0.019230752420670967,0.019230752420670967,0.019230752420670967,0.019230752420670967,0.01643355206857343,0.012937051628451433,0.012937051628451433,0.010664326342372096,0.010489501320365977,0.010489501320365977,0.010489501320365977,0.010489501320365977,0.010489501320365977,0.010489501320365977,0.010489501320365977,0.010489501320365977,0.010489501320365977,0.010489501320365977,0.010489501320365977,0.010489501320365977,0.010489501320365977,0.010489501320365977,0.010489501320365977,0.010489501320365977,0.010489501320365977,0.010489501320365977,0.010489501320365977
7216500,0.18126860835557648,0.18126860835557648,0.18126860835557648,0.18882146703705893,0.18489398052268807,0.18308129443913224,0.18126860835557648,0.1839876374809102,0.18217495139735446,0.18126860835557648,0.18126860835557648,0.18126860835557648,0.18126860835557648,0.18006015096653935,0.17945592227202076,0.17522632141039057,0.17220517793779763,0.17009037750698267,0.16767346272890826,0.16767346272890826,0.16616289099261175,0.16586077664535248,0.16465231925631532,0.16163117578372235,0.16404809056179678,0.16163117578372235,0.1586100323111294,0.1552867744912772,0.15226563101868426,0.1510571736296471,0.1510571736296471,0.15075505928238783,0.14924448754609132,0.1459212297262391,0.1374620280029788,0.13595145626668237,0.13595145626668237,0.12930494062697795,0.12537745411260703,0.12084573890371765,0.12084573890371765,0.12084573890371765,0.11933516716742121,0.11903305282016195,0.11752248108386544,0.11752248108386544,0.11752248108386544,0.11752248108386544,0.11752248108386544,0.1145013376112725,0.11329288022223531,0.11299076587497606,0.11027173674964237,0.11027173674964237,0.1090632793606052,0.10876116501334587,0.10876116501334587,0.11027173674964237,0.11027173674964237,0.11027173674964237,0.11027173674964237,0.11027173674964237,0.11027173674964237,0.11027173674964237,0.11208442283319814,0.1138971089167539,0.1178245954311247,0.12084573890371765,0.1299091693214965,0.13595145626668237,0.1374620280029788,0.14652545842075765,0.14622334407349838,0.1510571736296471,0.14652545842075765,0.14320220060090544,0.1407852858228312,0.13715991365571956,0.13444088453038586,0.13444088453038586,0.12900282627971862,0.12839859758519998,0.12688802584890355,0.12688802584890355,0.12386688237631059,0.12084573890371765,0.1178245954311247,0.10725059327704943,0.10120830633186353,0.0981871628592706,0.09214487591408471,0.08761316070519526,0.07703915855111998,0.07552858681482355,0.0725074433422306,0.06948629986963765,0.06646515639704471,0.054380582506672936,0.05135943903407999,0.0453171520888941,0.0453171520888941,0.040785436880004716,0.03625372167111527,0.030211434725929378,0.030211434725929378,0.030211434725929378,0.027190291253336434,0.02265857604444705,0.0181268608355576,0.015105717362964656,0.015105717362964656,0.012084573890371712,0.010574002154075272,0.010574002154075272,0.0030211434725929444,0.0,0.0,0.0,0.0,0.0,0.0,0.0,0.0,0.0030211434725929444,0.0030211434725929444,0.006042286945185889,0.010574002154075272,0.010574002154075272,0.010574002154075272,0.015105717362964656,0.015105717362964656,0.015105717362964656,0.015105717362964656,0.015105717362964656,0.0181268608355576,0.019637432571854106,0.02416914778074349,0.030211434725929378,0.03474314993481883,0.0453171520888941,0.0453171520888941,0.0453171520888941,0.0453171520888941,0.0453171520888941,0.04833829556148705,0.060422869451858825,0.07703915855111998,0.0906343041777882,0.0906343041777882,0.0906343041777882,0.10271887806815998,0.11027173674964237,0.11329288022223531,0.12386688237631059,0.12688802584890355,0.12688802584890355,0.1299091693214965,0.1389725997392753,0.1389725997392753,0.14048317147557174,0.14652545842075765,0.15256774536594353,0.16012060404742587,0.17371574967409414,0.18126860835557648,0.20543775613632004,0.24018090607113884,0.3172200646222588,0.33081521024892707,0.3549843580296706,0.3640477884474495,0.3716006471289318,0.37764293407411775,0.37764293407411775,0.37764293407411775,0.3882169362281929,0.3972803666459718,0.3972803666459718,0.40785436880004716,0.42296008616301184,0.43806580352597646,0.45317152088894125,0.4577032360978307,0.4743195251970918,0.4984886729778354,0.4984886729778354,0.5151049620770966,0.519636677285986,0.5302106794400613,0.5302106794400613,0.5468269685393224,0.5528692554845084,0.5528692554845084,0.5528692554845084,0.5468269685393224,0.5468269685393224,0.5528692554845084,0.5740172597926589,0.5755278315289554,0.5740172597926589,0.5740172597926589,0.567974972847473,0.5528692554845084,0.5528692554845084,0.567974972847473,0.5740172597926589,0.5740172597926589,0.5740172597926589,0.5740172597926589,0.5740172597926589,0.5740172597926589,0.5755278315289554,0.596675835837106,0.5996969793096989,0.5996969793096989,0.6042286945185884,0.6042286945185884,0.6042286945185884,0.6042286945185884,0.6042286945185884,0.6042286945185884,0.6042286945185884,0.6314189857719248,0.6495458466074825,0.6510564183437789,0.6661621357067437,0.6691832791793366,0.6691832791793366,0.6661621357067437,0.6691832791793366,0.679757281333412,0.699394713905266,0.7492435812030496,0.7703915855112001,0.8006030202371296,0.8187298810726872,0.8323250266993555,0.8338355984356519,0.8489413157986166,0.9063430417778824,0.9214487591408473,0.936554476503812,0.9788504851201131,0.9969773459556709,0.987913915537892,0.9728081981749274,0.9667659112297413,0.9667659112297413,0.9728081981749274,0.9728081981749274,0.9728081981749274,0.987913915537892,0.9999984894282637,0.9969773459556709,0.9667659112297413,0.9516601938667767,0.9214487591408473,0.9214487591408473,0.9214487591408473,0.9184276156682545,0.896071153971067,0.8779442931355089,0.8761316070519531,0.8610258896889884,0.8610258896889884,0.8549836027438028,0.8432011432006901,0.8341377127829114,0.8323250266993555,0.8395757710335786,0.8377630849500229,0.8262827397541695,0.796977648070018,0.7235638616860096,0.7045306578086741,0.6637452209286697,0.6471289318294081,0.6435035596622966,0.6042286945185884,0.584289147599475,0.5740172597926589,0.5640474863331022,0.538065652468803,0.5166155338133931,0.5114795899099851,0.4936548434216869,0.48096604083679634,0.4743195251970918,0.4577032360978307,0.43806580352597646,0.41510511313427023,0.4057395683692322,0.3842894497138223,0.37764293407411775,0.3731112188652283,0.3667668175727831,0.35649492976596703,0.35286955759885563,0.34712938500092905,0.3410870980557431,0.3323257819852236,0.33081521024892707,0.3172200646222588,0.31238623506611013,0.30332280464833133,0.3021143472592942,0.3006037755229977,0.28187268599292153,0.27190291253336474,0.27009022644980896,0.2567971951704,0.2567971951704,0.24894222214165837,0.24773376475262118,0.2416914778074353,0.2416914778074353,0.2416914778074353,0.24138936346017603,0.23927456302936093,0.2356491908622494,0.23927456302936093,0.23927456302936093,0.2416914778074353,0.2416914778074353,0.2416914778074353,0.2416914778074353,0.2416914778074353,0.2416914778074353,0.2416914778074353,0.2416914778074353,0.2416914778074353,0.2416914778074353,0.2416914778074353,0.2416914778074353,0.2416914778074353,0.2416914778074353,0.2416914778074353,0.2416914778074353,0.2416914778074353,0.2416914778074353,0.23806610564032377,0.23444073347321223,0.2296069039170636,0.22658576044447062,0.22658576044447062,0.22658576044447062,0.22447096001365555,0.21148004308150592,0.21148004308150592,0.21148004308150592,0.21148004308150592,0.21148004308150592,0.21148004308150592,0.21148004308150592,0.19879124049661553,0.1963743257185412,0.1963743257185412,0.1963743257185412,0.1963743257185412,0.1963743257185412,0.1939574109404669,0.1885193526897996,0.18731089530076236,0.18217495139735446,0.18126860835557648,0.18126860835557648
7218000,0.9999960159521276,0.9999960159521276,0.9999960159521276,0.9999960159521276,0.9999960159521276,0.9999960159521276,0.9999960159521276,0.9999960159521276,0.9999960159521276,0.9999960159521276,0.9999960159521276,0.9999960159521276,0.9999960159521276,0.9999960159521276,0.9968087776542722,0.9800757765905317,0.9800757765905317,0.9665300138246462,0.9609523468033992,0.9497970127609053,0.9482033936119775,0.9250959159525264,0.8972075808462915,0.8900362946761169,0.888442675527189,0.8780841510591595,0.8605543404209545,0.8382436723359667,0.8246979095700813,0.8207138616977621,0.8047776702084851,0.800793622336166,0.800793622336166,0.7928255265915275,0.7808733829745698,0.7737020968043955,0.7577659053151182,0.7298775702088834,0.7091605212728236,0.6932243297835466,0.6780849478687336,0.6581647085071374,0.6422285170178604,0.6111529436137707,0.5832646085075359,0.5705156553161144,0.5386432723375605,0.5219102712738196,0.5059740797845427,0.4820697925506272,0.4621495531890311,0.4430261234018988,0.4350580276572605,0.4183250265935195,0.4031856446787065,0.3992015968063873,0.39521754893406796,0.3864526436149656,0.37211007127461665,0.36254835638105026,0.34740897446623736,0.33545683084927963,0.33466002127481564,0.327488735104641,0.3227078776578579,0.3187238297855387,0.3075684957430449,0.2956163521260871,0.29083549467930403,0.28764825638144864,0.28764825638144864,0.28764825638144864,0.29083549467930403,0.29163230425376796,0.297209971275015,0.297209971275015,0.312349353189828,0.31952063936000263,0.3227078776578579,0.3227078776578579,0.3227078776578579,0.3227078776578579,0.3227078776578579,0.3227078776578579,0.3227078776578579,0.3187238297855387,0.3187238297855387,0.31075573404090023,0.2924291138282319,0.2836642085091294,0.28286739893466556,0.2788833510623463,0.2669312074453887,0.25099501595611173,0.24302692021147326,0.23107477659451556,0.21673220425416648,0.20398325106274484,0.2031864414882809,0.19920239361596168,0.17928215425436547,0.1681268202118718,0.16334596276508861,0.16334596276508861,0.16334596276508861,0.16334596276508861,0.16334596276508861,0.16334596276508861,0.15697148616937792,0.13545762765885397,0.13147357978653473,0.1274895319142155,0.12350548404189625,0.12350548404189625,0.12031824574404096,0.11952143616957701,0.11952143616957701,0.11155334042493854,0.11155334042493854,0.11155334042493854,0.11155334042493854,0.11314695957386642,0.11952143616957701,0.11952143616957701,0.11952143616957701,0.11952143616957701,0.11952143616957701,0.12031824574404096,0.11952143616957701,0.11952143616957701,0.12031824574404096,0.12350548404189625,0.12350548404189625,0.1274895319142155,0.1243022936163602,0.1274895319142155,0.12350548404189625,0.11952143616957701,0.11314695957386642,0.11155334042493854,0.11155334042493854,0.10756929255261931,0.10756929255261931,0.104382054254764,0.09163310106334241,0.08366500531870392,0.08047776702084863,0.07968095744638469,0.07968095744638469,0.07330648085067405,0.07171286170174622,0.06772881382942698,0.06135433723371633,0.05976071808478851,0.05976071808478851,0.05657347978693316,0.052589431914613925,0.044621336169975497,0.036653240425337026,0.02868514468069855,0.02390428723391542,0.019920239361596183,0.016733001063740885,0.012748953191421646,0.01195214361695771,0.007968095744638474,0.007968095744638474,0.007968095744638474,0.007968095744638474,0.007968095744638474,0.003984047872319237,0.003984047872319237,0.003984047872319237,0.003984047872319237,0.0,0.0,0.0,0.0,0.003984047872319237,0.003984047872319237,0.003984047872319237,0.004780857446783172,0.00876490531910241,0.01195214361695771,0.01195214361695771,0.01195214361695771,0.012748953191421646,0.015936191489276948,0.019920239361596183,0.024701096808379355,0.027888335106234657,0.031872382978553895,0.036653240425337026,0.04382452659551161,0.05179262234015004,0.05657347978693316,0.05976071808478851,0.05976071808478851,0.06374476595710775,0.06454157553157168,0.06852562340389087,0.07569690957406545,0.08366500531870392,0.09163310106334241,0.09561714893566164,0.0924299106378063,0.09561714893566164,0.09960119680798084,0.10358524468030007,0.10756929255261931,0.10756929255261931,0.11155334042493854,0.11155334042493854,0.11633419787172172,0.12350548404189625,0.12828634148867935,0.1394416755311732,0.14740977127581167,0.14740977127581167,0.15617467659491407,0.16334596276508861,0.16334596276508861,0.1697204393607995,0.16414277233955255,0.17928215425436547,0.17928215425436547,0.17928215425436547,0.19601515531810637,0.2031864414882809,0.20398325106274484,0.2031864414882809,0.19601515531810637,0.17928215425436547,0.16414277233955255,0.16334596276508861,0.16334596276508861,0.16733001063740785,0.18884386914793183,0.1999992031904256,0.2031864414882809,0.20717048936060015,0.21274815638184724,0.21912263297755785,0.2334652053179073,0.24302692021147326,0.24302692021147326,0.24302692021147326,0.24302692021147326,0.24302692021147326,0.24302692021147326,0.23585563404129883,0.2350588244668348,0.23107477659451556,0.21912263297755785,0.21912263297755785,0.21912263297755785,0.21912263297755785,0.21912263297755785,0.2167322042541663,0.2167322042541663,0.21513858510523862,0.2167322042541663,0.21912263297755785,0.21912263297755785,0.22071625212648563,0.22709072872219632,0.22709072872219632,0.22709072872219632,0.23107477659451556,0.23266839574344325,0.2350588244668348,0.2350588244668348,0.23266839574344325,0.23266839574344325,0.23107477659451556,0.22709072872219632,0.2231066808498771,0.22709072872219632,0.23107477659451556,0.2350588244668348,0.24063649148808172,0.25099501595611173,0.2589631117007502,0.2748993031900271,0.28286739893466556,0.28605463723252095,0.29481954255162324,0.2988035904239425,0.3035844478707257,0.3227078776578579,0.3227078776578579,0.33545683084927963,0.3505962127640926,0.36254835638105026,0.37848454787032715,0.3864526436149656,0.3912335010617488,0.3992015968063873,0.40238883510424256,0.41912183616798343,0.43027717021047723,0.4350580276572605,0.4422293138274349,0.4422293138274349,0.4462133616997542,0.4581655053167119,0.4748985063804526,0.4820697925506272,0.4828666021250911,0.4868506499974103,0.5019900319122234,0.5179262234015003,0.5219102712738196,0.5219102712738196,0.5219102712738196,0.5219102712738196,0.5306751765929218,0.5354560340397051,0.5418305106354157,0.5474081776566628,0.5585635116991565,0.5617507499970119,0.5617507499970119,0.5617507499970119,0.5617507499970119,0.5585635116991565,0.5585635116991565,0.5577667021246926,0.5545794638268374,0.5434241297843435,0.5354560340397051,0.5338624148907772,0.5338624148907772,0.5338624148907772,0.5505954159545181,0.5585635116991565,0.5617507499970119,0.5657347978693315,0.5944199425500298,0.597607180847885,0.597607180847885,0.597607180847885,0.597607180847885,0.5880454659543192,0.5880454659543192,0.5880454659543192,0.5880454659543192,0.5760933223373615,0.5760933223373615,0.5880454659543192,0.5880454659543192,0.5880454659543192,0.5880454659543192,0.5944199425500298,0.5984039904223489,0.6015912287202043,0.6063720861669875,0.6223082776562642,0.6414317074433965,0.6486029936135718,0.745016952123697,0.7617499531874375,0.7944191457404554,0.800793622336166,0.800793622336166,0.800793622336166
7221500,0.9583992332806135,0.9567992345606124,0.9551992358406113,0.9535992371206105,0.9519992384006093,0.9519992384006093,0.9519992384006093,0.9519992384006093,0.9519992384006093,0.9519992384006093,0.9503992396806086,0.9407992473606023,0.9471992422406063,0.9519992384006093,0.9519992384006093,0.9519992384006093,0.9519992384006093,0.935999251200599,0.935999251200599,0.9279992576005939,0.9279992576005939,0.9199992640005888,0.9199992640005888,0.9199992640005888,0.9119992704005837,0.9039992768005787,0.8879992896005683,0.8719993024005581,0.8639993088005531,0.8479993216005427,0.8479993216005427,0.8479993216005427,0.8479993216005427,0.8399993280005377,0.8319993344005325,0.8319993344005325,0.8319993344005325,0.8239993408005274,0.8159993472005223,0.8079993536005171,0.8079993536005171,0.8079993536005171,0.7919993664005069,0.7839993728005018,0.7759993792004966,0.7599993920004864,0.7599993920004864,0.7599993920004864,0.7519993984004814,0.7439994048004762,0.735999411200471,0.7199994240004608,0.7119994304004558,0.7119994304004558,0.7039994368004506,0.6959994432004454,0.6879994496004403,0.6879994496004403,0.6799994560004352,0.6719994624004302,0.663999468800425,0.6559994752004198,0.6319994944004045,0.6159995072003942,0.6079995136003891,0.5750395399683681,0.5476795618563506,0.5115195907843274,0.4977596017923187,0.4831996134403092,0.4774396180483056,0.4615996307202954,0.4459196432642855,0.43247965401627686,0.4119996704002637,0.40223967820825757,0.3927996857602514,0.3923196861442511,0.3811196951042442,0.37039970368023706,0.35439971648022695,0.3403197277442179,0.33663973068821545,0.3353597317122147,0.3335997331202135,0.33327973337621336,0.3313597349122121,0.3294397364482109,0.32047974361620535,0.3087997529601977,0.3044797564161948,0.2982397614081909,0.2886397690881848,0.28079977536017975,0.27359978112017513,0.2676797858561713,0.26239979008016806,0.253119797504162,0.24383980492815607,0.23791980966415244,0.2289598168321466,0.224799820160144,0.21807982553613964,0.21663982668813866,0.20703983436813253,0.20415983667213078,0.18815984947212053,0.16639986688010658,0.15695987443210052,0.14591988326409353,0.1279998976000819,0.1279998976000819,0.11583990732807414,0.09551992358406113,0.08063993548805168,0.06927994457604439,0.06751994598404323,0.0646399482880414,0.05599995520003585,0.05471995622403507,0.05391995686403454,0.05327995737603413,0.05183995852803326,0.04799996160003073,0.040159967872025686,0.032959973632021126,0.031999974400020476,0.027839977728017842,0.027999977600017927,0.027359978112017517,0.026719978624017107,0.02687997849601723,0.027039978368017314,0.023999980800015346,0.021599982720013827,0.021599982720013827,0.023039981568014803,0.027039978368017314,0.03039997568001945,0.041919966464026834,0.04831996134403093,0.05007995993603208,0.06127995097603937,0.06559994752004197,0.05375995699203463,0.05071995942403249,0.05983995212803864,0.051039959168032695,0.05119995904003278,0.06559994752004197,0.04959996032003176,0.0399999680000256,0.031999974400020476,0.03039997568001945,0.029599976320018952,0.031999974400020476,0.03839996928002458,0.031999974400020476,0.03839996928002458,0.03839996928002458,0.03839996928002458,0.029599976320018952,0.01679998656001075,0.015999987200010255,0.01679998656001075,0.021599982720013827,0.023199981440014852,0.029599976320018952,0.023999980800015346,0.021599982720013827,0.009599992320006153,0.007999993600005128,0.0,0.0,0.007999993600005128,0.007999993600005128,0.023199981440014852,0.031999974400020476,0.04799996160003073,0.06879994496004402,0.07199994240004608,0.09599992320006145,0.11519990784007372,0.1279998976000819,0.14399988480009215,0.14399988480009215,0.14399988480009215,0.14399988480009215,0.16479986816010544,0.1679998656001075,0.17519985984011216,0.20959983232013416,0.23119981504014794,0.2615997907201674,0.29119976704018635,0.301599758720193,0.3063997548801961,0.3183997452802038,0.3519997184002253,0.3663997068802345,0.3759996992002407,0.3871996902402478,0.3871996902402478,0.42399966080027135,0.4559996352002918,0.4727996217603026,0.4727996217603026,0.4831996134403092,0.48719961024031183,0.4863996108803113,0.4959996032003174,0.5463995628803497,0.5679995456003635,0.599999520000384,0.6079995136003891,0.6719994624004302,0.6879994496004403,0.7279994176004659,0.7599993920004864,0.8159993472005223,0.8399993280005377,0.9199992640005888,0.9199992640005888,0.9199992640005888,0.9199992640005888,0.9199992640005888,0.9199992640005888,0.9199992640005888,0.9199992640005888,0.9279992576005939,0.9279992576005939,0.935999251200599,0.9519992384006093,0.99999920000064,0.9599992320006144,0.935999251200599,0.9279992576005939,0.9279992576005939,0.9199992640005888,0.8879992896005683,0.8879992896005683,0.8879992896005683,0.8799992960005633,0.8719993024005581,0.8399993280005377,0.8399993280005377,0.8479993216005427,0.8479993216005427,0.8479993216005427,0.8399993280005377,0.8159993472005223,0.7519993984004814,0.735999411200471,0.6959994432004454,0.6799994560004352,0.663999468800425,0.6399994880004096,0.6159995072003942,0.599999520000384,0.565599547520362,0.5375995699203441,0.4959996032003174,0.47199962240030213,0.4527996377602898,0.4135996691202647,0.3879996896002483,0.3679997056002355,0.3599997120002304,0.32559973952020843,0.31519974784020177,0.29599976320018945,0.295199763840189,0.267199786240171,0.2543997964801628,0.24319980544015565,0.199999840000128,0.18799984960012028,0.17679985856011315,0.1599998720001024,0.13599989120008707,0.13599989120008707,0.13119989504008395,0.13119989504008395,0.13119989504008395,0.13599989120008707,0.13599989120008707,0.13599989120008707,0.13599989120008707,0.13599989120008707,0.1599998720001024,0.1599998720001024,0.18399985280011774,0.18399985280011774,0.199999840000128,0.2079998336001331,0.21919982464014032,0.2215998227201418,0.22399982080014336,0.22399982080014336,0.23039981568014745,0.23679981056015156,0.24399980480015615,0.2543997964801628,0.26879978496017204,0.2767997785601772,0.2807997753601797,0.28479977216018226,0.2879997696001843,0.2887997689601849,0.28959976832018536,0.29119976704018635,0.2903997676801859,0.28959976832018536,0.2887997689601849,0.2887997689601849,0.28479977216018226,0.2887997689601849,0.28959976832018536,0.29119976704018635,0.2935997651201879,0.29679976256019,0.2991997606401915,0.30399975680019453,0.31119975104019915,0.3119997504001997,0.31519974784020177,0.31919974464020434,0.32559973952020843,0.3335997331202135,0.33759972992021603,0.3463997228802217,0.362399710080232,0.3919996864002509,0.4119996704002637,0.4207996633602693,0.43599965120027906,0.44399964480028425,0.4591996326402939,0.46719962624029904,0.4799996160003072,0.48719961024031183,0.4927996057603154,0.498399601280319,0.5143995884803292,0.526399578880337,0.535999571200343,0.5519995584003533,0.5551995558403553,0.5695995443203645,0.5719995424003661,0.5807995353603718,0.5975995219203826,0.6079995136003891,0.6559994752004198,0.6719994624004302,0.6879994496004403,0.7039994368004506,0.7119994304004558,0.7199994240004608,0.7599993920004864,0.7679993856004915,0.7919993664005069,0.8159993472005223,0.8399993280005377,0.8575993139205491,0.8703993036805574
7227000,0.9916460073748472,0.9833128476490073,0.9583133684714901,0.941647049019812,0.9166475698422949,0.9166475698422949,0.9083144101164567,0.8958146705276968,0.8791483510760186,0.8749817712130996,0.8749817712130996,0.8749817712130996,0.8624820316243406,0.8583154517614214,0.8541488718985015,0.8541488718985015,0.8541488718985015,0.8541488718985015,0.8541488718985015,0.8541488718985015,0.8541488718985015,0.8333159725839043,0.8333159725839043,0.8333159725839043,0.8333159725839043,0.8333159725839043,0.8333159725839043,0.8333159725839043,0.8333159725839043,0.8333159725839043,0.8124830732693071,0.791650173954709,0.791650173954709,0.7708172746401118,0.7708172746401118,0.7708172746401118,0.7708172746401118,0.791650173954709,0.791650173954709,0.791650173954709,0.791650173954709,0.791650173954709,0.8124830732693071,0.8124830732693071,0.8124830732693071,0.8124830732693071,0.8333159725839043,0.8333159725839043,0.8333159725839043,0.8333159725839043,0.8333159725839043,0.8333159725839043,0.8333159725839043,0.8333159725839043,0.8333159725839043,0.8333159725839043,0.8124830732693071,0.791650173954709,0.7708172746401118,0.7708172746401118,0.7708172746401118,0.7708172746401118,0.7708172746401118,0.7541509551884338,0.7499843753255138,0.7291514760109167,0.7291514760109167,0.7166517364221576,0.7083185766963186,0.7083185766963186,0.6666527780671233,0.6541530384783651,0.6458198787525261,0.6458198787525261,0.624986979437928,0.624986979437928,0.624986979437928,0.624986979437928,0.624986979437928,0.624986979437928,0.624986979437928,0.624986979437928,0.624986979437928,0.624986979437928,0.624986979437928,0.624986979437928,0.624986979437928,0.624986979437928,0.624986979437928,0.6333201391637671,0.6458198787525261,0.6458198787525261,0.6458198787525261,0.6333201391637671,0.624986979437928,0.624986979437928,0.624986979437928,0.6458198787525261,0.6458198787525261,0.6666527780671233,0.6666527780671233,0.6874856773817214,0.6874856773817214,0.6874856773817214,0.6874856773817214,0.7083185766963186,0.7083185766963186,0.6874856773817214,0.6874856773817214,0.6874856773817214,0.6874856773817214,0.6874856773817214,0.6874856773817214,0.6874856773817214,0.6666527780671233,0.6458198787525261,0.624986979437928,0.624986979437928,0.624986979437928,0.624986979437928,0.624986979437928,0.5833211808087327,0.5833211808087327,0.5833211808087327,0.5833211808087327,0.5833211808087327,0.5833211808087327,0.5833211808087327,0.5624882814941355,0.5208224828649404,0.49998958355034223,0.47915668423574503,0.47915668423574503,0.45832378492114695,0.4166579862919517,0.4166579862919517,0.4166579862919517,0.4166579862919517,0.4166579862919517,0.4166579862919517,0.4166579862919517,0.4166579862919517,0.4166579862919517,0.4166579862919517,0.4166579862919517,0.37499218766275644,0.3541592883481593,0.3541592883481593,0.33332638903356115,0.312493489718964,0.27082769108976873,0.2499947917751716,0.2499947917751716,0.22916189246057347,0.2083289931459763,0.2083289931459763,0.2083289931459763,0.2083289931459763,0.18749609383137822,0.14583029520218296,0.1249973958875858,0.1249973958875858,0.1041644965729877,0.08333159725839052,0.06249869794379243,0.02083289931459717,0.0,0.0,0.0,0.0,0.0,0.0,0.0,0.0,0.0,0.0,0.0,0.0,0.0,0.0,0.0,0.0,0.0,0.0,0.0,0.0,0.02083289931459717,0.02083289931459717,0.02083289931459717,0.02083289931459717,0.02083289931459717,0.02083289931459717,0.02083289931459717,0.04166579862919526,0.06249869794379243,0.06249869794379243,0.08333159725839052,0.1041644965729877,0.1041644965729877,0.1041644965729877,0.1041644965729877,0.1041644965729877,0.1041644965729877,0.1249973958875858,0.16666319451678105,0.16666319451678105,0.16666319451678105,0.18749609383137822,0.18749609383137822,0.18749609383137822,0.2083289931459763,0.2499947917751716,0.2916605904043668,0.312493489718964,0.3541592883481593,0.3541592883481593,0.4166579862919517,0.4166579862919517,0.4374908856065498,0.47915668423574503,0.49998958355034223,0.5208224828649404,0.5416553821795375,0.5416553821795375,0.5833211808087327,0.5833211808087327,0.5833211808087327,0.5833211808087327,0.5833211808087327,0.5833211808087327,0.5833211808087327,0.5833211808087327,0.6041540801233308,0.624986979437928,0.624986979437928,0.624986979437928,0.624986979437928,0.624986979437928,0.624986979437928,0.624986979437928,0.624986979437928,0.6458198787525261,0.624986979437928,0.624986979437928,0.6458198787525261,0.6458198787525261,0.6458198787525261,0.6458198787525261,0.6458198787525261,0.6458198787525261,0.624986979437928,0.624986979437928,0.624986979437928,0.624986979437928,0.624986979437928,0.624986979437928,0.624986979437928,0.6458198787525261,0.6458198787525261,0.6666527780671233,0.6874856773817214,0.6874856773817214,0.6874856773817214,0.7083185766963186,0.7083185766963186,0.7083185766963186,0.7083185766963186,0.7083185766963186,0.7083185766963186,0.7083185766963186,0.7083185766963186,0.7291514760109167,0.7499843753255138,0.7499843753255138,0.7708172746401118,0.7708172746401118,0.7708172746401118,0.7708172746401118,0.8124830732693071,0.8124830732693071,0.8124830732693071,0.8333159725839043,0.8333159725839043,0.8333159725839043,0.8541488718985015,0.8541488718985015,0.8541488718985015,0.8541488718985015,0.8541488718985015,0.8541488718985015,0.8333159725839043,0.8333159725839043,0.8333159725839043,0.8333159725839043,0.8333159725839043,0.8333159725839043,0.8333159725839043,0.8333159725839043,0.8333159725839043,0.8333159725839043,0.8333159725839043,0.8333159725839043,0.8333159725839043,0.8333159725839043,0.8333159725839043,0.8333159725839043,0.8333159725839043,0.8333159725839043,0.8333159725839043,0.8333159725839043,0.8333159725839043,0.8333159725839043,0.8333159725839043,0.8333159725839043,0.8541488718985015,0.9166475698422949,0.9166475698422949,0.937480469156892,0.9583133684714901,0.9583133684714901,0.9583133684714901,0.9583133684714901,0.9583133684714901,0.9791462677860873,0.9999791671006854,0.9791462677860873,0.9791462677860873,0.9791462677860873,0.9791462677860873,0.9791462677860873,0.9791462677860873,0.9791462677860873,0.937480469156892,0.8958146705276968,0.8333159725839043,0.8333159725839043,0.8333159725839043,0.8333159725839043,0.8333159725839043,0.8333159725839043,0.8333159725839043,0.8333159725839043,0.8333159725839043,0.8333159725839043,0.8333159725839043,0.791650173954709,0.7708172746401118,0.7083185766963186,0.6874856773817214,0.6666527780671233,0.6874856773817214,0.6874856773817214,0.7083185766963186,0.7291514760109167,0.7291514760109167,0.7291514760109167,0.7708172746401118,0.791650173954709,0.8124830732693071,0.8333159725839043,0.8333159725839043,0.8333159725839043,0.8333159725839043,0.8541488718985015,0.8541488718985015,0.8541488718985015
7227500,0.698722162736706,0.7023374895532123,0.7192090146969062,0.7300549951464237,0.734875430901765,0.7360805398406002,0.7421060845347769,0.7421060845347769,0.746926520290118,0.7529520649842945,0.7541571739231299,0.7589776096784709,0.7601827186173062,0.7722338080056593,0.7782593526998358,0.7891053331493534,0.807181967231883,0.8192330566202358,0.8192330566202358,0.8192330566202358,0.8192330566202358,0.8216432744979068,0.8590016516018009,0.8794885035620008,0.8794885035620008,0.8794885035620008,0.8794885035620008,0.880693612500836,0.9216673164212361,0.9301030789930835,0.9397439505037657,0.9409490594426012,0.9566154756474604,0.9879483080571777,0.9939738527513541,0.9999993974455306,0.9999993974455306,0.9999993974455306,0.9999993974455306,0.9939738527513541,0.9831278723018366,0.9457694951979423,0.9397439505037657,0.9397439505037657,0.8999753555222011,0.8794885035620008,0.8794885035620008,0.8674374141736478,0.8216432744979068,0.8192330566202358,0.8192330566202358,0.8192330566202358,0.8035666404153772,0.7903104420881887,0.7842848973940123,0.7770542437610004,0.7589776096784709,0.7589776096784709,0.7589776096784709,0.7360805398406002,0.7300549951464237,0.722824341513412,0.7107732521250589,0.7047477074308824,0.698722162736706,0.698722162736706,0.698722162736706,0.6878761822871885,0.664979112449318,0.640876933672612,0.6384667157949411,0.6384667157949411,0.6384667157949411,0.6384667157949411,0.6155696459570704,0.6083389923240586,0.5974930118745411,0.5842368135473527,0.5782112688531762,0.5721857241589997,0.5679678428730761,0.5603756565584138,0.5463963928679243,0.5394067610226797,0.5312120202385996,0.5239813666055877,0.5179558219114112,0.5119302772172348,0.4972279481634442,0.48698452218334415,0.47095657329683466,0.45613373334916046,0.4307059347397356,0.41552156211041086,0.4080498866896321,0.3974449280278814,0.367558226344766,0.3492405704744695,0.33116393639194003,0.3133283240971776,0.2960952662718328,0.28898512353270456,0.28428519867124696,0.2770545450382351,0.2752468816299822,0.26946235872357277,0.2648829447559986,0.2588574000618221,0.2528318553676456,0.24270894028142911,0.2308988726808432,0.21969135954967486,0.21065304250841013,0.19956604027112546,0.19715582239345483,0.18956363607879245,0.17956123188645945,0.17449977434335118,0.16847422964917472,0.1650999246204359,0.16148459780392999,0.15461547685256877,0.15160270450548052,0.14509511623576993,0.13894906064770987,0.13738241902722403,0.13593628830062165,0.13340555952906752,0.1324414723779993,0.13232096148411573,0.13232096148411573,0.13232096148411573,0.13232096148411573,0.13232096148411573,0.13232096148411573,0.13232096148411573,0.13232096148411573,0.1308748307575134,0.1305132980758628,0.1284646128798428,0.12629541678993925,0.12629541678993925,0.12629541678993925,0.12629541678993925,0.12629541678993925,0.12629541678993925,0.12629541678993925,0.12629541678993925,0.12629541678993925,0.12629541678993925,0.1305132980758628,0.13232096148411573,0.13834650617829225,0.1472643123256735,0.1616051086978135,0.17570488328218659,0.1884790380338409,0.2088453791001575,0.24331149475084676,0.2595804654251233,0.2709084894501751,0.2795852738097893,0.28536979671619883,0.28536979671619883,0.2772955668260022,0.2769340341443516,0.2769340341443516,0.2769340341443516,0.2769340341443516,0.2769340341443516,0.27500585984221515,0.2709084894501751,0.26452141207434804,0.24849346318783866,0.24126280955482682,0.22872967659093962,0.2205349358068596,0.20920691178180778,0.2004096165283101,0.185345754792869,0.17449977434335118,0.16654605534703829,0.1522052589748982,0.1443720508724687,0.13834650617829225,0.13232096148411573,0.11930578494469454,0.11424432740158626,0.10400090142148623,0.0961676933190568,0.0841166039307038,0.07206551454235083,0.06001442515399783,0.04796333576564485,0.04193779107146837,0.030007212576998975,0.021450939111268347,0.015304883523208314,0.010243425980100035,0.008194740784080013,0.007592186314662363,0.0040973703920400015,0.0027717505593211687,0.0,0.0013256198327188395,0.0013256198327188395,0.0013256198327188395,0.0013256198327188395,0.0013256198327188395,0.0030127723470882452,0.004579413967574115,0.007712697208545906,0.008194740784080013,0.008194740784080013,0.010243425980100035,0.012051089388352984,0.021571450005151885,0.029525169001464815,0.03591224637729187,0.04290187822253669,0.06001442515399783,0.07809105923652732,0.09375747544138624,0.12629541678993925,0.1636537938938336,0.1836586022784995,0.21667858720258662,0.2528318553676456,0.2721135983890105,0.2772955668260022,0.2900697215776564,0.2976619078923188,0.307061757615234,0.31911284700358705,0.3251383916977635,0.3379125464494177,0.34321502578029295,0.34321502578029295,0.34875852689893544,0.34429962382524487,0.34429962382524487,0.34321502578029295,0.3323690453307754,0.3323690453307754,0.33839459002495187,0.33863561181271895,0.34875852689893544,0.34875852689893544,0.34345604756806003,0.3314049581797071,0.32477685901611303,0.3306818928164059,0.3214025539873743,0.31863080342805294,0.30826686655406943,0.3056156268886317,0.3032054090109611,0.29561322269629875,0.2893466562143553,0.2821160025813435,0.27621096878105045,0.2883825690632869,0.2891056344265881,0.29501066822688105,0.29356453750027867,0.29356453750027867,0.29501066822688105,0.29826446236173637,0.29826446236173637,0.2999516148761059,0.30477205063144697,0.30549511599474816,0.30477205063144697,0.30477205063144697,0.2975413969984352,0.29440811375746345,0.29332351571251164,0.29440811375746345,0.29404658107581283,0.2953722009085317,0.29778241878620226,0.3064592031458164,0.3071822685091176,0.3130873023094105,0.31742569448921765,0.32152306488125765,0.32296919560786,0.32549992437941416,0.3269460551060165,0.3282716749387353,0.33718948108611657,0.3444201347191283,0.3463483090212648,0.3550250933808789,0.3674377154508825,0.3693658897530191,0.3751504126594284,0.375511945341079,0.3774401196432155,0.383706686125159,0.3858758822150626,0.39178091601535553,0.3994936132239015,0.4094960174162344,0.4192573998208003,0.43094695652750276,0.4407083389320687,0.4463723509445945,0.46396694145158984,0.46493102860265806,0.4652925612843087,0.4652925612843087,0.4667386920109111,0.46697971379867814,0.46987197525188285,0.4710770841907182,0.4733667911745052,0.47625905262771,0.48180255374635234,0.4830076626851876,0.4848153260934405,0.4932510886652876,0.5138584515193713,0.5189199090624796,0.5303684439814148,0.5396477828104466,0.5477220127006432,0.5516988721987998,0.5516988721987998,0.557242373317442,0.5582064604685102,0.5582064604685102,0.5601346347706466,0.5582064604685102,0.5601346347706466,0.5606166783461808,0.5631474071177349,0.5661601794648232,0.5661601794648232,0.5661601794648232,0.5673652884036585,0.5725472568406503,0.5782112688531762,0.5782112688531762,0.5782112688531762,0.5914674671803646,0.6023134476298821,0.6203900817124116,0.6264156264065881,0.6324411711007646,0.6324411711007646,0.6324411711007646,0.6324411711007646,0.6324411711007646,0.6324411711007646,0.6336462800396,0.6384667157949411,0.6384667157949411,0.6384667157949411,0.6396718247337764,0.6637740035104824,0.67461998396,0.6806455286541765,0.698722162736706,0.698722162736706,0.698722162736706
8220000,0.0025641025509533203,0.0025641025509533203,0.0025641025509533203,0.0025641025509533203,0.0025641025509533203,0.0025641025509533203,0.0025641025509533203,0.0025641025509533203,0.0025641025509533203,0.0025641025509533203,0.0025641025509533203,0.0025641025509533203,0.0025641025509533203,0.0025641025509533203,0.0025641025509533203,0.0,0.0,0.0,0.0,0.0,0.0,0.0,0.0,0.0,0.0,0.0,0.0,0.0,0.0,0.0,0.0,0.0025641025509533203,0.0025641025509533203,0.0025641025509533203,0.0051282051019066405,0.0051282051019066405,0.0051282051019066405,0.0051282051019066405,0.0051282051019066405,0.0051282051019066405,0.0051282051019066405,0.0051282051019066405,0.0051282051019066405,0.0051282051019066405,0.0051282051019066405,0.0051282051019066405,0.0051282051019066405,0.0051282051019066405,0.007692307652859961,0.007692307652859961,0.010256410203813281,0.010256410203813281,0.010256410203813281,0.010256410203813281,0.010256410203813281,0.010256410203813281,0.010256410203813281,0.0128205127547666,0.0128205127547666,0.015384615305719922,0.015384615305719922,0.015384615305719922,0.015384615305719922,0.015384615305719922,0.017948717856673242,0.020512820407626562,0.020512820407626562,0.020512820407626562,0.023076922958579882,0.02410256397896121,0.0256410255095332,0.0256410255095332,0.02666666652991453,0.02820512806048652,0.03025641010124918,0.030769230611439845,0.031794871631821174,0.033846153672583826,0.035897435713346484,0.03794871775410914,0.03958974338671926,0.041025640815253124,0.04256410234582512,0.045128204896778434,0.04666666642735043,0.04871794846811309,0.05025640999868508,0.05230769203944773,0.05435897408021039,0.05641025612097304,0.058974358671926366,0.061025640712689025,0.06564102530440499,0.06923076887573965,0.07189743552873112,0.0755897432021039,0.08061538420197241,0.08461538418145957,0.0871794867324129,0.0912820508139382,0.09743589693622617,0.10461538407889547,0.11230769173175544,0.12061538399684424,0.12523076858856022,0.13282051213938198,0.1426666659350428,0.15333333254700857,0.16266666583247863,0.17343589654648264,0.18153846060749507,0.19487179387245235,0.20297435793346486,0.21548717838211706,0.22471794756554903,0.23487179366732414,0.24615384489151876,0.2574358961157134,0.2677948704215648,0.2775384601151874,0.2900512805638396,0.3113846137877712,0.3323076906035503,0.3522051263989481,0.3769230749901381,0.3975384594998028,0.41528204915239975,0.4405128182537804,0.4676923052938856,0.4882051257015122,0.5076923050887574,0.528205125496384,0.5487179459040106,0.5743589714135438,0.6010256379434584,0.6369230736568048,0.6769230734516766,0.7025640989612097,0.7282051244707429,0.7538461499802762,0.7805128165101908,0.8102564061012492,0.841025636712689,0.8625640981406969,0.8933333287521368,0.9292307644654832,0.9435897387508219,0.9641025591584484,0.9743589693622617,0.9856410205864565,0.9948717897698882,0.9999999948717949,0.9856410205864565,0.969230764260355,0.9641025591584484,0.9599999950769231,0.9548717899750164,0.93435896956739,0.91897435426167,0.8820512775279422,0.841025636712689,0.7897435856936227,0.7599999961025641,0.7179487142669296,0.6830769195739647,0.6512820479421434,0.6153846122287969,0.584615381617357,0.5292307665167653,0.49333333080341896,0.456410254069691,0.42758974139697564,0.41087179276476005,0.3819487159900066,0.3601025622558843,0.34071794697067725,0.3257435880731098,0.30564102407363586,0.29641025489020384,0.2774358960131493,0.26153846019723864,0.243999998748718,0.23087179368783697,0.2187692296473373,0.20584615279053253,0.19743589642340567,0.19035897338277455,0.18533333238290597,0.17599999909743597,0.17189743501591065,0.16717948632215648,0.16420512736305068,0.16061538379171603,0.15456410177146612,0.15189743511847476,0.14769230693491125,0.14512820438395793,0.14082051209835636,0.13825640954740304,0.13497435828218282,0.1338461531597633,0.12933333267008554,0.12635897371097962,0.1226666660376069,0.11712820452754766,0.11548717889493754,0.11343589685417488,0.11179487122156477,0.10984615328284027,0.10769230714003945,0.10666666611965812,0.10379487126259042,0.1025641020381328,0.0990769225688363,0.09702564052807364,0.09548717899750167,0.09487179438527285,0.09241025593635768,0.0912820508139382,0.09035897389559502,0.08933333287521371,0.08789743544667984,0.08789743544667984,0.08769230724260356,0.08728205083445105,0.08666666622222223,0.08441025597738332,0.08317948675292573,0.08112820471216307,0.07958974318159108,0.07907692267140042,0.07897435856936226,0.07897435856936226,0.0784615380591716,0.07794871754898093,0.07753846114082844,0.07702564063063777,0.07599999961025644,0.07538461499802762,0.07538461499802762,0.07548717910006578,0.07538461499802762,0.07548717910006578,0.07548717910006578,0.07548717910006578,0.07548717910006578,0.07599999961025644,0.0765128201204471,0.0765128201204471,0.0765128201204471,0.0765128201204471,0.07641025601840895,0.07599999961025644,0.07497435858987511,0.07487179448783696,0.07446153807968445,0.07435897397764629,0.07333333295726496,0.07333333295726496,0.07333333295726496,0.07343589705930312,0.07435897397764629,0.07435897397764629,0.07487179448783696,0.07548717910006578,0.07589743550821829,0.07548717910006578,0.07487179448783696,0.07538461499802762,0.07538461499802762,0.07538461499802762,0.07487179448783696,0.07487179448783696,0.07487179448783696,0.07487179448783696,0.07487179448783696,0.07446153807968445,0.07435897397764629,0.07394871756949378,0.07384615346745563,0.07384615346745563,0.07333333295726496,0.0728205124470743,0.07199999963076925,0.07292307654911245,0.07230769193688363,0.07189743552873112,0.07189743552873112,0.07230769193688363,0.07230769193688363,0.0708717945083498,0.06882051246758714,0.06717948683497699,0.06625640991663381,0.06461538428402368,0.06215384583510851,0.06010256379434585,0.058974358671926366,0.05651282022301117,0.05435897408021039,0.05333333305982906,0.0512820510190664,0.05025640999868508,0.04717948693754109,0.045128204896778434,0.04410256387639711,0.04307692285601578,0.041025640815253124,0.04051282030506246,0.038974358774490465,0.03702564083576594,0.035897435713346484,0.03435897418277449,0.03333333316239316,0.0318974357338593,0.03025641010124918,0.02820512806048652,0.026153846019723866,0.0256410255095332,0.02512820499934254,0.023589743468770547,0.022564102448389217,0.021025640917817227,0.020512820407626562,0.020512820407626562,0.019487179387245233,0.017948717856673242,0.015897435815910587,0.015384615305719922,0.015384615305719922,0.015384615305719922,0.015384615305719922,0.014871794795529258,0.0128205127547666,0.0128205127547666,0.010461538407889564,0.010256410203813281,0.010256410203813281,0.010256410203813281,0.010256410203813281,0.010256410203813281,0.010256410203813281,0.010256410203813281,0.010256410203813281,0.010256410203813281,0.007692307652859961,0.007692307652859961,0.007692307652859961,0.007692307652859961,0.007692307652859961,0.007692307652859961,0.005333333305982924,0.0051282051019066405,0.0051282051019066405,0.0051282051019066405,0.0051282051019066405,0.0051282051019066405,0.0051282051019066405,0.0051282051019066405,0.0051282051019066405,0.0051282051019066405,0.0051282051019066405,0.0051282051019066405,0.0051282051019066405,0.0051282051019066405,0.0051282051019066405
8245000,0.0007037297182456191,0.0007037297182456191,0.0007037297182456191,0.0007037297182456191,0.0007037297182456191,0.0007037297182456191,0.0007037297182456191,0.0007037297182456191,0.0007037297182456191,0.0007037297182456191,0.0007037297182456191,0.0007037297182456191,0.0007037297182456191,0.0007037297182456191,0.0007037297182456191,0.0007037297182456191,0.0007037297182456191,0.0007037297182456191,0.0007037297182456191,0.0007037297182456191,0.0007037297182456191,0.0007037297182456191,0.0007037297182456191,0.0007037297182456191,0.0007037297182456191,0.0007037297182456191,0.0007037297182456191,0.0007037297182456191,0.0007037297182456191,0.0007037297182456191,0.0007037297182456191,0.0007037297182456191,0.0007037297182456191,0.0,0.0,0.0,0.0,0.0,0.0,0.0,0.0,0.0,0.0,0.0,0.0,0.0,0.0,0.0,0.0,0.0,0.0,0.0,0.0,0.0,0.0,0.0,0.0,0.0,0.0,0.0,0.0,0.0,0.0,0.0,0.0,0.0,0.0,0.0,0.0,0.0,0.0,0.0,0.0,0.0,0.0,0.0,0.0,0.0,0.0,0.0001407459436491338,0.0007037297182456191,0.0007037297182456191,0.0007037297182456191,0.0007037297182456191,0.0007037297182456191,0.0007037297182456191,0.0007037297182456191,0.0007037297182456191,0.0007037297182456191,0.0007037297182456191,0.0007037297182456191,0.0007037297182456191,0.0007037297182456191,0.0007037297182456191,0.0007037297182456191,0.0014074594364912381,0.0028149188729824823,0.003518648591228108,0.004222378309473727,0.005770583689614105,0.007037297182456216,0.007741026900701834,0.008444756618947453,0.008444756618947453,0.009852216055438704,0.014778324083158049,0.017593242956140537,0.020408161829123028,0.02885291844807048,0.037297675067018046,0.049964809995439126,0.06544686379684292,0.09218859309017642,0.10626318745508885,0.1273750790024575,0.14848697054982615,0.176636159279651,0.1921182130810548,0.21182264519193209,0.23293453673930073,0.2540464282866694,0.26812102265158183,0.27515831983403805,0.2892329141989505,0.3033075085638629,0.31738210292877533,0.32441940011123155,0.3455312916586002,0.36664318320596884,0.38071777757088127,0.3877550747533375,0.41027442573719747,0.437016155030531,0.4792399381252682,0.5087965862915844,0.5439830722038655,0.5707248014971991,0.6143560440284277,0.6481350705042174,0.6776917186705336,0.6903588535989547,0.7185080423287795,0.7466572310586044,0.7565094471140433,0.7959183113357979,0.8325122566845703,0.8465868510494827,0.8592539859779038,0.8606614454143953,0.8592539859779038,0.8592539859779038,0.8606614454143953,0.8803658775252725,0.8944404718901849,0.9028852285091326,0.9085150662550974,0.9155523634375535,0.916959822874045,0.9324418766754488,0.9577761465322908,0.9662209031512384,0.9859253352621157,0.9943700918810633,0.9999999296270281,0.9999999296270281,0.992962632444572,0.9802954975161509,0.9648134437147471,0.952146308786326,0.9239971200565011,0.9225896606200098,0.9155523634375535,0.9099225256915887,0.9099225256915887,0.9099225256915887,0.9155523634375535,0.9099225256915887,0.9155523634375535,0.9099225256915887,0.9099225256915887,0.9099225256915887,0.9085150662550974,0.9085150662550974,0.8888106341442201,0.8803658775252725,0.8662912831603601,0.8522166887954477,0.8451793916129914,0.8381420944305352,0.8170302028831665,0.8029556085182541,0.7888810141533417,0.755101987677552,0.7339900961301833,0.7255453395112358,0.7185080423287795,0.6833215564164985,0.6579872865596563,0.6481350705042174,0.6284306383933401,0.6143560440284277,0.5988739902270239,0.5707248014971991,0.558057666568778,0.5510203693863217,0.5355383155849179,0.5214637212200055,0.5073891268550931,0.5003518296726369,0.48627723530772443,0.4651653437603558,0.45109074939544336,0.4243490201021099,0.4088669663007061,0.4018296691182499,0.3947923719357937,0.3877550747533375,0.38071777757088127,0.36664318320596884,0.3596058860235126,0.3455312916586002,0.3455312916586002,0.338493994476144,0.32441940011123155,0.31738210292877533,0.3103448057463191,0.3103448057463191,0.3033075085638629,0.2962702113814067,0.28219561701649426,0.27515831983403805,0.26812102265158183,0.2610837254691256,0.24700913110421316,0.24700913110421316,0.23293453673930073,0.22589723955684451,0.2188599423743883,0.21323010462842346,0.21182264519193209,0.21182264519193209,0.20478534800947587,0.20478534800947587,0.20478534800947587,0.19774805082701966,0.19071075364456344,0.18367345646210723,0.176636159279651,0.1695988620971948,0.16256156491473858,0.15693172716877374,0.15552426773228237,0.15552426773228237,0.14848697054982615,0.14848697054982615,0.14848697054982615,0.14144967336736994,0.14144967336736994,0.14144967336736994,0.14144967336736994,0.13441237618491372,0.13441237618491372,0.13441237618491372,0.1273750790024575,0.1273750790024575,0.1273750790024575,0.1273750790024575,0.1273750790024575,0.1273750790024575,0.1273750790024575,0.1273750790024575,0.1273750790024575,0.12174524125649265,0.1203377818200013,0.1203377818200013,0.1203377818200013,0.11470794407403644,0.11470794407403644,0.11330048463754508,0.11330048463754508,0.11330048463754508,0.11330048463754508,0.10626318745508885,0.09922589027263264,0.09218859309017642,0.08655875534421156,0.0851512959077202,0.07811399872526399,0.07811399872526399,0.07107670154280778,0.06403940436035156,0.05700210717789534,0.04292751281298291,0.035890215630526696,0.02885291844807048,0.020408161829123028,0.01196340521017556,0.008444756618947453,0.008444756618947453,0.008444756618947453,0.005629837745964971,0.004926108027719345,0.004222378309473727,0.003518648591228108,0.003518648591228108,0.003518648591228108,0.0028149188729824823,0.0028149188729824823,0.0021111891547368634,0.0021111891547368634,0.0014074594364912381,0.0014074594364912381,0.0014074594364912381,0.0014074594364912381,0.0014074594364912381,0.0014074594364912381,0.0014074594364912381,0.0014074594364912381,0.0014074594364912381,0.0014074594364912381,0.0014074594364912381,0.0008444756618947528,0.0007037297182456191,0.0007037297182456191,0.0007037297182456191,0.0007037297182456191,0.0007037297182456191,0.0007037297182456191,0.0007037297182456191,0.0007037297182456191,0.0007037297182456191,0.0007037297182456191,0.0007037297182456191,0.0007037297182456191,0.0007037297182456191,0.0007037297182456191,0.0007037297182456191,0.0007037297182456191,0.0007037297182456191,0.0007037297182456191,0.0007037297182456191,0.0007037297182456191,0.0007037297182456191,0.0007037297182456191,0.0007037297182456191,0.0007037297182456191,0.0007037297182456191,0.0007037297182456191,0.0007037297182456191,0.0007037297182456191,0.0007037297182456191,0.0007037297182456191,0.0007037297182456191,0.0007037297182456191,0.0007037297182456191,0.0007037297182456191,0.0007037297182456191,0.0007037297182456191,0.0007037297182456191,0.0007037297182456191,0.0007037297182456191,0.0007037297182456191,0.0007037297182456191,0.0007037297182456191,0.0007037297182456191,0.0007037297182456191
8246500,0.0,0.0,0.0,0.0,0.0,0.0,0.0,0.0,0.0,0.0,0.0,0.0,0.0,0.0,0.0,0.0,0.0,0.0,0.0,0.0,0.0,0.0,0.0,0.0,0.0,0.0015455950302071867,0.0015455950302071867,0.0015455950302071867,0.0015455950302071867,0.0015455950302071867,0.0015455950302071867,0.0015455950302071867,0.0015455950302071867,0.0015455950302071867,0.0015455950302071867,0.0015455950302071867,0.0030911900604143733,0.0030911900604143733,0.0030911900604143733,0.0030911900604143733,0.0030911900604143733,0.0030911900604143733,0.00463678509062156,0.00463678509062156,0.00463678509062156,0.00463678509062156,0.00463678509062156,0.00463678509062156,0.00463678509062156,0.006182380120828747,0.006182380120828747,0.006182380120828747,0.007727975151035933,0.007727975151035933,0.007727975151035933,0.007727975151035933,0.00927357018124312,0.00927357018124312,0.010819165211450306,0.010819165211450306,0.01112828421749177,0.012364760241657493,0.01391035527186468,0.01391035527186468,0.01391035527186468,0.01700154533227905,0.01700154533227905,0.01700154533227905,0.01854714036248624,0.020092735392693427,0.02163833042290061,0.0231839254531078,0.02627511551352217,0.02782071054372936,0.029366305573936546,0.03091190060414373,0.0340030906645581,0.03554868569476529,0.03709428072497248,0.038639875755179666,0.040185470785386854,0.04173106581559404,0.04482225587600841,0.0463678509062156,0.04945904096662997,0.05100463599683716,0.05409582605725153,0.05564142108745872,0.05749613512370737,0.06027820617808028,0.06182380120828746,0.06491499126870184,0.0680061813291162,0.07264296641973778,0.07882534654056651,0.08191653660098089,0.08655332169160244,0.08964451175201682,0.09428129684263839,0.09891808193325995,0.10200927199367432,0.10695517609033733,0.11591962726553899,0.12364760241657492,0.13292117259781805,0.13941267172468827,0.15146831296030427,0.16877897729862482,0.18238021356444803,0.19659968784235415,0.21360123317463323,0.22256568434983487,0.23647603962169955,0.24729520483314985,0.2596599650748074,0.2772797484191693,0.29366305573936546,0.3044822209508158,0.31993817125288765,0.34157650167578824,0.3585780470080673,0.37867078240076074,0.4018547078538685,0.41329211107740177,0.4343122034882194,0.46893353216486044,0.49953631376296287,0.5208655251798219,0.5366305944879354,0.5625965909954159,0.5829984453941509,0.6111282749439215,0.6340030813909879,0.6568778878380543,0.674188552176375,0.718083451034259,0.761978349892143,0.8006182256473227,0.8268933411608448,0.8578052417649886,0.8794435721878892,0.8936630464657954,0.9248840660759804,0.9338485172511822,0.9508500625834613,0.9659968938794916,0.9789798921332321,0.9944358424353038,0.9984543895138426,0.9999999845440497,0.9984543895138426,0.9969087944836353,0.986089629272185,0.9659968938794916,0.9539412526438756,0.9434312064384667,0.9190108049611931,0.890571856405381,0.8797526911939307,0.8578052417649886,0.8318392452575079,0.8052550107379443,0.7839257993210851,0.7604327548619358,0.7344667583544552,0.7023183817261456,0.6723338381401261,0.6429675325661897,0.6077279658774659,0.5687789711162446,0.530139095361065,0.49520864767838274,0.46986088918298474,0.4547140578869543,0.4404945836090482,0.42503863330697633,0.40401854089615863,0.3928902566786669,0.38207109146721663,0.37403399731013914,0.36197835607452317,0.3508500718570314,0.3387944306214154,0.3323029314945451,0.32364759932538495,0.31561050516830746,0.3106646010716445,0.30602781598102297,0.2986089598360284,0.2967542457997798,0.2890262706487439,0.28469860456416374,0.2782071054372936,0.27233384432250624,0.2692426542620919,0.2642967501654289,0.2553322989902272,0.2476043238391913,0.24142194371836254,0.23833075365794815,0.23493044459149237,0.22874806447066362,0.22256568434983487,0.2194744942894205,0.21329211416859176,0.2086553290779702,0.20432766299339009,0.20123647293297572,0.19938175889672707,0.19412673579402273,0.1919629027517326,0.18856259368527678,0.1854714036248624,0.17650695244966075,0.1746522384134121,0.17187016735903918,0.16846985829258335,0.16692426326237617,0.16537866823216896,0.16105100214758888,0.15919628811134023,0.15610509805092584,0.15455950302071866,0.1499227179300971,0.14683152786968273,0.14528593283947555,0.14219474277906116,0.1391035527186468,0.13755795768843962,0.1347758866340667,0.13137557756761087,0.12828438750719648,0.12364760241657492,0.12210200738636774,0.11901081732595337,0.11746522229574619,0.11468315124137328,0.11128284217491743,0.10664605708429588,0.1035548670238815,0.1035548670238815,0.10200927199367432,0.10046367696346713,0.09737248690305275,0.09582689187284557,0.09428129684263839,0.09119010678222401,0.08995363075805829,0.08809891672180964,0.08655332169160244,0.08346213163118808,0.08191653660098089,0.07882534654056651,0.07727975151035933,0.07573415648015214,0.07264296641973778,0.07109737138953058,0.0695517763593234,0.06831530033515767,0.0667697053049505,0.0667697053049505,0.06646058629890902,0.06646058629890902,0.06646058629890902,0.06491499126870184,0.06491499126870184,0.06336939623849465,0.06336939623849465,0.06213292021432893,0.06182380120828746,0.06182380120828746,0.06027820617808028,0.05873261114787309,0.05873261114787309,0.05595054009350018,0.05564142108745872,0.05409582605725153,0.05409582605725153,0.05409582605725153,0.05409582605725153,0.05409582605725153,0.05409582605725153,0.05409582605725153,0.05285935003308581,0.05255023102704434,0.05255023102704434,0.051313755002878624,0.05100463599683716,0.05100463599683716,0.05100463599683716,0.04945904096662997,0.047913445936422785,0.047913445936422785,0.04482225587600841,0.04482225587600841,0.04173106581559404,0.040185470785386854,0.038639875755179666,0.03709428072497248,0.03554868569476529,0.03554868569476529,0.03554868569476529,0.0340030906645581,0.0340030906645581,0.03245749563435092,0.03245749563435092,0.03091190060414373,0.03091190060414373,0.029366305573936546,0.029366305573936546,0.02782071054372936,0.02627511551352217,0.02627511551352217,0.024729520483314987,0.0231839254531078,0.020092735392693427,0.01854714036248624,0.01700154533227905,0.01700154533227905,0.01576506930811333,0.015455950302071865,0.01391035527186468,0.01391035527186468,0.012364760241657493,0.010819165211450306,0.00927357018124312,0.007727975151035933,0.007727975151035933,0.007727975151035933,0.006182380120828747,0.006182380120828747,0.006182380120828747,0.00463678509062156,0.00463678509062156,0.00463678509062156,0.0030911900604143733,0.0030911900604143733,0.0030911900604143733,0.0015455950302071867,0.0015455950302071867,0.0015455950302071867,0.0015455950302071867,0.0015455950302071867,0.0015455950302071867,0.0015455950302071867,0.0015455950302071867,0.0015455950302071867,0.00030911900604146367,0.0,0.0,0.0,0.0,0.0,0.0,0.0,0.0,0.0,0.0,0.0,0.0,0.0,0.0,0.0,0.0,0.0,0.0
8247500,0.039024380725760796,0.039024380725760796,0.039024380725760796,0.039024380725760796,0.039024380725760796,0.039024380725760796,0.039024380725760796,0.039024380725760796,0.039024380725760796,0.039024380725760796,0.0370731616894728,0.039024380725760796,0.039024380725760796,0.039024380725760796,0.039024380725760796,0.039024380725760796,0.039024380725760796,0.039024380725760796,0.039024380725760796,0.039024380725760796,0.039024380725760796,0.04146340452112084,0.04146340452112084,0.04146340452112084,0.04146340452112084,0.0439024283164809,0.0439024283164809,0.0439024283164809,0.0439024283164809,0.04439023307555295,0.046341452111840944,0.046829256870912994,0.04878047590720099,0.04878047590720099,0.04878047590720099,0.04878047590720099,0.04878047590720099,0.051219499702561046,0.0536585234979211,0.0536585234979211,0.05609754729328114,0.058536571088641194,0.06097559488400124,0.06097559488400124,0.06097559488400124,0.06097559488400124,0.0634146186793613,0.0634146186793613,0.06585364247472135,0.06829266627008139,0.06829266627008139,0.07073169006544144,0.0731707138608015,0.0731707138608015,0.0731707138608015,0.07560973765616154,0.07804876145152159,0.07804876145152159,0.08048778524688163,0.08536583283760174,0.08536583283760174,0.0878048566329618,0.09024388042832185,0.09268290422368189,0.09317070898275394,0.09756095181440198,0.09756095181440198,0.09756095181440198,0.10243899940512209,0.1073170469958422,0.10975607079120224,0.11463411838192235,0.11951216597264244,0.12195118976800248,0.1268292373587226,0.13463411350387477,0.146341427721603,0.15121947531232308,0.16097557049376326,0.17073166567520348,0.18097556561571573,0.19512190362880397,0.19560970838787603,0.20975604640096426,0.21707311778704444,0.2248779939321966,0.23658530814992482,0.24390237953600497,0.24390237953600497,0.2682926174896055,0.2682926174896055,0.292682855443206,0.292682855443206,0.31707309339680645,0.31707309339680645,0.34146333135040696,0.3658535693040075,0.39024380725760793,0.39024380725760793,0.41463404521120845,0.43902428316480896,0.4634145211184095,0.5121949970256104,0.5609754729328115,0.585365710886412,0.6341461867936129,0.6829266627008139,0.7560973765616155,0.8048778524688164,0.8292680904224169,0.8780485663296179,0.9024388042832184,0.926829042236819,0.9512192801904193,0.9756095181440199,0.9756095181440199,0.9756095181440199,0.9999997560976204,0.9999997560976204,0.9999997560976204,0.9756095181440199,0.9756095181440199,0.9512192801904193,0.926829042236819,0.9024388042832184,0.8536583283760174,0.8292680904224169,0.7804876145152159,0.731707138608015,0.7073169006544144,0.6585364247472134,0.5902437584771324,0.5609754729328115,0.5121949970256104,0.46829256870912994,0.43902428316480896,0.39024380725760793,0.3658535693040075,0.34146333135040696,0.292682855443206,0.2682926174896055,0.24390237953600497,0.22829262724570085,0.20585360832838828,0.18585361320643584,0.17317068947056352,0.16097557049376326,0.1414633801308829,0.12926826115408263,0.11707314217728239,0.1053658279595542,0.09560973277811399,0.08292680904224169,0.07073169006544144,0.0614633996430733,0.05609754729328114,0.051219499702561046,0.046341452111840944,0.04146340452112084,0.03658535693040075,0.03170730933968065,0.02682926174896055,0.02365853081499248,0.020487799881024418,0.016634142284355547,0.013414630874480275,0.011219509458656228,0.008829266139203385,0.007121949482451348,0.004439023307555293,0.0029268285544320595,0.0010243899940512234,0.00024390237953600497,0.0,0.0,0.0,0.0,0.0,0.0,0.0,0.0,0.0,0.0,0.0,0.0,0.0,0.0,0.0,0.0,0.0,0.0,0.0,0.0,0.0,0.0,0.0,0.0,0.0,0.0,0.0,0.0,0.0,0.0,0.0,0.0,0.0,0.0,0.0,0.0,0.0,0.0,0.0,0.0,0.0,0.0,0.0,0.0,0.0,0.0,0.0,0.0,0.0,0.0,0.0,0.0,0.0,0.0,0.0,0.0,0.0,0.0,0.0,0.0,0.0,0.0,0.0,0.0,0.0,0.0,0.0,0.0,0.0,0.0,0.0,0.0,0.0,0.0,0.0,0.0,0.0,0.0,0.0,0.0,0.0,0.0,0.0,0.0,0.0,0.0,0.0,0.0,0.0,0.0,0.0,0.0,0.0,0.0,0.0,0.0,0.00048780475907200994,0.0022439018917312483,0.003463413789411273,0.005170730446163308,0.007317071386080149,0.009756095181440199,0.012195118976800248,0.014634142772160299,0.016097557049376328,0.018097556561571575,0.019512190362880398,0.02170731177870444,0.023463408911363684,0.024390237953600496,0.029268285544320597,0.029756090303392643,0.034146333135040695,0.034634137894112745,0.03658535693040075,0.039024380725760796,0.039024380725760796,0.039024380725760796,0.04146340452112084,0.0439024283164809,0.0439024283164809,0.0439024283164809,0.046341452111840944,0.046341452111840944,0.04878047590720099,0.04878047590720099,0.04878047590720099,0.04878047590720099,0.04878047590720099,0.051219499702561046,0.051219499702561046,0.051219499702561046,0.051219499702561046,0.051219499702561046,0.0536585234979211,0.0536585234979211,0.0536585234979211,0.0517073044616331,0.051219499702561046,0.051219499702561046,0.051219499702561046,0.04878047590720099,0.04878047590720099,0.04878047590720099,0.04878047590720099,0.046341452111840944,0.046341452111840944,0.046341452111840944,0.046341452111840944,0.046341452111840944,0.0439024283164809,0.0439024283164809,0.0439024283164809,0.0439024283164809,0.0439024283164809,0.0439024283164809,0.04146340452112084,0.04146340452112084,0.04146340452112084,0.04146340452112084,0.04146340452112084,0.04146340452112084,0.04146340452112084,0.039024380725760796,0.039024380725760796,0.039024380725760796,0.039024380725760796,0.039024380725760796,0.039024380725760796,0.039024380725760796,0.039024380725760796,0.039024380725760796,0.039024380725760796,0.039024380725760796,0.039024380725760796,0.039024380725760796,0.039024380725760796,0.03658535693040075,0.03658535693040075,0.03658535693040075,0.03658535693040075,0.03658535693040075,0.03658535693040075,0.03658535693040075,0.03658535693040075,0.03658535693040075,0.03658535693040075,0.03658535693040075,0.03658535693040075,0.03658535693040075,0.03658535693040075,0.03658535693040075,0.03658535693040075
8248000,0.0,0.0,0.0,0.0,0.0,0.0,0.0,0.0,0.0,0.0,0.0,0.0,0.0,0.0,0.0,0.0,0.0,0.0,0.0,0.0,0.0,0.0,0.0,0.0,0.0,0.0,0.0,0.0,0.0,0.0,0.0,0.0038910504322548474,0.0038910504322548474,0.0038910504322548474,0.0038910504322548474,0.0038910504322548474,0.0038910504322548474,0.0038910504322548474,0.0038910504322548474,0.0038910504322548474,0.0038910504322548474,0.0038910504322548474,0.0038910504322548474,0.0038910504322548474,0.0038910504322548474,0.0038910504322548474,0.007782100864509695,0.007782100864509695,0.007782100864509695,0.007782100864509695,0.007782100864509695,0.007782100864509695,0.007782100864509695,0.011673151296764541,0.011673151296764541,0.011673151296764541,0.011673151296764541,0.011673151296764541,0.01556420172901939,0.01556420172901939,0.01556420172901939,0.01556420172901939,0.01556420172901939,0.019455252161274236,0.019455252161274236,0.019455252161274236,0.019455252161274236,0.023346302593529083,0.023346302593529083,0.023346302593529083,0.023346302593529083,0.027237353025783933,0.027237353025783933,0.027237353025783933,0.027237353025783933,0.03112840345803878,0.03501945389029363,0.03501945389029363,0.03501945389029363,0.03891050432254847,0.03891050432254847,0.04280155475480332,0.04280155475480332,0.046692605187058166,0.050583655619313016,0.050583655619313016,0.054474706051567866,0.05836575648382271,0.06225680691607756,0.06225680691607756,0.06614785734833241,0.0739299582128421,0.07782100864509695,0.0817120590773518,0.08638131959605767,0.09727626080637118,0.10194552132507707,0.10894941210313573,0.11673151296764542,0.12840466426440997,0.13618676512891967,0.15175096685793904,0.1634241181547036,0.178988319883723,0.1906614711804875,0.21789882420627146,0.24124512679980054,0.2684824798255845,0.30428014380232915,0.33151749682811305,0.36264590028615185,0.3976653541764455,0.4326848080667391,0.46692605187058167,0.510505816711836,0.5533073714666393,0.5922178757891878,0.6303501700252853,0.6692606743478338,0.7097275988432843,0.7470816829929307,0.7828793469696752,0.813229540341263,0.8451361538857528,0.864591406047027,0.89105054898636,0.9073929608018304,0.9299610533089085,0.941634204605673,0.9548637760753397,0.9696497677179081,0.9774318685824178,0.9852139694469275,0.992217860224986,0.9999999610894957,0.992217860224986,0.9891050198791824,0.9968871207436921,0.9766536584959666,0.945525255037928,0.9377431541734182,0.9221789524443988,0.8957198095050658,0.867704246392831,0.8287937420702824,0.7984435486986946,0.7821011368832244,0.7237353803994017,0.6809338256445983,0.6420233213220499,0.5961089262214427,0.5680933631092078,0.5221789680086005,0.48249025359960107,0.4552529005738171,0.41322955590546484,0.3750972616693674,0.3424124380384266,0.31206224466683885,0.28871594207330975,0.258365748701722,0.23735407636754569,0.2217898746385263,0.1953307316991934,0.17587547953791915,0.15953306772244874,0.1478599164256842,0.13618676512891967,0.12451361383215512,0.10894941210313573,0.10116731123862603,0.0894941599418615,0.07782100864509695,0.0739299582128421,0.06614785734833241,0.06225680691607756,0.059143966570273744,0.0552529161380189,0.054474706051567866,0.050583655619313016,0.046692605187058166,0.046692605187058166,0.04280155475480332,0.04280155475480332,0.03891050432254847,0.03891050432254847,0.03891050432254847,0.03501945389029363,0.03501945389029363,0.03501945389029363,0.03501945389029363,0.03501945389029363,0.03501945389029363,0.03501945389029363,0.03112840345803878,0.03112840345803878,0.03112840345803878,0.03112840345803878,0.03112840345803878,0.03112840345803878,0.028015563112234968,0.027237353025783933,0.027237353025783933,0.027237353025783933,0.027237353025783933,0.027237353025783933,0.027237353025783933,0.023346302593529083,0.023346302593529083,0.023346302593529083,0.023346302593529083,0.023346302593529083,0.019455252161274236,0.019455252161274236,0.019455252161274236,0.019455252161274236,0.019455252161274236,0.019455252161274236,0.019455252161274236,0.019455252161274236,0.016342411815470425,0.01556420172901939,0.01556420172901939,0.01556420172901939,0.011673151296764541,0.011673151296764541,0.011673151296764541,0.011673151296764541,0.007782100864509695,0.007782100864509695,0.007782100864509695,0.007782100864509695,0.0038910504322548474,0.0038910504322548474,0.0038910504322548474,0.0038910504322548474,0.0038910504322548474,0.0038910504322548474,0.0038910504322548474,0.0038910504322548474,0.0038910504322548474,0.0038910504322548474,0.0038910504322548474,0.0038910504322548474,0.0038910504322548474,0.0,0.0,0.0,0.0,0.0,0.0,0.0,0.0,0.0,0.0,0.0,0.0,0.0,0.0,0.0,0.0,0.0007782100864510289,0.0038910504322548474,0.0038910504322548474,0.0038910504322548474,0.0038910504322548474,0.0038910504322548474,0.0038910504322548474,0.0038910504322548474,0.0038910504322548474,0.0038910504322548474,0.0038910504322548474,0.0038910504322548474,0.0038910504322548474,0.0038910504322548474,0.0038910504322548474,0.0038910504322548474,0.007782100864509695,0.007782100864509695,0.007782100864509695,0.007782100864509695,0.007782100864509695,0.007782100864509695,0.007782100864509695,0.007782100864509695,0.007782100864509695,0.007782100864509695,0.007782100864509695,0.007782100864509695,0.007782100864509695,0.007782100864509695,0.007782100864509695,0.007782100864509695,0.007782100864509695,0.007782100864509695,0.007782100864509695,0.007782100864509695,0.007782100864509695,0.007782100864509695,0.007782100864509695,0.007782100864509695,0.007782100864509695,0.007782100864509695,0.008560310950960723,0.007782100864509695,0.007782100864509695,0.007782100864509695,0.007782100864509695,0.007782100864509695,0.007782100864509695,0.007782100864509695,0.007782100864509695,0.007782100864509695,0.007782100864509695,0.007782100864509695,0.007782100864509695,0.007782100864509695,0.007782100864509695,0.007782100864509695,0.007782100864509695,0.007782100864509695,0.007782100864509695,0.007782100864509695,0.007782100864509695,0.007782100864509695,0.007782100864509695,0.007782100864509695,0.004669260518705877,0.0038910504322548474,0.0038910504322548474,0.0038910504322548474,0.0038910504322548474,0.0038910504322548474,0.0038910504322548474,0.0038910504322548474,0.0038910504322548474,0.0038910504322548474,0.0038910504322548474,0.0038910504322548474,0.0007782100864510289,0.0,0.0,0.0,0.0,0.0,0.0,0.0,0.0,0.0,0.0,0.0,0.0,0.0,0.0,0.0,0.0,0.0,0.0,0.0,0.0,0.0,0.0,0.0,0.0,0.0,0.0
8249000,0.5584414859166901,0.5584414859166901,0.5584414859166901,0.561038888176768,0.5584414859166901,0.5584414859166901,0.5480518768763798,0.5584414859166901,0.5584414859166901,0.5584414859166901,0.5584414859166901,0.5584414859166901,0.5584414859166901,0.5584414859166901,0.561038888176768,0.5714284972170782,0.5714284972170782,0.5714284972170782,0.5714284972170782,0.5714284972170782,0.5714284972170782,0.5714284972170782,0.5714284972170782,0.5714284972170782,0.5714284972170782,0.5714284972170782,0.5714284972170782,0.5714284972170782,0.5844155085174664,0.5844155085174664,0.5844155085174664,0.5844155085174664,0.5974025198178545,0.5974025198178545,0.6103895311182427,0.6103895311182427,0.6233765424186308,0.636363553719019,0.6389609559790969,0.6493505650194071,0.6623375763197953,0.6753245876201834,0.6883115989205716,0.7142856215213478,0.7402596441221241,0.7402596441221241,0.7532466554225122,0.7662336667229004,0.7792206780232885,0.7922076893236767,0.8051947006240648,0.818181711924453,0.8337661254849189,0.8441557345252293,0.8571427458256173,0.8701297571260055,0.8701297571260055,0.8831167684263936,0.8961037797267818,0.8987011819868597,0.9090907910271699,0.9220778023275581,0.9220778023275581,0.924675204587636,0.9350648136279462,0.9350648136279462,0.9480518249283344,0.9506492271884123,0.9610388362287225,0.9740258475291107,0.9740258475291107,0.9870128588294989,0.9870128588294989,0.9896102610895766,0.999999870129887,0.999999870129887,0.9896102610895766,0.9870128588294989,0.9870128588294989,0.9740258475291107,0.9376622158880241,0.8701297571260055,0.8311687232248411,0.7948050915837546,0.7792206780232885,0.7272726328217359,0.6129869333783206,0.5350648655759916,0.5064934407151376,0.4935064294147494,0.4675324068139731,0.41558436161242057,0.4025973503120324,0.3766233277112561,0.3506493051104798,0.3376622938100917,0.32467528250970357,0.32467528250970357,0.3142856734693933,0.3116882712093154,0.3116882712093154,0.3116882712093154,0.3116882712093154,0.3116882712093154,0.3116882712093154,0.32467528250970357,0.3376622938100917,0.3506493051104798,0.3506493051104798,0.3506493051104798,0.3506493051104798,0.36363631641086797,0.36363631641086797,0.36623371867094584,0.3766233277112561,0.36623371867094584,0.36363631641086797,0.36623371867094584,0.3766233277112561,0.379220729971334,0.38961033901164427,0.3766233277112561,0.3766233277112561,0.36363631641086797,0.36363631641086797,0.36363631641086797,0.36623371867094584,0.3766233277112561,0.3766233277112561,0.36363631641086797,0.36363631641086797,0.34025969607016954,0.3376622938100917,0.3376622938100917,0.32467528250970357,0.3116882712093154,0.3116882712093154,0.29870125990892726,0.2857142486085391,0.27532463956822883,0.2623376282678407,0.24935061696745256,0.23376620340698656,0.23376620340698656,0.21038958306628813,0.20779218080621029,0.19740257176589995,0.19480516950582213,0.18181815820543398,0.16883114690504586,0.1558441356046577,0.1558441356046577,0.14285712430426956,0.14285712430426956,0.12987011300388143,0.1236363475796951,0.11714284192950104,0.10935063514926818,0.1012986881430275,0.09090907910271699,0.0846753136785307,0.08311687232248412,0.08181817119244529,0.07818180802833663,0.07558440576825902,0.06909090011806494,0.06519479672794849,0.06259739446787087,0.0545454474616302,0.05194804520155257,0.05064934407151375,0.04441557864732747,0.04051947525721103,0.036363631641086795,0.03376622938100917,0.03246752825097036,0.03246752825097036,0.029870125990892726,0.028571424860853914,0.025974022600776286,0.023376620340698658,0.02077921808062103,0.018181815820543398,0.016883114690504585,0.014285712430426957,0.012987011300388143,0.011870128328554767,0.010467531108112849,0.00880519366166317,0.007792206780232885,0.0067792198988026135,0.006129869333783205,0.005116882452352932,0.004597402000337407,0.0038961033901164423,0.0036363631641086803,0.003376622938100917,0.003142856734693932,0.002805194440883845,0.0023896100792714222,0.002077921808062103,0.0019480516950582212,0.0018181815820543401,0.0014285712430426956,0.001324675152639592,0.0009090907910271701,0.0008051947006240661,0.0006753245876201848,0.00038961033901164426,0.00038961033901164426,0.00038961033901164426,0.00012987011300388143,0.0,0.0,0.0,0.0,0.0,0.0,0.0,0.0,0.0,0.0,0.0,0.0,0.0,0.0,0.0,0.0,0.0,0.0,0.0,0.0,0.0,0.0,0.0,0.0,0.0,0.0,0.0,0.0,0.0,0.0,0.0,0.0,0.0,0.0,0.0,0.0,0.0,0.0,0.0,0.0,0.0,0.0,0.0,0.0,0.0,0.0,0.0,0.0,0.0,0.0,0.0,0.0,0.0,0.0,0.0,0.0,0.0,0.0,0.0,0.0,0.0,0.0,0.0,0.0,0.0,0.0,0.0,0.0,0.0,0.0,0.0,0.0,0.0,0.0,0.0,0.0,0.0,0.0,0.0,0.0,0.0,0.0,0.0,0.0,0.0,0.0,0.0,2.5974022600777582e-05,0.0006493505650194072,0.0009090907910271701,0.001324675152639592,0.0016883114690504585,0.0017142854916512359,0.003142856734693932,0.004961038316748272,0.00940259618148102,0.014285712430426957,0.0272727237308151,0.07454544486422798,0.0937662215888024,0.1077921937932216,0.1254545291617495,0.12987011300388143,0.1558441356046577,0.16883114690504586,0.18181815820543398,0.18441556046551183,0.19480516950582213,0.20779218080621029,0.2207791921065984,0.2363636056670644,0.2467532147073747,0.25974022600776286,0.29870125990892726,0.3116882712093154,0.32467528250970357,0.32467528250970357,0.3376622938100917,0.3506493051104798,0.36363631641086797,0.36363631641086797,0.36623371867094584,0.3766233277112561,0.3766233277112561,0.379220729971334,0.38961033901164427,0.39220774127172214,0.41558436161242057,0.41558436161242057,0.41558436161242057,0.4181817638724984,0.42857137291280867,0.42857137291280867,0.43116877517288654,0.4415583842131968,0.45454539551358497,0.45454539551358497,0.45454539551358497,0.4675324068139731,0.4675324068139731,0.4675324068139731,0.4675324068139731,0.470129809074051,0.4805194181143613,0.4805194181143613,0.4805194181143613,0.4831168203744391,0.4935064294147494,0.49610383167482724,0.5064934407151376,0.5090908429752155,0.5194804520155257,0.5194804520155257,0.5194804520155257
8251500,0.648648626734844,0.6621621397918197,0.6621621397918197,0.6621621397918197,0.6621621397918197,0.6621621397918197,0.665540518056064,0.6790540311130395,0.6790540311130395,0.6790540311130395,0.6790540311130395,0.6790540311130395,0.6790540311130395,0.6790540311130395,0.6790540311130395,0.6790540311130395,0.6790540311130395,0.6790540311130395,0.6790540311130395,0.6790540311130395,0.6790540311130395,0.6790540311130395,0.6790540311130395,0.6790540311130395,0.6790540311130395,0.6790540311130395,0.6790540311130395,0.6959459224342595,0.6959459224342595,0.6959459224342595,0.6959459224342595,0.7128378137554793,0.7128378137554793,0.7128378137554793,0.7128378137554793,0.7128378137554793,0.7128378137554793,0.7162161920197236,0.7297297050766992,0.7297297050766992,0.7466215963979191,0.7466215963979191,0.763513487719139,0.763513487719139,0.7804053790403589,0.7804053790403589,0.7837837573046033,0.7972972703615788,0.7972972703615788,0.8141891616827986,0.817567539947043,0.8479729443252384,0.8648648356464583,0.8655405112993073,0.8817567269676783,0.8817567269676783,0.8986486182888981,0.915540509610118,0.915540509610118,0.9324324009313378,0.9324324009313378,0.9493242922525578,0.9493242922525578,0.9493242922525578,0.9601351026981386,0.9662161835737777,0.9709459131437194,0.9831080748949975,0.9898648314234855,0.9999999662162175,0.9999999662162175,0.9999999662162175,0.9999999662162175,0.9999999662162175,0.9999999662162175,0.9999999662162175,0.9945945609934274,0.9905405070763345,0.9831080748949975,0.9662161835737777,0.9466215896411627,0.9297296983199429,0.9020269965531421,0.8817567269676783,0.8547297008537263,0.8108107834185547,0.7709459199004759,0.7270270024653039,0.694594571128562,0.6695945719731564,0.6391891675949606,0.5959459258126378,0.5581080892531051,0.5277026848749093,0.5033783613723527,0.4898648483153768,0.4770270109112497,0.45945944393718097,0.4533783630615419,0.4425675526159611,0.4270270126004389,0.4195945804191021,0.4155405265020093,0.4155405265020093,0.4155405265020093,0.41891890476625326,0.41891890476625326,0.41891890476625326,0.42229728303049724,0.4270270126004389,0.43243241782322916,0.43243241782322916,0.43243241782322916,0.43243241782322916,0.43243241782322916,0.43378376912892685,0.4425675526159611,0.44324322826880996,0.44594593088020507,0.44932430914444904,0.452702687408693,0.456081065672937,0.456081065672937,0.46013511959002984,0.47027025438276177,0.4729729569941569,0.4777026865640986,0.48310809178688885,0.48716214570398164,0.5006756587609575,0.5040540370252016,0.5074324152894455,0.5074324152894455,0.5067567396365967,0.5074324152894455,0.5101351179008407,0.5067567396365967,0.5067567396365967,0.5006756587609575,0.4932432265796208,0.4878378213568305,0.48378376743973767,0.4770270109112497,0.47364863264700574,0.4770270109112497,0.4804053891754937,0.48310809178688885,0.4932432265796208,0.5033783613723527,0.5040540370252016,0.5040540370252016,0.5067567396365967,0.5074324152894455,0.5040540370252016,0.4932432265796208,0.48378376743973767,0.46756755177136666,0.45675674132578586,0.4425675526159611,0.436486471740322,0.43310809347607804,0.42297295868334606,0.42229728303049724,0.4162162021548581,0.4121621482377653,0.4027026890978822,0.3952702569165454,0.3783783655953255,0.3621621499269545,0.3587837716627105,0.35540539339846655,0.3418918803414906,0.3277026916316659,0.3141891785746899,0.29527026029492376,0.26689188287527427,0.24999999155405436,0.24054053241417128,0.22297296544010253,0.2128378306473706,0.2128378306473706,0.20945945238312663,0.19999999324324355,0.1959459393261507,0.17972972365777967,0.1689189132121989,0.15270269754382787,0.13513513056975912,0.12837837404127117,0.11891891490138808,0.10472972619156332,0.09797296966307535,0.09797296966307535,0.09527026705168024,0.09459459139883138,0.0912162131345874,0.08783783487034343,0.08445945660609945,0.08108107834185546,0.08108107834185546,0.07499999746621637,0.0716216192019724,0.07094594354912354,0.07094594354912354,0.06756756528487956,0.06418918702063559,0.0608108087563916,0.05743243049214762,0.054054052227903646,0.05067567396365967,0.04797297135226454,0.04729729569941569,0.04391891743517171,0.04054053917092773,0.04054053917092773,0.037162160906683755,0.03378378264243978,0.03378378264243978,0.03378378264243978,0.031081080031044653,0.0304054043781958,0.0304054043781958,0.027027026113951823,0.027027026113951823,0.027027026113951823,0.027027026113951823,0.023648647849707844,0.023648647849707844,0.023648647849707844,0.02094594523831272,0.020270269585463865,0.020270269585463865,0.01689189132121989,0.01689189132121989,0.01689189132121989,0.013513513056975911,0.013513513056975911,0.010135134792731933,0.010135134792731933,0.010135134792731933,0.010135134792731933,0.010135134792731933,0.010135134792731933,0.010135134792731933,0.010135134792731933,0.0074324321813368085,0.006756756528487956,0.006756756528487956,0.003378378264243978,0.003378378264243978,0.003378378264243978,0.003378378264243978,0.003378378264243978,0.0,0.0,0.0006756756528488531,0.003378378264243978,0.003378378264243978,0.003378378264243978,0.003378378264243978,0.003378378264243978,0.003378378264243978,0.003378378264243978,0.003378378264243978,0.003378378264243978,0.004054053917092831,0.006756756528487956,0.010135134792731933,0.010135134792731933,0.010135134792731933,0.013513513056975911,0.013513513056975911,0.01689189132121989,0.020270269585463865,0.020270269585463865,0.023648647849707844,0.027027026113951823,0.0304054043781958,0.0304054043781958,0.03378378264243978,0.037162160906683755,0.04054053917092773,0.04054053917092773,0.04391891743517171,0.04729729569941569,0.05135134961650852,0.05743243049214762,0.0608108087563916,0.06418918702063559,0.07432432181336751,0.07770270007761149,0.08108107834185546,0.0851351322589483,0.08783783487034343,0.08851351052319227,0.09459459139883138,0.09797296966307535,0.10202702358016819,0.10472972619156332,0.11148648272005127,0.11148648272005127,0.11824323924853923,0.1216216175127832,0.12499999577702718,0.13175675230551515,0.14189188709824707,0.14932431927958387,0.15878377841946695,0.17229729147644288,0.17229729147644288,0.1824324262691748,0.18986485845051163,0.19999999324324355,0.21013512803597548,0.22297296544010253,0.2371621541499273,0.2466216132898104,0.25675674808254234,0.27027026113951824,0.27432431505661103,0.2905405307249821,0.30743242204620197,0.32432431336742185,0.3412162046886418,0.35810809600986165,0.37499998733108153,0.3918918786523014,0.4060810673621262,0.42027025607195095,0.4263513369475901,0.4425675526159611,0.45945944393718097,0.4763513352584009,0.5101351179008407,0.5101351179008407,0.5108107935536894,0.5270270092220606,0.5270270092220606,0.5270270092220606,0.5304053874863048,0.5439189005432804,0.5439189005432804,0.5439189005432804,0.5439189005432804,0.5439189005432804,0.5472972788075247,0.5608107918645003,0.5641891701287446,0.5777026831857203,0.5777026831857203,0.5777026831857203,0.5777026831857203,0.5777026831857203,0.5777026831857203,0.5777026831857203,0.5777026831857203,0.5810810614499645,0.5810810614499645,0.5945945745069401,0.5945945745069401,0.5945945745069401,0.61148646582816,0.61148646582816,0.61148646582816,0.61148646582816,0.61148646582816
8255500,0.0034516760558190775,0.0026298484234811947,0.0026298484234811947,0.0026298484234811947,0.0026298484234811947,0.0025750599146586632,0.0028763967131825666,0.003068156494061396,0.003068156494061396,0.0028763967131825666,0.0026298484234811947,0.0028763967131825666,0.003068156494061396,0.0034516760558190775,0.003670830091109166,0.003725618599931697,0.003068156494061396,0.0026298484234811947,0.0025750599146586632,0.0014792897382081727,0.0012327414485068004,0.0014792897382081727,0.002465482897013613,0.0015614725014419756,0.0015614725014419756,0.0012327414485068004,0.000767039123515352,0.0,0.0006574621058702895,0.000767039123515352,0.001205347194095541,0.0025750599146586632,0.0025750599146586632,0.003725618599931697,0.003944772635221798,0.003944772635221798,0.0053144853557849205,0.0053144853557849205,0.0053144853557849205,0.006684198076348043,0.008053910796911177,0.008875738429249061,0.010464605185102296,0.010793336238037434,0.012163048958600558,0.01356015593357495,0.01698443773498277,0.019011612561416192,0.019175978087883773,0.023175539231928104,0.0245726462069025,0.025914964673054347,0.028599601605358085,0.032078671915588435,0.03270873976704747,0.034516760558190814,0.03818759064929998,0.0395573033698631,0.04191320924923169,0.045036154252115615,0.04640586697267874,0.050295851099078026,0.0528161225049142,0.0546241432960575,0.06010299417831001,0.06010299417831001,0.06284241961943626,0.06695155778112565,0.07380012138394128,0.07380012138394128,0.07544377664861703,0.08201839770732004,0.08749724858957256,0.08749724858957256,0.08749724858957256,0.09325004201593771,0.0998246630746407,0.10119437579520384,0.10119437579520384,0.10557745650100586,0.11489150300083509,0.11489150300083509,0.11489150300083509,0.12584920476534012,0.12858863020646635,0.1299583429270295,0.13543719380928199,0.14118998723564716,0.14228575741209765,0.14639489557378702,0.1535174017207153,0.1559828846177289,0.1559828846177289,0.16146173549998138,0.16968001182336018,0.16968001182336018,0.17378914998504957,0.18337713902899144,0.18337713902899144,0.1902257026318071,0.19707426623462274,0.19707426623462274,0.210771393440254,0.210771393440254,0.210771393440254,0.21761995704306963,0.23296073951337667,0.23816564785151653,0.2518627750571478,0.25953316629230144,0.2688472127921306,0.27925702946841036,0.2915844439534785,0.2929541566740416,0.297063294835731,0.30528157115910975,0.3066512838796729,0.3162392729236148,0.3203484110853042,0.3326758255703723,0.3466468953201162,0.35020814839358044,0.3740411497313788,0.38883404711346053,0.41622830152472307,0.4710168103472482,0.4984110647585107,0.5293665722432375,0.5630615051690904,0.5805938279922984,0.6178500139916154,0.6438745556823149,0.6901708456373485,0.7153735596957101,0.7274270316366656,0.7575607114890545,0.7997478632823988,0.81344499048803,0.8274160602377738,0.8534406019284735,0.869055326942893,0.8865876497661012,0.9120643063685753,0.9328839397211348,0.9367191353387115,0.9504162625443429,0.9600042515882847,0.9641133897499741,0.9843851380143086,0.9986301503081648,0.9999998630287279,0.997260437587602,0.9986301503081648,0.997260437587602,0.9926034143376873,0.9915076441612366,0.976714746779155,0.9605521366765101,0.9493204923678925,0.9372670204269369,0.9230220081330803,0.909324880927449,0.8956277537218177,0.8824785116044118,0.8687813843987804,0.861110993163627,0.8413871299875179,0.8205674966349582,0.8085140246940028,0.777832459753389,0.7723536088711361,0.7485206075333378,0.733727710151256,0.7178390425927238,0.7038679728429799,0.6901708456373485,0.6814046842257446,0.6764737184317172,0.662776591226086,0.6537364872703694,0.6490794640204547,0.6479836938440042,0.6353823368148235,0.6326429113736972,0.6285337732120079,0.6216852096091922,0.616754243815165,0.6137408758299261,0.6082620249476736,0.6016874038889706,0.5942909551979296,0.5953867253743802,0.5942909551979296,0.5931951850214792,0.5890860468597898,0.5890860468597898,0.5863466214186636,0.5822374832569742,0.5805938279922984,0.5767586323747216,0.5668967007866671,0.563335447713203,0.5600481371838515,0.5531995735810358,0.5466249525223329,0.5395024463754046,0.5384066761989541,0.5299144573314626,0.5258053191697732,0.5153955024934935,0.512108191964142,0.5077251112583401,0.4984110647585107,0.4984110647585107,0.4940279840527088,0.488001248082231,0.4849878800969921,0.48252239719997847,0.4781393164941765,0.4737562357883745,0.4710168103472482,0.4671816147296715,0.4573196831416169,0.45348448752404025,0.4532105449799276,0.4491014068182381,0.4463619813771119,0.44252678575953514,0.4395134177742963,0.43567822215671953,0.43019937127446706,0.4299254287303544,0.4299254287303544,0.41622830152472307,0.4123931059071464,0.40965368046602013,0.4069142550248938,0.4069142550248938,0.4055445423043308,0.4025311743190918,0.3934910703633752,0.3767805751725051,0.37513691990782927,0.3617137352463107,0.361439792702198,0.34555112514366576,0.3296624575851335,0.3203484110853042,0.3066512838796729,0.2940499268504922,0.2828182825418746,0.27925702946841036,0.2655599022627791,0.2655599022627791,0.2589852812040761,0.25076700488069736,0.23816564785151653,0.22446852064588527,0.2096756232638035,0.18337713902899144,0.16968001182336018,0.1559828846177289,0.14228575741209765,0.12858863020646635,0.11489150300083509,0.11105630738325836,0.10119437579520384,0.09023667403069881,0.08749724858957256,0.07955291481030644,0.07380012138394128,0.0727043512074908,0.0696909832222519,0.06421213233999941,0.06010299417831001,0.06010299417831001,0.05739096299159501,0.05604864452544316,0.05429541224312236,0.05177514083728619,0.05040542811672307,0.047939945219709415,0.04670720377120263,0.04640586697267874,0.044241720874189004,0.04369383578596377,0.042296728810989344,0.04152968968747403,0.04079004481836992,0.04040652525661226,0.04037913100220099,0.04037913100220099,0.04037913100220099,0.040159976966910864,0.04037913100220099,0.04079004481836992,0.040927016090426226,0.040927016090426226,0.040927016090426226,0.040954410344837495,0.0418310264859979,0.042187151793344306,0.04235151731981186,0.042296728810989344,0.042296728810989344,0.042187151793344306,0.042159757538933036,0.042187151793344306,0.042159757538933036,0.042159757538933036,0.042159757538933036,0.042159757538933036,0.042159757538933036,0.041776237977175376,0.04081743907278119,0.03826977341253377,0.03796843661400988,0.03621520433168907,0.03544816520817371,0.03396887546996555,0.033284019109683975,0.03270873976704747,0.03270873976704747,0.03183212362588706,0.03133902704648434,0.02996931432592121,0.02901051542152703,0.028462630333301778,0.026353272743634575,0.025860176164231828,0.025339685330417836,0.024052155373088517,0.022682442652525385,0.0218606150201875,0.02175103800254245,0.02175103800254245,0.020573085062858168,0.019723863176109014,0.019011612561416192,0.019011612561416192,0.019011612561416192,0.019011612561416192,0.019011612561416192,0.017532322823208022,0.016272187120289935,0.016272187120289935,0.016272187120289935,0.016162610102644887,0.014902474399726813,0.014902474399726813,0.01353276167916368,0.013149242117406021,0.012573962774769498,0.012163048958600558,0.012163048958600558,0.012163048958600558,0.012163048958600558,0.011779529396842887,0.011642558124786566,0.010793336238037434,0.010793336238037434,0.010793336238037434,0.00920446948218421,0.008053910796911177,0.006684198076348043,0.006684198076348043
8263500,0.6138888675733033,0.6166666452546304,0.6208333117766213,0.6249999782986119,0.6284722004002709,0.6312499780815981,0.6305555336612663,0.6319444225019298,0.6326388669222616,0.6354166446035888,0.638194422284916,0.6388888667052477,0.6388888667052477,0.6388888667052477,0.6388888667052477,0.6388888667052477,0.6388888667052477,0.6388888667052477,0.6423610888069067,0.6423610888069067,0.6423610888069067,0.6423610888069067,0.6423610888069067,0.6423610888069067,0.6423610888069067,0.6458333109085657,0.6458333109085657,0.6493055330102246,0.6527777551118835,0.6562499772135425,0.6631944214168605,0.6666666435185193,0.6701388656201783,0.6805555319251552,0.6874999761284731,0.6909721982301321,0.694444420331791,0.7048610866367679,0.7083333087384268,0.7152777529417448,0.7222221971450626,0.7291666413483806,0.7395833076533574,0.7465277518566753,0.7534721960599933,0.7569444181616523,0.7638888623649701,0.7708333065682881,0.7847221949749239,0.7951388612799007,0.8055555275848776,0.8159721938898544,0.8298610822964902,0.8437499707031261,0.8576388591097619,0.8715277475163977,0.8784721917197157,0.8923610801263515,0.8993055243296694,0.9166666348379642,0.927083301142941,0.9340277453462589,0.9444444116512358,0.9479166337528947,0.9548610779562127,0.9652777442611895,0.9722221884645075,0.9791666326678253,0.9861110768711433,0.9930555210744612,0.9930555210744612,0.9999999652777791,0.9999999652777791,0.9999999652777791,0.9999999652777791,0.9999999652777791,0.9999999652777791,0.9965277431761201,0.9930555210744612,0.9930555210744612,0.9687499663628485,0.9479166337528947,0.923611079041282,0.8993055243296694,0.8645833033130799,0.8333333043981492,0.7986110833815597,0.7673610844666291,0.7395833076533574,0.701388864535109,0.6840277540268141,0.6458333109085657,0.5937499793836813,0.5590277583670917,0.5347222036554791,0.5034722047405485,0.49305553843557165,0.47569442792727684,0.4583333174189821,0.4479166511140052,0.43749998480902835,0.43055554060571044,0.43055554060571044,0.42361109640239253,0.4166666521990746,0.4166666521990746,0.4166666521990746,0.4166666521990746,0.41319443009741563,0.4166666521990746,0.4166666521990746,0.4166666521990746,0.4166666521990746,0.42013887430073354,0.42013887430073354,0.42013887430073354,0.42361109640239253,0.42708331850405146,0.43055554060571044,0.43055554060571044,0.43055554060571044,0.43402776270736937,0.43749998480902835,0.44444442901234626,0.4479166511140052,0.4513888732156642,0.461805539520641,0.4722222058256179,0.47569442792727684,0.4791666500289358,0.48263887213059475,0.48263887213059475,0.48958331633391267,0.48611109423225374,0.48611109423225374,0.48611109423225374,0.48958331633391267,0.48958331633391267,0.48958331633391267,0.48611109423225374,0.48611109423225374,0.48958331633391267,0.48611109423225374,0.48263887213059475,0.4791666500289358,0.4791666500289358,0.48263887213059475,0.48263887213059475,0.48958331633391267,0.48958331633391267,0.48958331633391267,0.48958331633391267,0.49305553843557165,0.49305553843557165,0.49305553843557165,0.48958331633391267,0.4652777616223,0.4548610953173231,0.4409722069106873,0.42708331850405146,0.41319443009741563,0.41319443009741563,0.4062499858940977,0.4062499858940977,0.39236109748746195,0.38194443118248506,0.37499998697916714,0.3645833206741903,0.3576388764708724,0.3402777659625776,0.33680554386091865,0.33333332175925967,0.32291665545428283,0.305555544945988,0.2951388786410112,0.27777776813271643,0.2708333239293985,0.26736110182773953,0.24999999131944478,0.22916665870949104,0.21874999240451418,0.19791665979456044,0.19444443769290148,0.18749999348958357,0.17361110508294775,0.16666666087962984,0.15972221667631192,0.15624999457465297,0.14583332826967613,0.1319444398630403,0.12152777355806343,0.11458332935474552,0.11319444051408192,0.10763888515142761,0.10763888515142761,0.10763888515142761,0.1006944409481097,0.09722221884645074,0.09374999674479179,0.09027777464313283,0.08680555254147387,0.08680555254147387,0.08333333043981492,0.08263888601948312,0.076388886236497,0.07291666413483806,0.07291666413483806,0.0680555531925155,0.06076388677903172,0.05659722025704096,0.053472220365547926,0.04861110942322537,0.044444442901234615,0.04097222079957566,0.03784722090808263,0.035069443226755426,0.031249998914930598,0.02951388786410112,0.028819443443769317,0.028819443443769317,0.028819443443769317,0.02777777681327164,0.02708333239293984,0.024305554711612685,0.024305554711612685,0.024305554711612685,0.021527777030285532,0.02083333260995373,0.02083333260995373,0.02083333260995373,0.017361110508294777,0.015624999457465299,0.013541666196469945,0.010416666304976865,0.007986110833815587,0.00694444420331791,0.006597221993152034,0.005555555362654309,0.005208333152488432,0.004513888732156632,0.004513888732156632,0.004513888732156632,0.0027777776813271544,0.0027777776813271544,0.0024305554711612784,0.0020833332609953535,0.0020833332609953535,0.0006944444203318008,0.00034722221016587575,0.0,0.0,0.0,0.0,0.0,0.0,0.0,0.0,0.0,0.0,0.0,0.0002777777681327105,0.0006944444203318008,0.002361111029128113,0.00340277765962579,0.003472222101658955,0.003472222101658955,0.003472222101658955,0.003472222101658955,0.004583333174189847,0.00694444420331791,0.00694444420331791,0.00694444420331791,0.008194444159915182,0.009999999652777775,0.010416666304976865,0.010694444073109577,0.012152777355806343,0.015833332783564844,0.017361110508294777,0.017361110508294777,0.020763888167920564,0.021944443682484622,0.024305554711612685,0.025624999110243074,0.028124999023437517,0.03104166558883105,0.034722221016589554,0.03888888753858031,0.045138887321566415,0.045138887321566415,0.04861110942322537,0.05208333152488433,0.05902777572820224,0.06944444203317911,0.07326388634500393,0.08055555275848778,0.08680555254147387,0.09027777464313283,0.09618055221595306,0.09965277431761202,0.1006944409481097,0.10555555189043225,0.10729166294126173,0.10868055178192529,0.11076388504292069,0.11805555145640448,0.12152777355806343,0.1319444398630403,0.14236110616801717,0.14583332826967613,0.15624999457465297,0.1701388829812888,0.17361110508294775,0.18402777138792462,0.2013888818962194,0.21180554820119626,0.21874999240451418,0.23263888081115,0.24652776921778582,0.2569444355227627,0.26736110182773953,0.28124999023437536,0.29166665653935225,0.3020833228443291,0.31944443335262385,0.33680554386091865,0.3506944322675545,0.3611110985725313,0.37499998697916714,0.38541665328414404,0.3958333195891209,0.4097222079957567,0.43055554060571044,0.44444442901234626,0.4513888732156642,0.4583333174189821,0.461805539520641,0.4652777616223,0.46874998372395893,0.47569442792727684,0.48263887213059475,0.48263887213059475,0.4965277605372306,0.49999998263888956,0.5034722047405485,0.5069444268422074,0.5138888710455254,0.5173610931471843,0.5243055373505022,0.5319444259741519,0.5354166480758108,0.538194425757138,0.5388888701774698,0.5388888701774698,0.5451388699604559,0.5486110920621149,0.5555555362654329,0.5562499806857646,0.5597222027874236,0.5624999804687507,0.5659722025704097,0.5659722025704097,0.5666666469907414,0.5701388690924004,0.5743055356143912,0.578472202136382
8265000,0.02395703759664655,0.022924406665756597,0.022717880479578578,0.022717880479578578,0.022717880479578578,0.022717880479578578,0.024783142341358477,0.027261456575494343,0.028913666064918207,0.028913666064918207,0.028913666064918207,0.028913666064918207,0.028913666064918207,0.028913666064918207,0.028913666064918207,0.028913666064918207,0.028913666064918207,0.028913666064918207,0.028913666064918207,0.028913666064918207,0.028913666064918207,0.03304418978847794,0.03304418978847794,0.03304418978847794,0.029326718437274173,0.029326718437274173,0.03139198029905404,0.033457242160833976,0.039239975373817564,0.039239975373817564,0.039239975373817564,0.039239975373817564,0.041305237235597425,0.041305237235597425,0.041718289607953395,0.043370499097377294,0.043370499097377294,0.043370499097377294,0.043370499097377294,0.043370499097377294,0.043370499097377294,0.043370499097377294,0.04378355146973333,0.04543576095915719,0.04543576095915719,0.045848813331513194,0.04750102282093706,0.047914075193293056,0.04956628468271692,0.04956628468271692,0.04956628468271692,0.04956628468271692,0.04956628468271692,0.04956628468271692,0.04956628468271692,0.04956628468271692,0.04956628468271692,0.05369680840627665,0.05369680840627665,0.057827332129836415,0.059892593991616276,0.064023117715176,0.06815364143873577,0.07021890330051564,0.07021890330051564,0.07021890330051564,0.07021890330051564,0.0722841651622955,0.07434942702407536,0.08261047447119485,0.08674099819475461,0.09087152191831435,0.09087152191831435,0.09087152191831435,0.09087152191831435,0.09087152191831435,0.09500204564187407,0.09913256936543384,0.10574140732312948,0.11152414053611306,0.11152414053611306,0.11152414053611306,0.11358940239789292,0.12185044984501242,0.13217675915391178,0.13217675915391178,0.13217675915391178,0.13424202101569163,0.14250306846281113,0.14911190642050676,0.1528293777717105,0.1528293777717105,0.15695990149527023,0.16315568708060985,0.1734819963895092,0.1821560962089847,0.19413461500730791,0.19619987686908782,0.21478723362510663,0.21478723362510663,0.23543985224290534,0.23543985224290534,0.25402720899892417,0.2560924708607041,0.2709623562655191,0.2767450894785028,0.27881035134028265,0.2973977080963015,0.3118545411287606,0.3180503267141002,0.3387029453318989,0.3593555639496976,0.3717471351203768,0.3841387062910561,0.400660801185295,0.41553068659011005,0.4221395245478058,0.45353150484685995,0.4630317094110472,0.5039238942742886,0.5245765128920873,0.5534901789570055,0.5724905880853803,0.6071869873632821,0.6369267581729124,0.6707970527061023,0.689797461834477,0.7104500804522758,0.7311026990700744,0.7517553176878732,0.7724079363056718,0.7914083454340467,0.8075173879559298,0.8203220114989649,0.8323005302972881,0.8393224206273397,0.8599750392451384,0.8756710293946655,0.8950844908953963,0.9062369049490074,0.9219328950985346,0.9297808901732981,0.9405202518545535,0.950433508791097,0.9735644416430314,0.978934122483659,0.9904995889096263,0.9995867411014577,0.9995867411014577,0.9995867411014577,0.9995867411014577,0.9999997934738137,0.9999997934738137,0.99628232212261,0.9809993843454391,0.9690208655471156,0.950020456418741,0.9363897281309937,0.8950844908953964,0.871540505671106,0.8434529443508996,0.8066912832112176,0.788103926455199,0.7525814224325852,0.7356462751659901,0.7129283946864117,0.691036618951545,0.6720362098231701,0.6484922245988796,0.6278396059810809,0.5993389922885187,0.5687731167341765,0.5493596552334458,0.5307722984774269,0.512184941721408,0.4944236897101013,0.4795538043052861,0.4630317094110472,0.44196603842089244,0.4324658338567052,0.4213134198030937,0.40107385355765107,0.39446501559995545,0.38042123493985236,0.3721601874927329,0.3717471351203768,0.3610077734391216,0.35522504022613793,0.3477900975237304,0.34696399277901835,0.34696399277901835,0.3453117832895945,0.3453117832895945,0.34159431193839085,0.3387029453318989,0.3387029453318989,0.3349854739806951,0.32631137416121964,0.32011558857588013,0.31226759350111655,0.30772401740520083,0.30028907470279337,0.2957454986068776,0.29120192251096183,0.2850061369256222,0.2771581418508588,0.27261456575494303,0.2684840420313833,0.2622882564460437,0.2565055232330601,0.2519619471371443,0.24989668527536443,0.24989668527536443,0.24452700443473688,0.23957037596646508,0.2337876427534815,0.23172238089170158,0.22965711902992167,0.22924406665756572,0.22924406665756572,0.225939647678718,0.22304828107222607,0.22098301921044625,0.21478723362510663,0.21478723362510663,0.21478723362510663,0.21478723362510663,0.21313502413568278,0.21106976227390287,0.20652618617798718,0.20322176719913937,0.2007434529650035,0.2007434529650035,0.20322176719913937,0.2069392385503432,0.2069392385503432,0.2069392385503432,0.20239566245442736,0.20033040059264753,0.19826513873086765,0.20033040059264753,0.20239566245442736,0.20280871482678342,0.20900450041212296,0.21478723362510663,0.21478723362510663,0.21478723362510663,0.21478723362510663,0.21478723362510663,0.21313502413568278,0.2106567099015469,0.20900450041212296,0.20280871482678342,0.20033040059264753,0.19826513873086765,0.19413461500730791,0.19413461500730791,0.19413461500730791,0.19413461500730791,0.19413461500730791,0.19413461500730791,0.19413461500730791,0.19413461500730791,0.19413461500730791,0.19413461500730791,0.19413461500730791,0.192069353145528,0.1850474628154766,0.1850474628154766,0.18463441044312057,0.17802557248542497,0.1734819963895092,0.1734819963895092,0.1734819963895092,0.17182978690008535,0.16935147266594947,0.16728621080416958,0.16315568708060985,0.1528293777717105,0.1528293777717105,0.1528293777717105,0.1528293777717105,0.1528293777717105,0.14952495879286276,0.1470466445587269,0.1470466445587269,0.144568330324591,0.1383725447392514,0.1383725447392514,0.13424202101569163,0.13217675915391178,0.13217675915391178,0.13217675915391178,0.13217675915391178,0.13011149729213192,0.12804623543035204,0.12598097356857216,0.12598097356857216,0.12432876407914825,0.12391571170679229,0.11854603086616469,0.11565466425967279,0.11152414053611306,0.11152414053611306,0.11152414053611306,0.11152414053611306,0.1098719310466892,0.10367614546134954,0.10119783122721371,0.09913256936543384,0.09087152191831435,0.09087152191831435,0.09087152191831435,0.09087152191831435,0.09087152191831435,0.08302352684355083,0.07682774125821126,0.0722841651622955,0.07021890330051564,0.07021890330051564,0.064023117715176,0.059892593991616276,0.05369680840627665,0.04956628468271692,0.04750102282093706,0.039239975373817564,0.03304418978847794,0.028913666064918207,0.028913666064918207,0.026889709440373916,0.02106567099015468,0.016522094894238986,0.014456833032459121,0.012391571170679221,0.01045022502060619,0.008261047447119493,0.008261047447119493,0.008261047447119493,0.008261047447119493,0.008261047447119493,0.006195785585339629,0.003634860876732577,0.0,0.0,0.0,0.0,0.0,0.0,0.0,0.0,0.003634860876732577,0.004130523723559765,0.004130523723559765,0.004130523723559765,0.005700122738512441,0.006195785585339629,0.006195785585339629,0.006939279855580411,0.008261047447119493,0.008261047447119493,0.008261047447119493,0.008261047447119493,0.008261047447119493,0.008261047447119493,0.008261047447119493,0.008261047447119493
8266820,0.014026399747029749,0.014026399747029749,0.014026399747029749,0.014026399747029749,0.014026399747029749,0.014026399747029749,0.014026399747029749,0.014026399747029749,0.014026399747029749,0.014026399747029749,0.014026399747029749,0.014026399747029749,0.009900988056726822,0.0057755763664240406,0.0057755763664240406,0.0037128705212725764,0.0016501646761211124,0.0037128705212725764,0.0037128705212725764,0.0037128705212725764,0.0037128705212725764,0.0037128705212725764,0.0037128705212725764,0.0037128705212725764,0.0037128705212725764,0.0020627058451514638,0.0,0.0,0.0041254116903029275,0.007838282211575504,0.007838282211575504,0.007838282211575504,0.00866336454963606,0.009900988056726822,0.011963693901878285,0.014026399747029749,0.014026399747029749,0.014026399747029749,0.014026399747029749,0.016089105592181213,0.015676564423150862,0.018151811437332677,0.020214517282483996,0.02227722312763546,0.02433992897278692,0.026402634817938385,0.030528046508241168,0.03259075235339263,0.03300329352242298,0.034653458198544096,0.034653458198544096,0.034653458198544096,0.034653458198544096,0.03671616404369556,0.038778869888847024,0.0424917404101196,0.04496698742430127,0.047029693269452735,0.047029693269452735,0.049092399114604196,0.05115510495975551,0.05528051665005844,0.05528051665005844,0.05528051665005844,0.05528051665005844,0.05528051665005844,0.05734322249520991,0.05734322249520991,0.05940592834036137,0.06146863418551268,0.06353134003066414,0.06353134003066414,0.06353134003066414,0.06559404587581562,0.06971945756611854,0.07178216341126986,0.07590757510157278,0.07590757510157278,0.07590757510157278,0.07797028094672426,0.08622110432732996,0.0924092218627842,0.09447192770793567,0.09653463355308713,0.09653463355308713,0.0985973393982386,0.10066004524339006,0.10891086862399577,0.11509898615945001,0.11716169200460148,0.11716169200460148,0.1212871036949044,0.12747522123035865,0.13778875045611583,0.13778875045611583,0.1563531030624787,0.15841580890763016,0.1666666322882359,0.17904286735914451,0.1976072199655074,0.2037953375009618,0.2202969842621732,0.2347359251782333,0.24092404271368756,0.2615511011652019,0.2615511011652019,0.2780527479264133,0.3028052180682306,0.3028052180682306,0.32343227651974493,0.32343227651974493,0.3440593349712593,0.3440593349712593,0.36468639342277365,0.36468639342277365,0.38531345187428795,0.3935642752548937,0.4059405103258023,0.42656756877731666,0.447194627228831,0.4843233324415568,0.4884487441318597,0.5297028610348884,0.5503299194864028,0.5730196837830686,0.6060229773054915,0.6328381532924601,0.6534652117439744,0.6679041526600346,0.6905939169567002,0.6947193286470031,0.7112209754082146,0.731848033859729,0.7359734455500319,0.7566005040015462,0.7772275624530606,0.7957919150594236,0.8184816793560893,0.855610384568815,0.9009899131621466,0.9092407365427525,0.9154288540782067,0.921616971613661,0.9752473235875981,0.983498146968204,0.9917489703488098,0.9917489703488098,0.9917489703488098,0.9938116761939612,0.9999997937294154,0.9938116761939612,0.9917489703488098,0.983498146968204,0.9773100294327498,0.9752473235875981,0.9711219118972955,0.921616971613661,0.9092407365427525,0.9009899131621466,0.8803628547106322,0.8638612079494209,0.8411714436527549,0.8184816793560893,0.8102308559754834,0.7937292092142719,0.7153463870985175,0.6947193286470031,0.6534652117439744,0.6101483889957943,0.5915840363894315,0.5627061545573113,0.5482672136412513,0.5297028610348884,0.509075802583374,0.49463686166731397,0.4884487441318597,0.4678216856803454,0.46369627399004243,0.4451319213836796,0.4306929804676196,0.41419133370640804,0.40387780448065086,0.3894388635645909,0.3708745109582279,0.36468639342277365,0.36468639342277365,0.3605609817324707,0.3481847466615622,0.33993392328095634,0.33168309990035066,0.3275576882100479,0.32343227651974493,0.32343227651974493,0.32343227651974493,0.32343227651974493,0.319306864829442,0.3069306297585335,0.3028052180682306,0.2945543946876249,0.2924916888424734,0.28630357130701917,0.2821781596167162,0.275990042081262,0.2718646303909591,0.2615511011652019,0.2615511011652019,0.2615511011652019,0.2594883953200504,0.2615511011652019,0.2594883953200504,0.25123757193944474,0.24092404271368756,0.24092404271368756,0.24092404271368756,0.23679863102338464,0.2347359251782333,0.23267321933308185,0.23267321933308185,0.23267321933308185,0.23679863102338464,0.23886133686853608,0.24092404271368756,0.24092404271368756,0.23886133686853608,0.23061051348793038,0.22442239595247612,0.22442239595247612,0.2202969842621732,0.2202969842621732,0.2202969842621732,0.2202969842621732,0.2202969842621732,0.21823427841702175,0.2202969842621732,0.2202969842621732,0.2202969842621732,0.2202969842621732,0.21617157257187028,0.21410886672671897,0.2058580433461131,0.2058580433461131,0.2120461608815675,0.2120461608815675,0.21617157257187028,0.21617157257187028,0.21617157257187028,0.2120461608815675,0.2120461608815675,0.2058580433461131,0.2058580433461131,0.2037953375009618,0.19966992581065887,0.19966992581065887,0.19966992581065887,0.19966992581065887,0.19966992581065887,0.1976072199655074,0.19554451412035592,0.19554451412035592,0.19141910243005314,0.1893563965849017,0.18729369073975022,0.18523098489459877,0.18523098489459877,0.18316827904944744,0.17904286735914451,0.17904286735914451,0.17285474982369026,0.1707920439785388,0.1625412205979331,0.16047851475278163,0.15841580890763016,0.15841580890763016,0.15841580890763016,0.15841580890763016,0.1563531030624787,0.1563531030624787,0.15429039721732724,0.15429039721732724,0.15222769137217593,0.15016498552702445,0.148102279681873,0.148102279681873,0.148102279681873,0.15016498552702445,0.15016498552702445,0.15222769137217593,0.15222769137217593,0.15222769137217593,0.15429039721732724,0.15429039721732724,0.15429039721732724,0.15429039721732724,0.15429039721732724,0.15222769137217593,0.15222769137217593,0.15222769137217593,0.15222769137217593,0.15222769137217593,0.15429039721732724,0.148102279681873,0.148102279681873,0.14191416214641875,0.13778875045611583,0.13778875045611583,0.13778875045611583,0.127887762399389,0.11716169200460148,0.11716169200460148,0.11716169200460148,0.11716169200460148,0.11716169200460148,0.11716169200460148,0.10313529225757187,0.09653463355308713,0.09447192770793567,0.07590757510157278,0.07590757510157278,0.07590757510157278,0.06559404587581562,0.05734322249520991,0.05528051665005844,0.05528051665005844,0.048267316776543494,0.04290428157914981,0.04290428157914981,0.03712870521272591,0.034653458198544096,0.034653458198544096,0.034653458198544096,0.034653458198544096,0.034653458198544096,0.03135312884630187,0.02846534066308985,0.02433992897278692,0.02433992897278692,0.02433992897278692,0.02433992897278692,0.02433992897278692,0.02433992897278692,0.02227722312763546,0.016501646761211564,0.0144389409160601,0.014026399747029749,0.016501646761211564,0.0144389409160601,0.014026399747029749,0.014026399747029749,0.014026399747029749,0.014026399747029749,0.014026399747029749,0.014026399747029749,0.014026399747029749,0.014026399747029749,0.014026399747029749,0.014026399747029749,0.014026399747029749,0.014026399747029749,0.014026399747029749,0.014026399747029749,0.014026399747029749,0.014026399747029749,0.014026399747029749,0.014026399747029749,0.014026399747029749,0.014026399747029749
8269000,0.010288062315479308,0.010288062315479308,0.010288062315479308,0.010288062315479308,0.010288062315479308,0.010288062315479308,0.010288062315479308,0.009945126904963339,0.010013713987066557,0.010013713987066557,0.009670778576550557,0.009670778576550557,0.009945126904963339,0.008916320673415398,0.008916320673415398,0.008230449852383429,0.008230449852383429,0.007956101523970647,0.007338817785041925,0.0068587082103195186,0.0068587082103195186,0.006584359881906737,0.005555553650358797,0.003566528269366135,0.0034293541051597593,0.0034293541051597593,0.0034293541051597593,0.0034293541051597593,0.0034293541051597593,0.0034293541051597593,0.0034293541051597593,0.0017832641346831285,0.0,0.0,0.0002743483284128124,0.0,0.0,0.0017832641346831285,0.0034293541051597593,0.0034293541051597593,0.0017832641346831285,0.0034293541051597593,0.0034293541051597593,0.0034293541051597593,0.0034293541051597593,0.005486966568255609,0.0068587082103195186,0.009739365658653744,0.010288062315479308,0.013717416420639068,0.015980790130044543,0.018930034660481987,0.020576124630958616,0.024005478736118375,0.027434832841278164,0.030864186946437926,0.034636476462113715,0.037722895156757474,0.04115224926191723,0.044581603367077026,0.04561040959862497,0.051165963248983794,0.05486966568255633,0.058299019787716094,0.060562393497121565,0.06454044425910692,0.06598077298327401,0.06858708210319543,0.06968447541684655,0.07304524243990312,0.07887514441867474,0.08573385262899429,0.0925925608393138,0.10054866236328448,0.1063099772599529,0.11659803957543224,0.12345674778575176,0.13525372590750134,0.14211243411782093,0.15267484476171303,0.1669409578391777,0.17489705936314834,0.18244163839449992,0.20233189220442654,0.20919060041474605,0.2194786627302254,0.23662543325602425,0.24348414146634376,0.25102872049769537,0.2777776825179415,0.2818929074441332,0.30589838618025167,0.31892993177985873,0.33607670230565756,0.3463647646211369,0.3806583056727346,0.3847735305989265,0.41495184672433233,0.41495184672433233,0.4252399090398117,0.44924538777593004,0.4567899668072815,0.48353892882752775,0.48353892882752775,0.508230278384678,0.5356651112259564,0.5521260109307232,0.5630999440672345,0.586419551982321,0.6207130930339186,0.6282576720652702,0.6550066340855164,0.6893001751371142,0.6893001751371142,0.7235937161887118,0.7578872572403096,0.7647459654506289,0.7921807982919072,0.8127569229228659,0.826474339343505,0.8628254928581989,0.8950614214467004,0.9060353545832117,0.9094647086883715,0.9293549624982981,0.9293549624982981,0.9540463120554487,0.9636485035498958,0.964334374370928,0.9780517907915672,0.9979420446014936,0.9979420446014936,0.9999996570645895,0.9979420446014936,0.9979420446014936,0.9979420446014936,0.9979420446014936,0.9951985613173658,0.9725648242233117,0.9636485035498958,0.9327843166034582,0.9094647086883715,0.8950614214467004,0.8923179381625727,0.8765429092788377,0.8607678803951027,0.8545950430058151,0.827160210164537,0.8203015019542174,0.7894373150077795,0.7448557116407023,0.7235937161887118,0.6893001751371142,0.6550066340855164,0.6495196675172609,0.6207130930339186,0.586419551982321,0.556927106677947,0.5192042115211895,0.5075444075636462,0.48353892882752775,0.45610409598624957,0.4300410047870354,0.41495184672433233,0.3916322388092459,0.37722895156757486,0.3539093436524885,0.3463647646211369,0.316872319316763,0.3024690320750919,0.28875161565445284,0.27846355333897344,0.26748962020246214,0.24759936639253546,0.24348414146634376,0.22702324176157684,0.20919060041474605,0.20644711713061828,0.19272970070997913,0.17489705936314834,0.17379966604949726,0.164608997047669,0.1604937721214773,0.15377223807536416,0.14581613655139344,0.140740692475757,0.13717416420639086,0.13278459095178635,0.1289437143540074,0.1268861018909115,0.1268861018909115,0.12572012149515724,0.12469131526360927,0.12229076738999747,0.11975304535217925,0.1181069553817025,0.11467760127654274,0.11117966008927982,0.11008226677562863,0.1067214997525721,0.10336073272951551,0.09958844321383976,0.09753083075074388,0.09554180536975122,0.0925925608393138,0.09122081919724989,0.09005483880149558,0.08916320673415405,0.08827157466681251,0.087037007188955,0.08353906600169203,0.0823044985238345,0.08141286645649297,0.07990395065022268,0.07901231858288114,0.07901231858288114,0.07990395065022268,0.07990395065022268,0.0823044985238345,0.0823044985238345,0.0823044985238345,0.07983536356811946,0.07572013864192777,0.07455415824617345,0.0723593716188712,0.07386828742514147,0.07201643620835518,0.06831273377478264,0.06796979836426664,0.06536348924434526,0.06536348924434526,0.06790121128216346,0.06803838544636986,0.06790121128216346,0.06790121128216346,0.06790121128216346,0.06790121128216346,0.06790121128216346,0.06680381796851237,0.06790121128216346,0.06858708210319543,0.06893001751371143,0.06893001751371143,0.06858708210319543,0.06790121128216346,0.06639229547589318,0.06515772799803564,0.06515772799803564,0.06378598635597173,0.06172837389287588,0.058299019787716094,0.058299019787716094,0.05486966568255633,0.05486966568255633,0.05486966568255633,0.05486966568255633,0.05486966568255633,0.05425238194362761,0.05336074987628605,0.05336074987628605,0.05336074987628605,0.052880640301563704,0.05144031157739657,0.05144031157739657,0.05144031157739657,0.05144031157739657,0.05144031157739657,0.05144031157739657,0.05144031157739657,0.05144031157739657,0.05144031157739657,0.05048009242795185,0.050068569935332666,0.049382699114300696,0.04814813163644319,0.048010957472236784,0.048010957472236784,0.048010957472236784,0.048010957472236784,0.048010957472236784,0.046913564158585684,0.04663921583017287,0.046913564158585684,0.046913564158585684,0.046913564158585684,0.04746226081541125,0.048010957472236784,0.048010957472236784,0.048010957472236784,0.048010957472236784,0.048010957472236784,0.04732508665120484,0.046364867501760124,0.04602193209124412,0.04602193209124412,0.04602193209124412,0.0462962804196569,0.04602193209124412,0.04561040959862497,0.04526747418810896,0.04492453877759299,0.04492453877759299,0.04492453877759299,0.04492453877759299,0.04492453877759299,0.044993125859696184,0.04492453877759299,0.04492453877759299,0.044993125859696184,0.044993125859696184,0.04533606127021218,0.04567899668072818,0.04602193209124412,0.04595334500914093,0.04561040959862497,0.044993125859696184,0.044581603367077026,0.0436213842176323,0.04286692631449714,0.04115224926191723,0.04087790093350445,0.04087790093350445,0.04012344303036933,0.03978050761985332,0.03854594014199582,0.037722895156757474,0.03641974059679675,0.034293541051597716,0.034293541051597716,0.033264734820049775,0.03271603816322421,0.03230451567060502,0.030864186946437926,0.030589838618025143,0.027572007005484574,0.027434832841278164,0.027434832841278164,0.027434832841278164,0.027434832841278164,0.026817549102349413,0.026063091199214256,0.024005478736118375,0.024005478736118375,0.024005478736118375,0.022359388765641683,0.022359388765641683,0.022359388765641683,0.022016453355125715,0.022908085422467247,0.024005478736118375,0.024005478736118375,0.021673517944609776,0.020576124630958616,0.020576124630958616,0.020576124630958616,0.020576124630958616,0.020576124630958616,0.020576124630958616,0.020576124630958616,0.018998621742585143,0.018175576757346767,0.017146770525798858,0.017146770525798858,0.017146770525798858,0.016598073868973294,0.016186551376354136
8271000,0.010467546940841952,0.010467546940841952,0.010467546940841952,0.010467546940841952,0.010467546940841952,0.010467546940841952,0.008374037552673543,0.007327282858589371,0.006978364627227948,0.006978364627227948,0.006978364627227948,0.006978364627227948,0.006978364627227948,0.006978364627227948,0.006978364627227948,0.006978364627227948,0.006978364627227948,0.006978364627227948,0.006978364627227948,0.006420095457049741,0.005652475348054655,0.0035589659598862463,0.003489182313613974,0.003489182313613974,0.003489182313613974,0.003489182313613974,0.002861129497163495,0.001744591156806987,0.0009071874015396295,0.0,0.0,0.0,0.0,0.0,0.0,0.0,0.0,0.0,0.0011863219866287487,0.003489182313613974,0.003489182313613974,0.003489182313613974,0.003489182313613974,0.003489182313613974,0.003489182313613974,0.003489182313613974,0.003489182313613974,0.003489182313613974,0.003489182313613974,0.0038381005449753653,0.0043265860688813315,0.006978364627227948,0.006978364627227948,0.006978364627227948,0.007745984736223034,0.010188412355752834,0.010816465172203344,0.011933003512559852,0.013328676438005418,0.016050238642624337,0.01919050272487692,0.020935093881683905,0.021004877527956208,0.0223307668071295,0.02407535796393649,0.02491276171920388,0.027913458508911887,0.028332160386545548,0.03112350623743674,0.034891823136139866,0.03768316898703106,0.038450789096026144,0.042428456933546084,0.04542915372325409,0.048848552390595795,0.05143054730267017,0.05443124409237818,0.05792042640599215,0.05931609933143774,0.06629446395866573,0.07117931919772533,0.0785066020563147,0.08213535166247321,0.08527561574472582,0.09071874015396364,0.09420792246757762,0.09637121550201833,0.1018841235575284,0.10816465172203357,0.11514301634926155,0.12267965014666779,0.12700623621554907,0.13161195686951957,0.13859032149674752,0.14389387861344077,0.1512211614720302,0.1570132041126294,0.16399156873985735,0.17096993336708535,0.1779482979943133,0.1859036336693533,0.19539420956238324,0.19539420956238324,0.20586175650322522,0.2302860326985231,0.2302860326985231,0.23098386916124589,0.25471030889382096,0.26517785583466297,0.26517785583466297,0.2756454027755049,0.2791345850891189,0.29658049665718883,0.30006967897080283,0.3042566977471396,0.32798313747971475,0.3349615021069427,0.33565933856966546,0.36985332524308256,0.38450789096026133,0.40474514837922243,0.41870187763367833,0.4396369715153623,0.46196773832249194,0.47452879465150216,0.509420617787642,0.513607636563979,0.5443124409237818,0.5554778243273466,0.5938588297771006,0.6140960871960617,0.6427073821676964,0.6489879103322015,0.6838797334683414,0.6943472804091833,0.7187715566044812,0.7536633797406211,0.7857638570258698,0.8039076050566627,0.8408929375809708,0.8583388491490407,0.8869501441206754,0.9155614390923101,0.9281224954213204,0.9288203318840433,0.9351008600485483,0.9574316268556781,0.9874385947527583,0.9979061416936001,0.9979061416936001,0.9999996510817687,0.9999996510817687,0.9979061416936001,0.9874385947527583,0.949755425765727,0.9316116777349345,0.9218419672568153,0.9057917286141912,0.8932306722851806,0.8757847607171106,0.8555475032981495,0.8206556801620097,0.7773898194731965,0.7418001598743337,0.7187715566044812,0.6838797334683414,0.6538727655712612,0.6182831059723983,0.5792042640599218,0.5443124409237818,0.5143054730267017,0.5066292719367509,0.47801797696511616,0.4577807195461551,0.4396369715153623,0.42079538702184693,0.40474514837922243,0.4019538025283313,0.38729923681115247,0.3768316898703105,0.36985332524308256,0.35659443245134936,0.33984635734600244,0.3349615021069427,0.33217015625605156,0.31751559053887274,0.3105372259116448,0.3007675154335256,0.30006967897080283,0.30006967897080283,0.29658049665718883,0.28681078617906963,0.2826237674027329,0.2721562204618909,0.2658756922973857,0.26517785583466297,0.26517785583466297,0.26168867352104896,0.258199491207435,0.25471030889382096,0.25191896304292977,0.24842978072931582,0.24075357963936508,0.23377521501213708,0.2302860326985231,0.2302860326985231,0.2302860326985231,0.22679685038490913,0.22051632222040402,0.21004877527956203,0.2093509388168392,0.20586175650322522,0.1988833918759972,0.19539420956238324,0.19539420956238324,0.19539420956238324,0.19504529133102183,0.19504529133102183,0.19295178194285342,0.1919748108950415,0.1923935127726752,0.19190502724876926,0.18869497952024444,0.18841584493515529,0.18743887388734334,0.1868108210708928,0.1852755808529027,0.18457774439017985,0.1829727205259175,0.1798324564436649,0.1779482979943133,0.1769015433002291,0.1755058703747835,0.17445911568069933,0.17445911568069933,0.17445911568069933,0.17445911568069933,0.17180733712235274,0.17110950065962996,0.17110950065962996,0.17110950065962996,0.17110950065962996,0.17096993336708535,0.1706907987819962,0.16971382773418428,0.166643347298204,0.16608507812802575,0.16399156873985735,0.16050238642624337,0.16050238642624337,0.15854844433061957,0.15464056013937189,0.15352402179901542,0.1500348394854014,0.14836003197486672,0.14661544081805972,0.14591760435533693,0.14305647485817344,0.14305647485817344,0.14082339817746048,0.13977664348337632,0.13956729254455946,0.13921837431319806,0.13747378315639106,0.1362176775234901,0.1360781102309455,0.13468243730549992,0.13258892791733146,0.13077455311425226,0.1293090965425344,0.12909974560371748,0.12909974560371748,0.1284019091409947,0.1256105632901035,0.1256105632901035,0.12407532307211336,0.12212138097648953,0.12156311180631128,0.1194696024181429,0.11863219866287553,0.11863219866287553,0.1159804201045289,0.11514301634926155,0.11514301634926155,0.11179340132819211,0.11137469945055842,0.10823443536830588,0.10586179139504834,0.10404741659196905,0.10334958012924628,0.10125607074107786,0.1011862870948056,0.09881364312154813,0.09769710478119162,0.09420792246757762,0.09197484578686471,0.08848566347325068,0.08597345220744865,0.08318210635655746,0.08199578436992867,0.08032097685939396,0.07927422216530979,0.07683179454577999,0.07676201089950768,0.0757152562054235,0.0732728285858937,0.07096996825890847,0.06978364627227973,0.06880667522446783,0.06629446395866573,0.06559662749594294,0.06280528164505175,0.06189809424351215,0.06036285402552195,0.059525450270254625,0.058688046514987234,0.05624561889545746,0.053105354813204886,0.05177946553403156,0.04961617249959091,0.04856941780550667,0.045847855600887784,0.04535937007698182,0.04417304809035307,0.04187018776336781,0.04187018776336781,0.04187018776336781,0.03838100544975384,0.03810187086466472,0.034891823136139866,0.034891823136139866,0.034891823136139866,0.03314723197933285,0.03140264082252586,0.03140264082252586,0.030006967897080263,0.028611294971634667,0.027913458508911887,0.027913458508911887,0.027913458508911887,0.027913458508911887,0.025819949120743476,0.025122112658020695,0.02442427619529788,0.02442427619529788,0.023028603269852316,0.021284012113045297,0.020935093881683905,0.020935093881683905,0.020935093881683905,0.020935093881683905,0.020935093881683905,0.020935093881683905,0.020586175650322516,0.0198883391875997,0.017445911568069933,0.017445911568069933,0.015422185826173796,0.013956729254455928,0.013956729254455928,0.013956729254455928,0.013956729254455928,0.013956729254455928,0.012561056329010332,0.012281921743921212,0.01221213809764894
8276300,0.6108644210193708,0.6108644210193708,0.6108644210193708,0.6108644210193708,0.6108644210193708,0.6108644210193708,0.6108644210193708,0.6108644210193708,0.6108644210193708,0.6108644210193708,0.6108644210193708,0.615534043297516,0.622538476714734,0.6240950174741159,0.634990802789788,0.6435517769663878,0.6497779400039148,0.6505562103836057,0.65444756228206,0.6583389141805144,0.6622302660789687,0.6692346994961866,0.6731260513946411,0.6777956736727863,0.6886914589884586,0.6886914589884586,0.6886914589884586,0.6949176220259858,0.7159309222776394,0.7276049779730026,0.7276049779730026,0.7276049779730026,0.7314963298714571,0.7353876817699113,0.7431703855668201,0.7470617374652746,0.7517313597434199,0.763405415438783,0.7665184969575465,0.7665184969575465,0.7665184969575465,0.7665184969575465,0.7665184969575465,0.7665184969575465,0.7665184969575465,0.7665184969575465,0.7743012007544553,0.7781925526529098,0.782862174931055,0.7859752564498185,0.7867535268295095,0.7867535268295095,0.7859752564498185,0.7898666083482729,0.7976493121451818,0.7984275825248726,0.801540664043636,0.802318934423327,0.8054320159420905,0.8054320159420905,0.801540664043636,0.7984275825248726,0.7984275825248726,0.801540664043636,0.801540664043636,0.801540664043636,0.8054320159420905,0.8054320159420905,0.8054320159420905,0.8054320159420905,0.8054320159420905,0.8108799085999268,0.820997423535908,0.821775693915599,0.821775693915599,0.820997423535908,0.8171060716374536,0.8248887754343625,0.8256670458140535,0.841232453407871,0.8443455349266344,0.8443455349266344,0.8443455349266344,0.8443455349266344,0.8451238053063254,0.8443455349266344,0.8443455349266344,0.8451238053063254,0.8451238053063254,0.8443455349266344,0.8443455349266344,0.8482368868250891,0.8770328908736514,0.8832590539111783,0.8832590539111783,0.8832590539111783,0.8832590539111783,0.8972679207456145,0.9097202468206685,0.9221725728957223,0.9221725728957223,0.9221725728957223,0.9221725728957223,0.9221725728957223,0.9229508432754133,0.9385162508692309,0.945520684286449,0.9610860918802663,0.945520684286449,0.945520684286449,0.945520684286449,0.9610860918802663,0.9610860918802663,0.9610860918802663,0.9610860918802663,0.9750949587147025,0.9999996108648102,0.9999996108648102,0.9688687956771757,0.9610860918802663,0.9610860918802663,0.9610860918802663,0.9610860918802663,0.9688687956771757,0.9610860918802663,0.9610860918802663,0.9385162508692309,0.9377379804895398,0.9221725728957223,0.9221725728957223,0.8988244615049958,0.8863721354299421,0.8832590539111783,0.8676936463173611,0.8443455349266344,0.8077668270811634,0.7680750377169284,0.7665184969575465,0.7291615187323844,0.6886914589884586,0.6521127511429877,0.6163123136772074,0.6108644210193708,0.5719509020348268,0.5050196493814119,0.49412386406573894,0.455210345081195,0.4162968260966511,0.378161577491798,0.37738330711210716,0.36648752179643496,0.3384697881275632,0.30889551369930995,0.27309507623352947,0.2388511795271309,0.22172923117393137,0.2022724716816594,0.19137668636598715,0.17503300839247868,0.1524631673814432,0.1364307975598111,0.12460108778850969,0.10732348535937222,0.10171993862559792,0.09798424080308174,0.08942326662648198,0.0855319147280276,0.08164056282957322,0.0777492109311188,0.07012216121014819,0.06607515523575562,0.062183803337301245,0.05829245143884683,0.05440109954039245,0.05019843949006168,0.04412793052847291,0.042727043845029275,0.040158751592049416,0.036656534883440464,0.036656534883440464,0.03517782116202775,0.03494434004812048,0.03494434004812048,0.03494434004812048,0.031052988149666064,0.031052988149666064,0.031052988149666064,0.027161636251211686,0.02358159250463369,0.017588910581013858,0.016810640201323033,0.01548758055584851,0.01548758055584851,0.015176272403972159,0.011596228657394096,0.011284920505517744,0.009339244556290588,0.007860530834877874,0.007704876758939715,0.006459644151434343,0.004280487088299915,0.0038135248604853353,0.0038135248604853353,0.0038135248604853353,0.0038135248604853353,0.0035022167086089834,0.002490465215010849,0.0038135248604853353,0.0038135248604853353,0.0038135248604853353,0.0038135248604853353,0.0025682922529799627,0.0007004433417218174,0.0,0.0007004433417218174,0.0038135248604853353,0.0038135248604853353,0.011596228657394096,0.011907536809270482,0.022958976200880953,0.023270284352757305,0.023659419542602735,0.02435986288432459,0.027161636251211686,0.031052988149666064,0.03151995037748064,0.03377693447858415,0.03401041559249146,0.03377693447858415,0.03401041559249146,0.03401041559249146,0.03401041559249146,0.03494434004812048,0.03494434004812048,0.03494434004812048,0.03494434004812048,0.03494434004812048,0.03494434004812048,0.03494434004812048,0.03494434004812048,0.03572261042781141,0.03883569194657486,0.04093702197174024,0.04280487088299836,0.04661839574348366,0.046696222781452766,0.0470853579712982,0.05074322875584534,0.05440109954039245,0.05603546733774329,0.05844810551478502,0.0623394574132394,0.06303990075496121,0.06615298227372474,0.06732038784326107,0.06802083118498285,0.07004433417217912,0.07144522085562269,0.07385785903266442,0.07440264829844805,0.0777492109311188,0.07992836799425329,0.08164056282957322,0.08327493062692409,0.08522060657615124,0.08576539584193486,0.0875554177152239,0.09331461852493639,0.09331461852493639,0.09642770004369991,0.10210907381544335,0.10522215533420684,0.10903568019469213,0.1112926642957957,0.11284920505517744,0.11962015735848813,0.12366716333288068,0.13191682935760402,0.1361194894079347,0.14390219320484351,0.15394188110285587,0.16616072606400267,0.1777569547213967,0.18328267441720197,0.1909097241381726,0.20126072018806127,0.21822701446532244,0.22172923117393137,0.23729463876774898,0.2606427501584753,0.2606427501584753,0.2645341020569297,0.28399086154920167,0.2956649172445649,0.3003345395227101,0.307338972939928,0.31901302863529124,0.3314653547103454,0.3384697881275632,0.3423611400260176,0.3501438438229264,0.3696006033151984,0.37738330711210716,0.39761833698406995,0.4162968260966511,0.4162968260966511,0.4279708817920143,0.4520972635624316,0.455210345081195,0.474667104573467,0.4863411602688302,0.49412386406573894,0.49412386406573894,0.4980152159641934,0.5096892716595565,0.5174719754564654,0.5213633273549196,0.5291460311518285,0.5330373830502829,0.5330373830502829,0.5369287349487374,0.5377070053284283,0.5486027906441004,0.5486027906441004,0.5524941425425549,0.5524941425425549,0.5602768463394636,0.5719509020348268,0.5719509020348268,0.5719509020348268,0.5836249577301901,0.5882945800083353,0.6030817172224621,0.6069730691209163,0.6069730691209163,0.6069730691209163,0.6108644210193708,0.6108644210193708,0.6108644210193708,0.6108644210193708,0.6108644210193708,0.6108644210193708,0.6108644210193708,0.6108644210193708,0.6108644210193708,0.6108644210193708,0.6108644210193708,0.6108644210193708,0.6108644210193708,0.6108644210193708,0.6108644210193708,0.6108644210193708,0.6077513395006073,0.6069730691209163,0.6069730691209163,0.6038599876021529,0.5999686357036984,0.5991903653240076,0.5991903653240076,0.5991903653240076,0.5991903653240076,0.5952990134255532,0.5952990134255532,0.5797336058317356,0.5735074427942087,0.5735074427942087
8276500,0.6276256961290361,0.624443010043189,0.624443010043189,0.624443010043189,0.6269891589118664,0.6276256961290361,0.6276256961290361,0.6301718449977134,0.6333545310835604,0.6339910683007302,0.6371737543865772,0.6371737543865772,0.6403564404724242,0.6429025893411016,0.6429025893411016,0.6460852754269485,0.6460852754269485,0.6460852754269485,0.6460852754269485,0.6467218126441183,0.6460852754269485,0.6460852754269485,0.6460852754269485,0.6460852754269485,0.6460852754269485,0.6467218126441183,0.6492679615127955,0.6499044987299654,0.656269870901659,0.6588160197703367,0.6626352430733534,0.6651813919420307,0.6715467641137248,0.6721833013308945,0.6779121362854189,0.684277508457113,0.6880967317601298,0.6912794178459768,0.7001909388863482,0.7033736249721952,0.7065563110580423,0.7161043693155834,0.7224697414872774,0.7320177997448185,0.7383831719165126,0.7447485440882067,0.7549331395629175,0.7638446606032889,0.7772119421638468,0.7835773143355406,0.7956715214617593,0.8115849518909944,0.8274983823202297,0.8440483499666346,0.8593252431787001,0.8688733014362412,0.8822405829967991,0.8975174762088645,0.9070655344664056,0.9140674438552694,0.9261616509814878,0.9363462464561985,0.9452577674965701,0.9490769907995866,0.9579885118399581,0.9707192561833463,0.974538479486363,0.9770846283550404,0.980903851658057,0.9898153726984286,0.9929980587842756,0.9968172820872921,0.9999999681731392,0.9999999681731392,0.9999999681731392,0.9999999681731392,0.9999999681731392,0.9936345960014451,0.9929980587842756,0.9898153726984286,0.9866326866125815,0.9739019422691934,0.9522596768854337,0.9236155021128102,0.8886059551684931,0.8593252431787001,0.8147676379768415,0.7810311654668628,0.770210032774983,0.7581158256487642,0.7320177997448185,0.7141947576640755,0.7065563110580423,0.6855505828914518,0.6619987058561837,0.6339910683007302,0.6148949517856479,0.5932526864018877,0.5767027187554835,0.5518777672858761,0.5416931718111657,0.5321451135536249,0.5219605180789141,0.5194143692102368,0.5194143692102368,0.5219605180789141,0.5225970552960838,0.5225970552960838,0.5219605180789141,0.5219605180789141,0.5219605180789141,0.5219605180789141,0.5219605180789141,0.5225970552960838,0.5251432041647611,0.5270528158162694,0.5346912624223022,0.5346912624223022,0.5346912624223022,0.5378739485081493,0.5378739485081493,0.5416931718111657,0.5474220067656904,0.5544239161545539,0.5646085116292643,0.5792488676241607,0.5887969258817018,0.5951622980533959,0.5996180585735821,0.6117122656998009,0.6174411006543252,0.6174411006543252,0.6174411006543252,0.6148949517856479,0.6142584145684782,0.6142584145684782,0.6142584145684782,0.6142584145684782,0.615531489002817,0.615531489002817,0.615531489002817,0.615531489002817,0.615531489002817,0.615531489002817,0.615531489002817,0.615531489002817,0.621260323957342,0.6238064728260193,0.6269891589118664,0.6346276055178991,0.6429025893411016,0.6429025893411016,0.6429025893411016,0.6403564404724242,0.6371737543865772,0.624443010043189,0.6180776378714946,0.6142584145684782,0.5996180585735821,0.5830680909271775,0.5569700650232315,0.5429662462455046,0.5251432041647611,0.5162316831243894,0.5015913271294932,0.48122213618007237,0.4678548546195145,0.45830679636197336,0.45257796140744866,0.4252068610691642,0.39910883516521856,0.38192233030164446,0.3704646603925954,0.34754932057449694,0.32908974127658375,0.32463398075639777,0.296626343200944,0.2838955988575559,0.27689368946869225,0.26479948234247364,0.2558879613021019,0.24252067974154437,0.23233608426683372,0.22342456322646215,0.20814767001439635,0.19478038845383883,0.18841501628214474,0.18459579297912815,0.1814131068932811,0.1782304208074341,0.16931889976706252,0.16231699037819888,0.15658815542367438,0.1502227832519803,0.1464035599489637,0.14322087386311666,0.14003818777726965,0.1368555016914226,0.13367281560557556,0.12221514569652633,0.11521323630766271,0.11203055022181567,0.10502864083295223,0.09929980587842753,0.09866326866125816,0.09611711979258049,0.09293443370673345,0.08975174762088642,0.08338637544919233,0.08274983823202296,0.07383831719165122,0.07001909388863482,0.07001909388863482,0.06747294501995715,0.06683640780278778,0.06365372171694074,0.06365372171694074,0.06365372171694074,0.060471035631093704,0.05792488676241604,0.05728834954524667,0.054742200676569,0.054105663459399635,0.05092297737355259,0.04774029128770556,0.04455760520185852,0.04455760520185852,0.04137491911601148,0.038192233030164446,0.03564608416148678,0.03182686085847037,0.028644174772623335,0.025461488686776296,0.025461488686776296,0.025461488686776296,0.02227880260092926,0.02227880260092926,0.019096116515082223,0.019096116515082223,0.015913430429235185,0.012730744343388148,0.012730744343388148,0.012730744343388148,0.012730744343388148,0.012730744343388148,0.012730744343388148,0.009548058257541112,0.0070019093888634455,0.006365372171694074,0.006365372171694074,0.0038192233030164085,0.003182686085847037,0.003182686085847037,0.003182686085847037,0.0006365372171693712,0.0006365372171693712,0.0006365372171693712,0.0,0.0,0.003182686085847037,0.003182686085847037,0.003182686085847037,0.003182686085847037,0.003182686085847037,0.003182686085847037,0.003182686085847037,0.003182686085847037,0.003182686085847037,0.006365372171694074,0.006365372171694074,0.006365372171694074,0.009548058257541112,0.009548058257541112,0.012730744343388148,0.012730744343388148,0.012730744343388148,0.012730744343388148,0.015913430429235185,0.016549967646404557,0.019096116515082223,0.019096116515082223,0.02291533981809863,0.02609802590394567,0.028644174772623335,0.03500954694431741,0.03564608416148678,0.042011456333180854,0.04519414241902789,0.04774029128770556,0.05728834954524667,0.06365372171694074,0.06429025893411011,0.07320177997448185,0.0802036893633453,0.08911521040371705,0.09229789648956407,0.09866326866125816,0.09866326866125816,0.10248249196427456,0.1113940130046463,0.11521323630766271,0.12094207126218741,0.124761294565204,0.12730744343388148,0.13749203890859216,0.1464035599489637,0.15595161820650483,0.15977084150952142,0.16868236254989297,0.1782304208074341,0.19096116515082223,0.20114576062553288,0.21642265383759854,0.22342456322646215,0.22915339818098668,0.23551877035268076,0.24188414252437482,0.25206873799908547,0.2679821684283207,0.2928071198979274,0.3061744014584851,0.31572245971602625,0.3278166668422448,0.340547411185633,0.3513685438775128,0.3691915859582563,0.3755569581299504,0.38192233030164446,0.39210692577635514,0.40101844681672666,0.40738381898842074,0.4239337866348255,0.4404837542812299,0.44875873810443223,0.4519414241902793,0.4678548546195145,0.4678548546195145,0.4678548546195145,0.47167407792253124,0.4742202267912085,0.48376828504874964,0.4907701944376131,0.4964990293921378,0.4964990293921378,0.49968171547798484,0.5028644015638318,0.5098663109526956,0.5130489970385427,0.5251432041647611,0.5315085763364552,0.5410566345939963,0.5410566345939963,0.5474220067656904,0.5537873789373845,0.5569700650232315,0.5633354371949256,0.5665181232807727,0.5671546604979419,0.5767027187554835,0.5792488676241607,0.5824315537100078,0.5856142397958548,0.5894334630988716,0.5919796119675489,0.5932526864018877,0.6021642074422597
8279000,0.33607470353743857,0.33570087183161273,0.3364485352432644,0.3401868523015229,0.3420560108306522,0.34168217912482635,0.3413083474190005,0.3401868523015229,0.3401868523015229,0.3401868523015229,0.34168217912482635,0.3420560108306522,0.3420560108306522,0.3420560108306522,0.3420560108306522,0.3420560108306522,0.3420560108306522,0.3420560108306522,0.3420560108306522,0.3420560108306522,0.3420560108306522,0.3420560108306522,0.3420560108306522,0.3420560108306522,0.3420560108306522,0.3420560108306522,0.3420560108306522,0.3420560108306522,0.3457943278889107,0.3457943278889107,0.34392516935978146,0.3457943278889107,0.3551401205345569,0.3551401205345569,0.3551401205345569,0.3551401205345569,0.3551401205345569,0.3551401205345569,0.3607475961219446,0.3607475961219446,0.3607475961219446,0.3607475961219446,0.3607475961219446,0.3644859131802031,0.3663550717093324,0.3663550717093324,0.3644859131802031,0.3682242302384616,0.3682242302384616,0.3682242302384616,0.3682242302384616,0.3700933887675909,0.37757002288410785,0.3794391814132371,0.3794391814132371,0.38317749847149557,0.3906541325880126,0.39813076670452957,0.39813076670452957,0.39813076670452957,0.39813076670452957,0.39999992523365885,0.39999992523365885,0.39999992523365885,0.40186908376278807,0.4074765593501758,0.4112148764084343,0.4149531934666928,0.41682235199582207,0.41682235199582207,0.41682235199582207,0.41682235199582207,0.41682235199582207,0.4224298275832098,0.431775620228856,0.4355139372871145,0.4355139372871145,0.4355139372871145,0.4373830958162438,0.44672888846189,0.4523363640492777,0.45420552257840696,0.46542047375318246,0.47289710786969946,0.47289710786969946,0.47289710786969946,0.48785037610273335,0.4915886931609919,0.4915886931609919,0.49906532727750885,0.5065419613940259,0.5102802784522844,0.5102802784522844,0.5121494369814137,0.5289718637435769,0.5289718637435769,0.5383176563892231,0.5476634490348693,0.5495326075639986,0.5663550343261617,0.5775699855009373,0.5925232537339712,0.5999998878504881,0.6037382049087466,0.6224297902000391,0.6411213754913316,0.6598129607826241,0.6635512778408826,0.6785045460739165,0.697196131365209,0.7158877166565014,0.7420559360643109,0.7532708872390864,0.7719624725303789,0.7906540578216713,0.826168069875127,0.8448596551664195,0.8635512404577119,0.8654203989868412,0.8841119842781336,0.9028035695694261,0.9028035695694261,0.9214951548607186,0.9596259888549553,0.977569910734596,0.9798129009695512,0.9842988814394613,0.985046544851113,0.9970091594375403,0.9977568228491919,0.9985044862608436,0.9992521496724952,0.999999813084147,0.9970091594375403,0.9977568228491919,0.9917755155559785,0.9842988814394613,0.977569910734596,0.9760745839112926,0.9334577694471458,0.9289717889772355,0.913644689038376,0.8841119842781336,0.8695325477509255,0.850840962459633,0.8336447039916439,0.8093456431129638,0.7981306919381883,0.7599998579439519,0.7334578068303164,0.6770092192506132,0.6373830584330733,0.5719625099135495,0.49981299068916085,0.47289710786969946,0.4355139372871145,0.3794391814132371,0.3465419913005626,0.3233644255393597,0.2859812549567748,0.25046724290331923,0.21457939914403773,0.1783177236789302,0.14205604821382276,0.10205605569045714,0.09158876792733309,0.08037381675255761,0.08037381675255761,0.06168223146126514,0.0598130729321359,0.058093447085337015,0.052336438815618905,0.05050466345707223,0.05031774760415931,0.047551392981048095,0.04676634639881375,0.042990646169972675,0.03775700228841079,0.031775694995197196,0.02990653646606796,0.02990653646606796,0.026280368919557238,0.02396261234343696,0.022429902349550966,0.01906541699711834,0.015327099938859846,0.012485978974583388,0.011813081904096833,0.01132710068652325,0.009607474839724349,0.009046727280985553,0.00796261533409061,0.007551400457682155,0.007551400457682155,0.005981307293213611,0.007476634116516977,0.007476634116516977,0.007476634116516977,0.007551400457682155,0.007663549969429931,0.007663549969429931,0.007476634116516977,0.005981307293213611,0.005607475587387737,0.004112148764084372,0.0037383170582584967,0.0037383170582584967,0.00186915852912924,0.0,0.0003738317058258746,0.00186915852912924,0.00186915852912924,0.002242990234955131,0.0037383170582584967,0.0037383170582584967,0.005607475587387737,0.007476634116516977,0.007663549969429931,0.009345792645646235,0.01091588581011481,0.013084109703904731,0.01633644554458963,0.019028033826535763,0.024934574778584163,0.02766354623111291,0.02990653646606796,0.030056069148398316,0.03222429304218823,0.03431775059481299,0.03431775059481299,0.03431775059481299,0.037158871559089465,0.04123363715259119,0.045644851281336295,0.04912148614551659,0.050841111992315544,0.052336438815618905,0.052336438815618905,0.052336438815618905,0.056074755873877384,0.057196250991354974,0.05921494220281454,0.06168223146126514,0.06168223146126514,0.06168223146126514,0.06168223146126514,0.06168223146126514,0.06168223146126514,0.06392522169622022,0.06205606316709098,0.06542054851952363,0.06766353875447877,0.07102802410691138,0.07102802410691138,0.07140185581273721,0.07663549969429913,0.07663549969429913,0.07887848992925424,0.08037381675255761,0.08037381675255761,0.08037381675255761,0.08037381675255761,0.08971960939820384,0.09383175816228823,0.09906540204385007,0.09906540204385007,0.1061682044545413,0.11775698733514255,0.11775698733514255,0.11775698733514255,0.11775698733514255,0.1233644629225303,0.13420558239148003,0.136448572626435,0.136448572626435,0.14205604821382276,0.15476632621190164,0.15999997009346356,0.16635510909250295,0.17383174320901995,0.17383174320901995,0.17757006026727845,0.19177566508866076,0.19588781385274515,0.20785042843917226,0.2112149137916049,0.2220560332605545,0.22990649908289737,0.2429906087868021,0.24859808437418984,0.2560747184907068,0.2672896696654823,0.2785046208402578,0.2859812549567748,0.2859812549567748,0.28785041348590407,0.2915887305441625,0.2971962061315503,0.30467284024806723,0.3065419987771965,0.32149526701023046,0.3233644255393597,0.3420560108306522,0.3420560108306522,0.3607475961219446,0.37757002288410785,0.38504665700062485,0.39439244964627107,0.39813076670452957,0.39813076670452957,0.39813076670452957,0.39813076670452957,0.40186908376278807,0.40373824229191735,0.39813076670452957,0.39813076670452957,0.39813076670452957,0.39813076670452957,0.39813076670452957,0.39813076670452957,0.39813076670452957,0.39813076670452957,0.39813076670452957,0.39813076670452957,0.39813076670452957,0.39813076670452957,0.39813076670452957,0.3962616081754003,0.3962616081754003,0.3962616081754003,0.3962616081754003,0.39439244964627107,0.38878497405888335,0.3794391814132371,0.3794391814132371,0.3794391814132371,0.3757008643549786,0.37383170582584935,0.3682242302384616,0.3663550717093324,0.3626167546510739,0.3607475961219446,0.3607475961219446,0.3607475961219446,0.3607475961219446,0.3607475961219446,0.3607475961219446,0.3607475961219446,0.3607475961219446,0.3607475961219446,0.35887843759281535,0.3570092790636862,0.3532709620054277,0.3495326449471691,0.34242984253647807,0.3420560108306522,0.3420560108306522,0.3420560108306522,0.3420560108306522,0.3420560108306522,0.3420560108306522,0.3420560108306522,0.3420560108306522,0.3420560108306522,0.3420560108306522,0.3420560108306522
8279500,0.6160990521331563,0.6160990521331563,0.6160990521331563,0.6160990521331563,0.6160990521331563,0.6167182471604258,0.6198142222967736,0.6198142222967736,0.6222910024058513,0.6222910024058513,0.6235293924603906,0.6291021477058159,0.6291021477058159,0.6315789278148939,0.6346749029512414,0.6346749029512414,0.6346749029512414,0.6352940979785112,0.6377708780875889,0.6408668532239364,0.6408668532239364,0.6408668532239364,0.6414860482512059,0.6445820233875538,0.643962828360284,0.643962828360284,0.6470588034966315,0.6470588034966315,0.6470588034966315,0.650154778632979,0.6532507537693265,0.656346728905674,0.6606810940965608,0.6656346543147167,0.6687306294510642,0.6718266045874117,0.6780185548601068,0.6811145299964543,0.6904024554054968,0.7003095758418092,0.7095975012508517,0.7182662316326245,0.7306501321780146,0.7399380575870571,0.7492259829960997,0.7560371282960645,0.7684210288414546,0.7801857343595748,0.7931888299322347,0.7987615851776599,0.8080495105867025,0.8266253614047876,0.8396284569774471,0.8520123575228374,0.8668730381773054,0.8736841834772701,0.888544864131738,0.9009287646771281,0.9133126652225182,0.9201238105224828,0.9287925409042558,0.9380804663132983,0.9473683917223409,0.9603714872950007,0.9690402176767735,0.9758513629767382,0.9814241182221636,0.9845200933585111,0.9882352635221283,0.9938080187675536,0.9938080187675536,0.9999999690402487,0.9999999690402487,0.9999999690402487,0.9999999690402487,0.9999999690402487,0.9999999690402487,0.9999999690402487,0.9999999690402487,0.9938080187675536,0.9938080187675536,0.9857584834130504,0.9758513629767382,0.9535603419950359,0.9170278353861353,0.9046439348407452,0.8743033785045398,0.8458204072501426,0.8297213365411351,0.8130030708048587,0.7999999752321989,0.7900928547958869,0.7770897592232273,0.7622290785687595,0.7554179332687947,0.7368420824507096,0.7182662316326245,0.7027863559508869,0.6972136007054617,0.6755417747510291,0.669349824478334,0.6687306294510642,0.650154778632979,0.6452012184148229,0.650154778632979,0.6526315587420572,0.663157874205639,0.663157874205639,0.663157874205639,0.663157874205639,0.663157874205639,0.657585118960213,0.651393168687518,0.6452012184148229,0.6452012184148229,0.6452012184148229,0.6452012184148229,0.651393168687518,0.6625386791783692,0.6625386791783692,0.6718266045874117,0.6749225797237592,0.6780185548601068,0.692879235514575,0.713931866441738,0.7250773769325893,0.7461300078597521,0.7554179332687947,0.7609906885142205,0.7746129791141496,0.7770897592232273,0.7770897592232273,0.7770897592232273,0.7746129791141496,0.7746129791141496,0.7746129791141496,0.7746129791141496,0.7746129791141496,0.7585139084051422,0.7560371282960645,0.7535603481869861,0.7535603481869861,0.7498451780233695,0.746749202887022,0.746749202887022,0.7386996675325181,0.7386996675325181,0.7386996675325181,0.7386996675325181,0.7498451780233695,0.7523219581324472,0.7535603481869861,0.7535603481869861,0.746749202887022,0.728792547096206,0.7027863559508869,0.6910216504327663,0.6674922393965252,0.6600618990692915,0.6408668532239364,0.6297213427330853,0.6173374421876953,0.6130030769968088,0.598142396342341,0.5944272261787237,0.5715170101697521,0.5386996737244684,0.496594411870142,0.4557275400703548,0.4328173240613834,0.41238388816148985,0.39071206220705723,0.3690402362526243,0.351083580461809,0.34055726499822714,0.321981414180142,0.29721361308936184,0.2755417871349292,0.2637770816168088,0.25758513134411354,0.24767801090780153,0.24458203577145401,0.23034055014425553,0.21981423468067388,0.21114550429890094,0.1999999938080498,0.19566562861716336,0.18452011812631222,0.18018575293542577,0.17956655790815612,0.1764705827718086,0.17151702255365267,0.16532507228095764,0.15851392698099312,0.15479875681737595,0.14365324632652499,0.13374612589021298,0.13312693086294333,0.12755417561751795,0.12383900545390077,0.11826625020847538,0.11517027507212786,0.11207429993578033,0.1114551049085107,0.10897832479943281,0.10340556955400725,0.09349844911769523,0.09040247398134771,0.08978327895407806,0.08235293862684408,0.08482971873592213,0.08111454857230514,0.07801857343595762,0.07801857343595762,0.07492259829961011,0.07492259829961011,0.07182662316326259,0.06873064802691507,0.06501547786329791,0.06191950272695038,0.059442722617872513,0.058823527590602866,0.05634674748152499,0.049535602181560306,0.04643962704521279,0.04086687179978722,0.04024767677251775,0.03467492152709218,0.03095975136347519,0.03095975136347519,0.03095975136347519,0.027863776227127674,0.025386996118049624,0.018575850818085115,0.015479875681737596,0.009907120436312027,0.0068111452999645074,0.006191950272695038,0.006191950272695038,0.006191950272695038,0.006191950272695038,0.006191950272695038,0.0068111452999645074,0.006191950272695038,0.006191950272695038,0.003715170163616988,0.003095975136347519,0.0006191950272694687,0.0,0.0,0.0,0.0,0.0006191950272694687,0.0006191950272694687,0.003095975136347519,0.003095975136347519,0.003095975136347519,0.0006191950272694687,0.0006191950272694687,0.0006191950272694687,0.003095975136347519,0.003095975136347519,0.003095975136347519,0.003095975136347519,0.003095975136347519,0.003095975136347519,0.006191950272695038,0.006191950272695038,0.006191950272695038,0.006191950272695038,0.006191950272695038,0.0068111452999645074,0.009287925409042557,0.009287925409042557,0.009907120436312027,0.012383900545390077,0.016099070709007065,0.021671825954432636,0.024767801090780153,0.02848297125439714,0.03095975136347519,0.03405572649982271,0.04024767677251775,0.04334365190886527,0.04643962704521279,0.049535602181560306,0.052631577317907824,0.058823527590602866,0.06191950272695038,0.06811145299964542,0.07120742813599294,0.0804953535450355,0.08359132868138303,0.09040247398134771,0.0959752292267731,0.09907120436312061,0.10216717949946813,0.10526315463581565,0.1114551049085107,0.12383900545390077,0.13065015075386546,0.13993807616290801,0.1455108314083334,0.14922600157195057,0.160990707090071,0.17027863249911357,0.1832817280717733,0.19814240872624123,0.21362228440797884,0.2229102098170214,0.23529411036241146,0.24767801090780153,0.25758513134411354,0.27616098216219886,0.28854488270758893,0.300928783252979,0.3065015384984044,0.3095975136347519,0.321981414180142,0.3312693395891846,0.3467492152709222,0.36222909095265976,0.37213621138897196,0.37770896663439735,0.39318884231613493,0.405572742861525,0.4154798632978374,0.4278637638432275,0.43715168925227005,0.4458204196340428,0.4520123699067378,0.45820432017943286,0.4656346605066668,0.4835913162974828,0.49226004667925555,0.5015479720882982,0.5046439472246457,0.5108358974973407,0.5139318726336882,0.5139318726336882,0.5182662378245747,0.5263157731790783,0.5294117483154258,0.5325077234517733,0.5356036985881208,0.5417956488608159,0.5517027692971282,0.5572755245425535,0.5572755245425535,0.5634674748152485,0.5758513753606386,0.5764705703879084,0.5795665455242556,0.5820433256333336,0.5832817156878726,0.5944272261787237,0.5944272261787237,0.5944272261787237,0.5975232013150712,0.5975232013150712,0.5975232013150712,0.5975232013150712,0.5975232013150712,0.598142396342341,0.6006191764514187,0.6043343466150357
8289000,0.1147499984674371,0.1147499984674371,0.11578902416888075,0.11578902416888075,0.11578902416888075,0.11578902416888075,0.11599682930916949,0.11682804987032439,0.11682804987032439,0.11682804987032439,0.11682804987032439,0.11682804987032439,0.11682804987032439,0.11682804987032439,0.11682804987032439,0.11682804987032439,0.11682804987032439,0.11682804987032439,0.11682804987032439,0.11682804987032439,0.11682804987032439,0.11682804987032439,0.11682804987032439,0.11682804987032439,0.11682804987032439,0.11786707557176807,0.11890610127321169,0.12015293211494409,0.12202317837754266,0.12410122978042996,0.12617928118331725,0.12721830688476093,0.12721830688476093,0.12721830688476093,0.12721830688476093,0.12721830688476093,0.12721830688476093,0.12721830688476093,0.12721830688476093,0.1282573325862046,0.1282573325862046,0.1282573325862046,0.129504163427937,0.1303353839890919,0.1324134353919792,0.13345246109342287,0.13366026623371163,0.1365695381977538,0.13760856389919746,0.13760856389919746,0.13760856389919746,0.13864758960064114,0.13968661530208476,0.14093344614381714,0.14280369240641572,0.14612857465103543,0.147998820913634,0.147998820913634,0.14903784661507766,0.15028467745681,0.15423297512229592,0.15527200082373957,0.15755785736691563,0.15838907792807053,0.15859688306835928,0.1615061550324015,0.1656622578381761,0.16877933494250708,0.16877933494250708,0.17189641204683803,0.17605251485261264,0.1791695919569436,0.1791695919569436,0.1833256947627182,0.18955984897138015,0.1947549774785984,0.19995010598581667,0.2053530396333237,0.21054816814054197,0.22073062001468974,0.2280037999247953,0.2373550312377882,0.24171893918385157,0.25190139105799936,0.2622916480724359,0.2789160592955344,0.2934624191157455,0.3055151172524919,0.32463319015905506,0.34146540652244234,0.3506088326951464,0.3661942182168012,0.3875981476665405,0.41108012851916703,0.42895137058399796,0.449731884612871,0.4754997220086736,0.5048002467893846,0.5262041762391239,0.5515564033543491,0.5854286412214121,0.6238725921748273,0.6675116716354608,0.7215410081105309,0.7705830212186713,0.8129752698375722,0.8408211586362622,0.8657577754709099,0.8861226792192055,0.9168778399819375,0.9378661591510993,0.9594778937411272,0.9783881615074018,0.9999998960974298,0.9999998960974298,0.9999998960974298,0.9896096390829933,0.9794271872088455,0.9794271872088455,0.9783881615074018,0.9621793605648808,0.9472173904640923,0.9272680969963741,0.9071109983883672,0.884875848377473,0.8559909338773396,0.8295996810606707,0.7734922931827135,0.6797721749124961,0.6163916071244331,0.5843896155199685,0.5498939622320392,0.5116578164189127,0.4804870453756031,0.43913382245814575,0.40775524627454734,0.3632849462527592,0.32650343642165375,0.2926311985545906,0.2643696994753232,0.25190139105799936,0.23195209759028124,0.20722328589592223,0.18955984897138015,0.16545445269788744,0.14280369240641572,0.12721830688476093,0.11682804987032439,0.08669630452845853,0.07568263209315576,0.06487676479814172,0.05448650778370519,0.04929137927648692,0.04409625076926865,0.04201819936638135,0.038901122262050385,0.033851457353034235,0.02851086524761385,0.024562567582127975,0.022380613609096305,0.020198659636064622,0.018120608233177314,0.016042556830290006,0.014421676736037918,0.01344499257668087,0.012509869445381586,0.011117575005447095,0.009808402621628088,0.009122645658675278,0.007855034302914022,0.006919911171614735,0.005860104956142206,0.0052366895352760085,0.004737957198583055,0.004613274114409821,0.004447030002178836,0.004114541777716867,0.003823614581312648,0.003678150983110534,0.0035742484129661616,0.0034911263568506695,0.0031794186464175708,0.003054735562244337,0.002535222711522512,0.002535222711522512,0.002452100655407029,0.001911807290656324,0.0014961970100788623,0.0014961970100788623,0.0014961970100788623,0.0014961970100788623,0.0014961970100788623,0.0014961970100788623,0.0009766841593570282,0.0008727815892126651,0.0004779518226640741,0.0004779518226640741,0.0004571713086352033,0.0004571713086352033,0.0004571713086352033,0.00035326873849084016,0.0002701466823753478,0.0002701466823753478,0.0,0.0,0.0,0.0002701466823753478,0.00035326873849084016,0.000374049252519711,0.000374049252519711,0.0004571713086352033,0.0004571713086352033,0.0004571713086352033,0.0008935621032415359,0.0014961970100788623,0.0014961970100788623,0.0016000995802232254,0.002181953973031681,0.002535222711522512,0.0030755160762732077,0.0035742484129661616,0.004426249488149965,0.004613274114409821,0.004613274114409821,0.005091225937073904,0.005548397245709108,0.005548397245709108,0.005569177759737978,0.005382153133478122,0.0052574700493048885,0.005070445423045024,0.004779518226640815,0.004613274114409821,0.004613274114409821,0.004613274114409821,0.004634054628438692,0.004634054628438692,0.004634054628438692,0.004613274114409821,0.004613274114409821,0.004613274114409821,0.004530152058294338,0.004509371544265458,0.004509371544265458,0.004613274114409821,0.004613274114409821,0.004613274114409821,0.004613274114409821,0.004613274114409821,0.004613274114409821,0.004530152058294338,0.004426249488149965,0.004218444347861239,0.004197663833832359,0.0043223469180056024,0.004613274114409821,0.004696396170525313,0.00565229981585347,0.00565229981585347,0.0061718126665752954,0.006899130657585855,0.00773035121874078,0.00876937692018443,0.00953825593925275,0.010452598556523156,0.011886454024515396,0.012925479725959046,0.013154065380276653,0.013964505427402697,0.014276213137835794,0.015024311642875226,0.016042556830290006,0.017081582531733665,0.01762187589648436,0.018120608233177314,0.01868168211195689,0.020281781692180114,0.023024809543991363,0.02435476244183923,0.026037984078177947,0.02790823034077654,0.029549890949057498,0.030609697164530027,0.032666968053388465,0.03474501945627576,0.03686463188722084,0.039753123337234186,0.04193507731026585,0.04409625076926865,0.04515605698474118,0.04654835142467568,0.04839781717324537,0.050870698342681264,0.053468262596290395,0.05448650778370519,0.05760358488803615,0.06487676479814172,0.06487676479814172,0.06487676479814172,0.06487676479814172,0.0679938419024727,0.07131872414709237,0.07526702181257826,0.07526702181257826,0.07526702181257826,0.07526702181257826,0.07942312461835287,0.08150117602124017,0.08357922742412749,0.0856572788270148,0.0856572788270148,0.0856572788270148,0.08669630452845843,0.08773533022990208,0.09002118677307815,0.09293045873712036,0.09396948443856402,0.09500851014000768,0.09604753584145133,0.09604753584145133,0.09604753584145133,0.09604753584145133,0.09604753584145133,0.09812558724433862,0.10020363864722594,0.10145046948895832,0.1033207157515569,0.10435974145300056,0.10435974145300056,0.1045675465932893,0.10539876715444421,0.10643779285588785,0.10643779285588785,0.10643779285588785,0.10643779285588785,0.10643779285588785,0.10643779285588785,0.10643779285588785,0.10643779285588785,0.10643779285588785,0.10643779285588785,0.10643779285588785,0.10643779285588785,0.1074768185573315,0.10851584425877515,0.10872364939906393,0.10955486996021882,0.10955486996021882,0.10955486996021882,0.11059389566166247,0.11059389566166247,0.11059389566166247,0.11059389566166247,0.11059389566166247,0.11059389566166247,0.11059389566166247,0.11059389566166247,0.11059389566166247,0.11080170080195122,0.11163292136310612,0.11267194706454978,0.11267194706454978,0.11267194706454978,0.11184072650339485,0.11267194706454978,0.11184072650339485
8291000,0.0,0.0,0.0,0.0,0.0,0.0,0.0,0.0,0.0,0.0,0.0,0.0,0.0,0.0,0.00038580232029230643,0.00038580232029230643,0.0007716046405846129,0.00154320928116926,0.003858023202923133,0.003858023202923133,0.003858023202923133,0.005401232484092427,0.0074074045496124825,0.007947527798021698,0.010108020791658628,0.010108020791658628,0.011574069608769433,0.011574069608769433,0.011574069608769433,0.011574069608769433,0.011574069608769433,0.015432092811692602,0.015432092811692602,0.015432092811692602,0.018287029981855725,0.019290116014615735,0.019290116014615735,0.019290116014615735,0.019444436942732644,0.020524683439551144,0.022530855505071164,0.023148139217538867,0.02469134849870816,0.027006162420462,0.027006162420462,0.02785492752510517,0.028395050773514386,0.030864185623385203,0.030864185623385203,0.03240739490455443,0.03472220882630833,0.03734566460429613,0.03858023202923147,0.03942899713387457,0.0424382552321546,0.043981464513323895,0.046296278435077734,0.050154301638000935,0.05401232484092407,0.059876520109367226,0.06558639444969347,0.06944441765261666,0.06944441765261666,0.0726851571430721,0.07461416874453364,0.07716046405846294,0.07777774777093065,0.08101848726138607,0.0844907081440169,0.08618823835330316,0.09143514990927855,0.09637341960902018,0.09645058007307868,0.09645058007307868,0.10108020791658642,0.11188267288477127,0.12731476569646388,0.13503081210231013,0.13503081210231013,0.15046290491400274,0.168981416288034,0.1736110441315416,0.17901227661563404,0.2060184390360961,0.21219127616077307,0.21219127616077307,0.24074064786240443,0.25077150819000454,0.25077150819000454,0.289351740219236,0.289351740219236,0.32561715832671356,0.3279319722484675,0.33950604185723693,0.3665122042776989,0.3665122042776989,0.3935183666981609,0.4050924363069304,0.4089504595098536,0.42978378480563856,0.44367266833616187,0.44367266833616187,0.462191179710193,0.48225290036539337,0.48225290036539337,0.5084874581452709,0.5208331323946248,0.5594133644238563,0.578703480438472,0.6234565495923806,0.6566355491375198,0.6751540605115507,0.6751540605115507,0.7006170136508436,0.7137342925407821,0.722221943587213,0.7368824317583211,0.7523145245700136,0.7662034081005374,0.7908947565992451,0.8117280818950302,0.8294749886284766,0.8402774535966618,0.8788576856258933,0.9089502666086937,0.9274687779827246,0.945215684716171,0.9459872893567557,0.9529317311220173,0.9537033357626021,0.9606477775278635,0.9645058007307867,0.976079870339556,0.980709498183064,0.9861107306671564,0.9961415909947565,0.9999996141976797,0.9961415909947565,0.983024312104818,0.983024312104818,0.976079870339556,0.9660490100119562,0.9575613589655251,0.9529317311220173,0.945215684716171,0.8858021273911547,0.868055220657708,0.8333330118314001,0.804012035489184,0.7908947565992451,0.753857733851183,0.7299379899930595,0.6913577579638279,0.6751540605115507,0.639660247044658,0.5794750850790571,0.543981271612164,0.5208331323946248,0.5061726442235169,0.4830245050059781,0.472993644678378,0.44367266833616187,0.437499831211485,0.4050924363069304,0.402006017744592,0.38348750637056084,0.3665122042776989,0.3557097393095142,0.3279319722484675,0.32175913512379056,0.289351740219236,0.27391964740754376,0.25925915923643555,0.25077150819000454,0.25077150819000454,0.23611102001889656,0.23148139217538882,0.22376534576954255,0.22067892720720408,0.21219127616077307,0.21219127616077307,0.21219127616077307,0.2091048575984346,0.19753078798966509,0.19367276478674195,0.1890431369432342,0.18132709053738788,0.17746906733446474,0.1736110441315416,0.1736110441315416,0.1736110441315416,0.1736110441315416,0.17438264877212623,0.1736110441315416,0.1736110441315416,0.1736110441315416,0.1736110441315416,0.1736110441315416,0.1736110441315416,0.1736110441315416,0.16589499772569535,0.16203697452277213,0.16203697452277213,0.15509253275751048,0.15046290491400274,0.15046290491400274,0.1466048817110796,0.1396604399458179,0.13503081210231013,0.13503081210231013,0.13503081210231013,0.13657402138347957,0.13657402138347957,0.14351846314874114,0.14351846314874114,0.13503081210231013,0.13503081210231013,0.13503081210231013,0.13503081210231013,0.13657402138347957,0.13580241674289475,0.13503081210231013,0.13503081210231013,0.13503081210231013,0.13503081210231013,0.13503081210231013,0.13503081210231013,0.13503081210231013,0.13503081210231013,0.13503081210231013,0.13503081210231013,0.13503081210231013,0.13503081210231013,0.13503081210231013,0.13503081210231013,0.13503081210231013,0.13503081210231013,0.13503081210231013,0.13503081210231013,0.13503081210231013,0.13503081210231013,0.1319443935399717,0.13503081210231013,0.13503081210231013,0.13503081210231013,0.13503081210231013,0.13503081210231013,0.13503081210231013,0.13503081210231013,0.13503081210231013,0.131172788899387,0.12037032393120214,0.11188267288477127,0.10493823111950969,0.09722218471366328,0.09645058007307868,0.09645058007307868,0.09645058007307868,0.09645058007307868,0.09645058007307868,0.09645058007307868,0.09645058007307868,0.09645058007307868,0.09436724754350016,0.09290119872638936,0.09529317311220176,0.09552465450437715,0.09645058007307868,0.09529317311220176,0.09529317311220176,0.09552465450437715,0.09645058007307868,0.09645058007307868,0.09552465450437715,0.09336416151074015,0.09259255687015554,0.08996910109216781,0.0887345336672324,0.0851079918564846,0.0848765104643092,0.0848765104643092,0.0848765104643092,0.0848765104643092,0.08649688020953698,0.08796292902664772,0.0887345336672324,0.0887345336672324,0.09259255687015554,0.09305551965450633,0.09351848243885706,0.09374996383103246,0.09606477775278636,0.09645058007307868,0.09645058007307868,0.09645058007307868,0.09645058007307868,0.09645058007307868,0.09645058007307868,0.09645058007307868,0.09645058007307868,0.09606477775278636,0.09490737079190945,0.09305551965450633,0.09259255687015554,0.09259255687015554,0.09097218712492783,0.0887345336672324,0.0887345336672324,0.0887345336672324,0.0887345336672324,0.0887345336672324,0.0887345336672324,0.08804008949070621,0.0868055220657708,0.08503083139242618,0.0848765104643092,0.08418206628778307,0.08101848726138607,0.07746910591469676,0.07430552688829989,0.0733024408555398,0.07299379899930591,0.06944441765261666,0.06851849208391508,0.06828701069173969,0.06682096187462888,0.06558639444969347,0.062191334031121065,0.06172837124677034,0.0597993596453088,0.057870348043847206,0.057870348043847206,0.05601849690644416,0.05401232484092407,0.05401232484092407,0.05401232484092407,0.05138886906293635,0.051003066742644036,0.050154301638000935,0.050154301638000935,0.04637343889913622,0.046296278435077734,0.046296278435077734,0.0424382552321546,0.04043208316663458,0.03858023202923147,0.03858023202923147,0.03472220882630833,0.03472220882630833,0.03472220882630833,0.030864185623385203,0.027006162420462,0.02469134849870816,0.023148139217538867,0.019290116014615735,0.019290116014615735,0.019290116014615735,0.015432092811692602,0.015354932347634112,0.011574069608769433,0.011574069608769433,0.011574069608769433,0.011574069608769433,0.011574069608769433,0.009953699863541719,0.007716046405846301
8294210,0.0006880729999581491,0.0005733941666317793,0.0005733941666317793,0.0005733941666317793,0.0005733941666317793,0.00011467883332636987,0.0,0.0,0.0,0.0,0.0,0.0,0.0,0.0,0.0,0.0,0.0,0.0,0.0,0.0,0.0,0.0,0.0,0.0,0.0,0.0,0.0,0.0,0.0,0.0,0.0,0.0,0.0,0.0,0.0,0.00011467883332636987,0.0005733941666317793,0.0005733941666317793,0.0005733941666317793,0.0005733941666317793,0.0005733941666317793,0.0005733941666317793,0.001146788333263565,0.001146788333263565,0.001146788333263565,0.001146788333263565,0.001146788333263565,0.001146788333263565,0.001146788333263565,0.001146788333263565,0.001146788333263565,0.0017201824998953506,0.0017201824998953506,0.0017201824998953506,0.0022935766665271363,0.002866970833158922,0.002866970833158922,0.002866970833158922,0.002866970833158922,0.0034403649997907077,0.0034403649997907077,0.004013759166422493,0.004013759166422493,0.004701832166380649,0.007454124166213201,0.008027518332844987,0.008600912499476773,0.009174306666108557,0.009747700832740343,0.01238531399924659,0.019495401665480694,0.02178897833200783,0.02305044549859777,0.023509160831903186,0.025229343331798545,0.025229343331798545,0.0309632849981164,0.0309632849981164,0.0309632849981164,0.0309632849981164,0.0344036499979071,0.03497704416453889,0.03669722666443424,0.03669722666443424,0.03899080333096139,0.04013759166422496,0.042431168330752105,0.048165109997069945,0.048165109997069945,0.0538990516633878,0.0538990516633878,0.08256875999497706,0.0997705849939306,0.16330265865673246,0.18314209682219218,0.1972475933213341,0.20298153498765192,0.21066501682051791,0.22855491481942958,0.24220169598526606,0.25458700998451256,0.26410535315060024,0.26788975465037007,0.27259158681675066,0.2844035066493655,0.2942658863154322,0.3182337624806408,0.3348621933129625,0.38371537630999064,0.421100675974383,0.43921993163994744,0.4657107421383359,0.5080272316357617,0.5183483266351337,0.5412840933004052,0.5940363566305294,0.5986235099635837,0.5986235099635837,0.6100913932962193,0.6559629266267621,0.6559629266267621,0.6628436566263436,0.7133023432899407,0.7133023432899407,0.7247702266225764,0.7534399349541656,0.7706417599531192,0.7706417599531192,0.7706417599531192,0.7775224899527006,0.8233940232832435,0.8279811766162978,0.8279811766162978,0.8681187682805227,0.8795866516131584,0.8853205932794762,0.8853205932794762,0.8853205932794762,0.8853205932794762,0.8853205932794762,0.8853205932794762,0.8933481116123215,0.9208710316106473,0.9334857032765465,0.9426600099426549,0.9541278932752906,0.9839443899401435,0.9954122732727793,0.9999994266058334,0.9999994266058334,0.9999994266058334,0.9999994266058334,0.9999994266058334,0.9942654849395155,0.9942654849395155,0.9782104482738259,0.9770636599405621,0.961008623274872,0.9426600099426549,0.9311921266100193,0.9048159949449571,0.8967884766121119,0.8910545349457942,0.8853205932794762,0.8853205932794762,0.8451830016152513,0.8279811766162978,0.800458256617972,0.7706417599531192,0.7706417599531192,0.7190362849562585,0.7133023432899407,0.7133023432899407,0.7133023432899407,0.7133023432899407,0.7087151899568865,0.6559629266267621,0.6444950432941265,0.5986235099635837,0.5412840933004052,0.5284400639678531,0.49071072780348185,0.464105238471767,0.34048145614595415,0.31479339748085006,0.31043560181444846,0.30573376964806787,0.2995411126484446,0.2889906599824197,0.28325671831610183,0.2717888349834662,0.2603209516508304,0.2603209516508304,0.2415136229853079,0.23635307548562184,0.2350916083190319,0.23451821415240012,0.2311925279859358,0.2311925279859358,0.23016041848599864,0.23016041848599864,0.22993106081934583,0.22993106081934583,0.23107784915260937,0.2305044549859776,0.22993106081934583,0.2282108783194505,0.22660537465288147,0.22316500965309077,0.21880721398668923,0.2133026299870241,0.20825676132066437,0.20298153498765192,0.19759162982131317,0.1972475933213341,0.1972475933213341,0.1972475933213341,0.19506869548813335,0.19277511882160617,0.19220172465497437,0.19151365165501624,0.19151365165501624,0.19151365165501624,0.19208704582164804,0.1932338341549116,0.19506869548813335,0.19610080498807053,0.19678887798802866,0.19678887798802866,0.1962154838213969,0.19667419915470233,0.19667419915470233,0.1972475933213341,0.20011456415449305,0.2025228196543465,0.20309621382097826,0.20470171748754729,0.2087154766539698,0.21823381982005746,0.22614665931957603,0.2302750973193249,0.23841729448549634,0.24713288581829942,0.24885306831819476,0.24885306831819476,0.24885306831819476,0.2477062799849312,0.2455273821517304,0.24254573248524514,0.23360078348578928,0.2302750973193249,0.2270640899861869,0.22018335998660551,0.2196099658199737,0.2181191409867311,0.2087154766539698,0.2075686883207062,0.20584850582081088,0.1972475933213341,0.19472465898815425,0.19208704582164804,0.18600906765535108,0.18348613332217123,0.18004576832238053,0.17408246898941,0.16077972432355256,0.15997697249026807,0.15940357832363627,0.15711000165710912,0.15458706732392927,0.1513760599907913,0.14908248332426416,0.14793569499100057,0.14564211832447344,0.14564211832447344,0.14564211832447344,0.14334854165794633,0.14277514749131448,0.1425457898246618,0.14449532999120993,0.14243111099133543,0.14334854165794633,0.14277514749131448,0.14151368032472458,0.14025221315813463,0.13990817665815558,0.13990817665815558,0.13990817665815558,0.1393347824915238,0.13646781165836486,0.13417423499183773,0.12844029332551987,0.12213295749257023,0.11123846832656632,0.10722470916014383,0.0997705849939306,0.09633021999413992,0.09403664332761277,0.0768348183286592,0.06422014666275994,0.04931189833033352,0.048165109997069945,0.03612383249780246,0.033830255831275316,0.0309632849981164,0.029243102498221044,0.02580273749843033,0.019495401665480694,0.017775219165585335,0.013188065832531057,0.010894489166003916,0.009747700832740343,0.008600912499476773,0.008027518332844987,0.007454124166213201,0.007454124166213201,0.0068807299995814215,0.0068807299995814215,0.006307335832949636,0.006307335832949636,0.006307335832949636,0.00573394166631785,0.00573394166631785,0.00573394166631785,0.005160547499686065,0.005160547499686065,0.005160547499686065,0.005160547499686065,0.004587153333054279,0.004587153333054279,0.004013759166422493,0.004013759166422493,0.004013759166422493,0.002866970833158922,0.0022935766665271363,0.0017201824998953506,0.0017201824998953506,0.001146788333263565,0.0005733941666317793,0.0005733941666317793,0.0,0.0,0.0,0.0,0.0,0.0,0.0,0.0,0.0,0.0,0.0,0.0,0.0,0.0,0.0,0.0,0.0,0.0,0.0,0.0,0.0,0.0,0.0,0.0,0.0,0.0
8313000,0.13762847659026717,0.13662571901948203,0.13662571901948203,0.13662571901948203,0.13662571901948203,0.13662571901948203,0.13537227205600055,0.1338681356998227,0.13411882509251905,0.13512158266330418,0.13662571901948203,0.13762847659026717,0.13787916598296351,0.13888192355374865,0.13888192355374865,0.14013537051723013,0.14264226444419312,0.14264226444419312,0.14264226444419312,0.14289295383688946,0.1438957114076746,0.1438957114076746,0.14514915837115608,0.14640260533463756,0.14640260533463756,0.14640260533463756,0.14640260533463756,0.14665329472733393,0.14765605229811907,0.15016294622508203,0.15016294622508203,0.15016294622508203,0.1514163931885635,0.15266984015204502,0.15517673407900798,0.15517673407900798,0.1579343173986673,0.1591877643621488,0.16269741585989692,0.16420155221607474,0.16670844614303773,0.1679618931065192,0.17297568096044516,0.1779894688143711,0.1840060142390822,0.19654048387389705,0.20531461261826747,0.21057908986488977,0.21910252921656384,0.22662321099745275,0.2291301049244157,0.23414389277834166,0.23790423366878613,0.24191526395192695,0.24667836241315655,0.25169215026708247,0.25795938508448996,0.26171972597493437,0.2657307562580752,0.2704938547193048,0.2770117789294086,0.2842817713176012,0.29355727884736416,0.2983203773085939,0.3093507105872309,0.3158686347973347,0.32313862718552727,0.33191275592989766,0.33717723317652,0.3472048088843719,0.35096514977481635,0.35973927851918674,0.3622461724461497,0.3672599603000757,0.37202305876130526,0.3745299526882682,0.38104787689837205,0.3873151117157795,0.39333165714049056,0.3973426874236314,0.40486336920452026,0.4123840509854092,0.4224116266932611,0.432439202401113,0.43995988418200194,0.44622711899940937,0.4585108992415279,0.4687891643420761,0.4765605355156614,0.4835798385111576,0.4903484521139578,0.5028829217487726,0.5224366943790837,0.5324642700869356,0.5417397776166986,0.5550263154296023,0.5645525123520617,0.5838555955896766,0.5931311031194396,0.6021559212565063,0.6134369439278398,0.6239658984210842,0.627976928704225,0.629731754453099,0.6417648453025213,0.6542993149373363,0.6615693073255289,0.6741037769603437,0.6866382465951586,0.6991727162299735,0.7117071858647883,0.7242416554996032,0.7267485494265662,0.7367761251344181,0.749310594769233,0.7618450644040479,0.7743795340388627,0.7869140036736776,0.7994484733084924,0.8119829429433073,0.8119829429433073,0.8245174125781222,0.8245174125781222,0.8245174125781222,0.837051882212937,0.837051882212937,0.8495863518477519,0.8621208214825669,0.8621208214825669,0.8746552911173817,0.8871897607521966,0.8997242303870114,0.9122587000218263,0.9247931696566412,0.937327639291456,0.937327639291456,0.9623965785610857,0.9623965785610857,0.9749310481959007,0.9749310481959007,0.9749310481959007,0.9749310481959007,0.9874655178307156,0.9874655178307156,0.9874655178307156,0.9874655178307156,0.9899724117576788,0.9999999874655304,0.9899724117576788,0.9999999874655304,0.9874655178307156,0.9874655178307156,0.9874655178307156,0.9749310481959007,0.9649034724880491,0.9623965785610857,0.9498621089262709,0.9498621089262709,0.9498621089262709,0.937327639291456,0.9147655939487895,0.9022311243139747,0.8997242303870114,0.8871897607521966,0.8746552911173817,0.8621208214825669,0.8495863518477519,0.837051882212937,0.8245174125781222,0.8119829429433073,0.7994484733084924,0.7869140036736776,0.7743795340388627,0.7618450644040479,0.7367761251344181,0.7117071858647883,0.7016796101569367,0.6891451405221218,0.6741037769603437,0.6741037769603437,0.6593131027912622,0.6447731180148768,0.6307345120238842,0.622963140850299,0.6144397014986248,0.6089245348593063,0.6004010955076323,0.5956379970464025,0.586613178909336,0.5775883607722692,0.5668087168863284,0.5577838987492617,0.5392328836897357,0.5277011716257061,0.5111556717077503,0.5051391262830393,0.5011280959998984,0.4988718914656318,0.49511155057518735,0.49160189907743923,0.48734017940160207,0.48107294458419464,0.47380295219600194,0.47004261130555763,0.46377537648815004,0.46101779316849084,0.4585108992415279,0.45500124774377976,0.45099021746063894,0.445976429606713,0.4397091947893056,0.4372023008623426,0.42617196758370557,0.40987715705844624,0.4023564752775573,0.38480821778881646,0.37352719511748295,0.36851340726355714,0.36024065730457944,0.35497618005795717,0.348207566455157,0.3411882634596608,0.33968412710348295,0.3359237862130385,0.3359237862130385,0.3359237862130385,0.327901725646757,0.3258962105051866,0.3216344908293496,0.31837552872429764,0.3171220817608162,0.31561794540463833,0.3093507105872309,0.30183002880634197,0.29631486216702346,0.28678866524456414,0.28553521828108264,0.27951867285637155,0.273251438038964,0.26723489261425293,0.26197041536763077,0.2469290518058529,0.24291802152271208,0.23815492306148248,0.23564802913451952,0.2308849306732899,0.2308849306732899,0.22060666557274167,0.21032840047219356,0.1992980671935564,0.19077462784188234,0.17773877942167476,0.16094259011102285,0.1358736508413931,0.12810227966780796,0.11932815092343756,0.11531712064029674,0.10528954493244486,0.10127851464930403,0.09626472679537809,0.09100024954875592,0.08749059805100767,0.08523439351674106,0.08247681019708172,0.07896715869933361,0.07871646930663727,0.07771371173585213,0.07295061327462254,0.06743544663530388,0.06292303756677065,0.052644772466222386,0.047380295219600084,0.04136374979488893,0.03634996194096299,0.03384306801400015,0.032589621050518665,0.027826522589288857,0.023815492306148257,0.02356480291345183,0.02356480291345183,0.02356480291345183,0.02356480291345183,0.02356480291345183,0.02356480291345183,0.02356480291345183,0.021057908986488856,0.020055151415703795,0.021057908986488856,0.01855101505952588,0.01629481052525919,0.013537227205599934,0.010027575707851897,0.0075206817808889225,0.005013787853925949,0.0037603408904444613,0.0025068939269629743,0.0012534469634813447,0.0,0.0,0.0025068939269629743,0.0025068939269629743,0.0012534469634813447,0.0012534469634813447,0.0012534469634813447,0.003509651497748036,0.00601654542471101,0.008523439351673984,0.012534469634814872,0.016044121132562907,0.01855101505952588,0.020055151415703795,0.022311355949970343,0.025068939269629744,0.02632238623311109,0.03008272712355569,0.03484582558478522,0.04136374979488893,0.04487340129263711,0.052644772466222386,0.06367510574485942,0.07244923448922982,0.07996991627011875,0.0849837041240447,0.09250438590493362,0.09626472679537809,0.10403609796896336,0.10779643885940783,0.11155677974985229,0.11631987821108188,0.11907746153074121,0.12258711302848932,0.1238405599919708,0.12409124938466716,0.1258460751335412,0.13060917359477095,0.13537227205600055,0.1363750296267857,0.14013537051723013,0.1438957114076746,0.14514915837115608,0.14514915837115608,0.14640260533463756,0.15216846136665244,0.15768362800597097,0.16294810525259326,0.1714715446042673,0.17272499156774881,0.17297568096044516,0.17548257488740812,0.17673602185088963,0.1779894688143711,0.17673602185088963,0.17648533245819326,0.17673602185088963,0.17673602185088963,0.17673602185088963,0.17673602185088963,0.17648533245819326,0.17422912792392664,0.174479817316623,0.1739784385312303,0.17272499156774881,0.1692153400700007,0.16645775675034136,0.16645775675034136,0.16545499917955622
8316000,0.019149714382009998,0.019149714382009998,0.019149714382009998,0.019149714382009998,0.019149714382009998,0.019149714382009998,0.019149714382009998,0.019149714382009998,0.019149714382009998,0.019149714382009998,0.019149714382009998,0.019149714382009998,0.019149714382009998,0.019149714382009998,0.019149714382009998,0.019149714382009998,0.019149714382009998,0.019149714382009998,0.019149714382009998,0.019149714382009998,0.019149714382009998,0.019149714382009998,0.019149714382009998,0.019149714382009998,0.019149714382009998,0.019149714382009998,0.02106468582021117,0.019149714382009998,0.019149714382009998,0.01608576008088846,0.015319771505607998,0.013787794355047239,0.013787794355047239,0.013787794355047239,0.013787794355047239,0.013787794355047239,0.013787794355047239,0.013404800067406996,0.013404800067406996,0.013787794355047239,0.013787794355047239,0.015319771505607998,0.01570276579324824,0.018766720094369926,0.018766720094369926,0.01570276579324824,0.015319771505607998,0.013787794355047239,0.013404800067406996,0.013404800067406996,0.013404800067406996,0.013404800067406996,0.013404800067406996,0.013404800067406996,0.013404800067406996,0.013404800067406996,0.013404800067406996,0.013404800067406996,0.013404800067406996,0.013404800067406996,0.013404800067406996,0.013404800067406996,0.013404800067406996,0.013404800067406996,0.013404800067406996,0.013787794355047239,0.015319771505607998,0.013787794355047239,0.013404800067406996,0.013404800067406996,0.013404800067406996,0.013404800067406996,0.011872822916846238,0.011872822916846238,0.011872822916846238,0.013404800067406996,0.013404800067406996,0.013404800067406996,0.013787794355047239,0.01570276579324824,0.017234742943808997,0.019149714382009998,0.019149714382009998,0.01953270866965024,0.021447680107851242,0.021447680107851242,0.026809600134813982,0.029107565860655226,0.03063954301121598,0.041363383065141694,0.04825728024266519,0.054002194557268214,0.055534171707828976,0.06510902889883398,0.07123693750107722,0.07889682325388135,0.09306761189656863,0.10532342910105497,0.10915337197745696,0.12638811492126598,0.14553782930327594,0.14553782930327594,0.14553782930327594,0.16468754368528596,0.16468754368528596,0.18383725806729592,0.18383725806729592,0.18383725806729592,0.18383725806729592,0.18383725806729592,0.20873188676390939,0.2336265154605219,0.23592448118636314,0.2604361155953359,0.2642660584717379,0.28303277856610787,0.3600146303817878,0.37533440188739586,0.3910371676806441,0.3944841162694058,0.3944841162694058,0.39831405914580786,0.42588964785590233,0.45116727084015545,0.4710829737974458,0.47223195666036655,0.5610866313928928,0.5829173057883843,0.5859812600895058,0.6032160030333147,0.605513968759156,0.6242806888535258,0.6281106317299278,0.6357705174827317,0.6418984260849749,0.6441963918108161,0.6495583118377791,0.6721549748085508,0.680197854848995,0.6817298319995557,0.6817298319995557,0.6817298319995557,0.6817298319995557,0.6817298319995557,0.6844107920130372,0.7012625406692058,0.7154333293118933,0.7200292607635758,0.7211782436264964,0.7583286895275958,0.8012240497432987,0.9345060618420876,0.9544217647993781,0.959783684826341,0.9808483706465522,0.9980831135903607,0.9980831135903607,0.9808483706465522,0.9980831135903607,0.9999980850285619,0.9999980850285619,0.9705075248802665,0.959783684826341,0.9705075248802665,0.9808483706465522,0.9984661078780009,0.9984661078780009,0.9816143592218326,0.9544217647993781,0.934889056129728,0.9115264045836756,0.9115264045836756,0.9115264045836756,0.9115264045836756,0.9115264045836756,0.9115264045836756,0.9115264045836756,0.9115264045836756,0.9115264045836756,0.8770569186960578,0.8732269758196556,0.8540772614376456,0.8540772614376456,0.8157778326736256,0.7522007809253534,0.7257741750781788,0.7161993178871736,0.7116033864354915,0.707007454983809,0.7016455349568461,0.6970496035051638,0.6951346320669628,0.6932196606287616,0.6932196606287616,0.6901557063276402,0.6836448034377567,0.6821128262871959,0.6821128262871959,0.6817298319995557,0.6817298319995557,0.6817298319995557,0.6778998891231537,0.6740699462467518,0.6721549748085508,0.6702400033703497,0.6702400033703497,0.6702400033703497,0.6702400033703497,0.6702400033703497,0.6430474089478959,0.6430474089478959,0.6269616488670073,0.6208337402647639,0.5917261744041092,0.5798533514872627,0.576789397186141,0.5668315457074957,0.5702784942962578,0.578704368624342,0.5764064028985008,0.578704368624342,0.578704368624342,0.576789397186141,0.576789397186141,0.578704368624342,0.57487442574794,0.5698955000086176,0.5668315457074957,0.5668315457074957,0.5668315457074957,0.5476818313254858,0.5476818313254858,0.5476818313254858,0.5476818313254858,0.5476818313254858,0.5476818313254858,0.5476818313254858,0.5476818313254858,0.5400219455726819,0.5285321169434758,0.5093824025614658,0.5093824025614658,0.5093824025614658,0.5093824025614658,0.5093824025614658,0.5093824025614658,0.5093824025614658,0.5093824025614658,0.5093824025614658,0.504020482534503,0.49597760249405876,0.4718489623727263,0.4710829737974458,0.4710829737974458,0.4634230880446418,0.4392944479233096,0.43278354503342586,0.43278354503342586,0.43278354503342586,0.40827191062445306,0.3944841162694058,0.3856752476536814,0.3757173961750361,0.37533440188739586,0.37533440188739586,0.3734194304491949,0.3661425389840311,0.3657595446963909,0.35618468750538584,0.3178852587413659,0.3178852587413659,0.3178852587413659,0.2715429499369023,0.2642660584717379,0.2642660584717379,0.2604361155953359,0.24205238978860638,0.2282645954335591,0.22596662970771794,0.22213668683131593,0.22213668683131593,0.22213668683131593,0.21830674395491392,0.21639177251671293,0.2110298524897502,0.20681691532570792,0.20490194388750693,0.2029869724493059,0.20107200101110492,0.19379510954594117,0.17885833232797343,0.1765603666021322,0.17617737231449196,0.17617737231449196,0.16698550941112725,0.16468754368528596,0.1535807093437202,0.15128274361787894,0.14783579502911717,0.14553782930327594,0.12638811492126598,0.10532342910105497,0.10532342910105497,0.09191862903364797,0.09000365759544697,0.09000365759544697,0.09000365759544697,0.07889682325388121,0.07276891465163796,0.07085394321343698,0.055534171707828976,0.055534171707828976,0.055534171707828976,0.055534171707828976,0.055534171707828976,0.055534171707828976,0.048640274530305436,0.03753344018873969,0.03063954301121598,0.028724571573014984,0.021830674395491464,0.019149714382009998,0.019149714382009998,0.01608576008088846,0.009957851478645216,0.007659885752803993,0.007659885752803993,0.004212937164042234,0.001914971438201001,0.0,0.0,0.0,0.0,0.0,0.0,0.0,0.0,0.0,0.0,0.00038299428764022143,0.001914971438201001,0.007659885752803993,0.007659885752803993,0.007659885752803993,0.007659885752803993,0.007659885752803993,0.007659885752803993,0.007659885752803993,0.007659885752803993,0.007659885752803993,0.009574857191004994,0.009574857191004994,0.011489828629205995,0.011489828629205995,0.011489828629205995,0.011489828629205995,0.011489828629205995,0.011489828629205995,0.011489828629205995,0.011872822916846238,0.013404800067406996,0.015319771505607998,0.01761773723144924,0.019149714382009998,0.019149714382009998,0.019149714382009998
8317400,0.301408446459036,0.30281689714342397,0.301408446459036,0.3002816859115256,0.299999995774648,0.301408446459036,0.30281689714342397,0.30281689714342397,0.30619717878595537,0.30985915056536406,0.30957746042848644,0.30929577029160893,0.3039436576909345,0.30281689714342397,0.301408446459036,0.301408446459036,0.301408446459036,0.301408446459036,0.30281689714342397,0.3056337985122,0.30985915056536406,0.30985915056536406,0.30985915056536406,0.3112676012497521,0.31408450261852816,0.31690140398730415,0.31690140398730415,0.31690140398730415,0.3197183053560802,0.3197183053560802,0.32112675604046825,0.32112675604046825,0.3197183053560802,0.32112675604046825,0.3253521080936323,0.3267605587780203,0.32816900946240835,0.32957746014679634,0.3323943615155724,0.3338028121999604,0.33661971356873643,0.3394366149375125,0.34225351630628853,0.3464788683594526,0.34788731904384057,0.3492957697282286,0.35211267109700467,0.35211267109700467,0.35211267109700467,0.35211267109700467,0.35492957246578066,0.3563380231501687,0.3563380231501687,0.3577464738345567,0.3577464738345567,0.3577464738345567,0.3647887272564968,0.36760562862527285,0.37605633273160094,0.3859154875223171,0.38873238889109313,0.3915492902598692,0.3943661916286452,0.39859154368180927,0.39999999436619726,0.4028168957349733,0.4028168957349733,0.4028168957349733,0.4028168957349733,0.4028168957349733,0.4028168957349733,0.4028168957349733,0.4028168957349733,0.4028168957349733,0.4042253464193613,0.40704224778813736,0.4098591491569134,0.4098591491569134,0.42112675463201754,0.43380281079150973,0.43943661352906177,0.44647886695100186,0.45070421900416596,0.45211266968855396,0.456338021741718,0.45774647242610605,0.46478872584804615,0.47323942995437424,0.4816901340607024,0.4873239367982544,0.4943661902201945,0.4999999929577466,0.5098591477484627,0.5183098518547908,0.532394358698671,0.5507042175957153,0.5690140764927595,0.5732394285459236,0.5802816819678637,0.5830985833366397,0.5845070340210277,0.5873239353898038,0.5971830901805198,0.6056337942868479,0.609859146340012,0.6140844983931761,0.6197183011307281,0.6295774559214443,0.6549295682404287,0.6690140750843089,0.6901408353501292,0.7169013983535014,0.7295774545129936,0.7436619613568738,0.75352111614759,0.7690140736758582,0.7859154818885143,0.7957746366792305,0.8098591435231107,0.8211267489982148,0.8281690024201549,0.8394366078952591,0.8422535092640351,0.8521126640547513,0.8591549174766914,0.8802816777425116,0.8915492832176157,0.8971830859551678,0.9028168886927199,0.912676043483436,0.9211267475897642,0.9408450571711964,0.9577464653838527,0.9577464653838527,0.9718309722277328,0.985915479071613,0.985915479071613,0.9999999859154932,0.9999999859154932,0.9999999859154932,0.9999999859154932,0.9999999859154932,0.9999999859154932,0.9999999859154932,0.9999999859154932,0.9999999859154932,0.9999999859154932,0.9999999859154932,0.9999999859154932,0.9999999859154932,0.9999999859154932,0.9999999859154932,0.9999999859154932,0.9999999859154932,0.985915479071613,0.985915479071613,0.9718309722277328,0.9718309722277328,0.9577464653838527,0.9436619585399725,0.9422535078555845,0.9253520996429282,0.911267592799048,0.8971830859551678,0.8830985791112876,0.8647887202142434,0.8492957626859752,0.833802805157707,0.8126760448918867,0.7971830873636185,0.7915492846260664,0.7788732284665743,0.7647887216226941,0.7521126654632019,0.7366197079349337,0.7309859051973816,0.7253521024598296,0.7112675956159494,0.6957746380876811,0.6830985819281891,0.6732394271374729,0.6647887230311448,0.6436619627653245,0.6366197093433844,0.6323943572902203,0.6239436531838922,0.6197183011307281,0.6169013997619521,0.6154929490775641,0.6056337942868479,0.5915492874429678,0.5802816819678637,0.5661971751239835,0.5521126682801033,0.5464788655425512,0.5408450628049991,0.5380281614362231,0.5366197107518351,0.5366197107518351,0.533802809383059,0.529577457329895,0.5281690066455069,0.5253521052767309,0.5239436545923429,0.5183098518547908,0.5084506970640748,0.5028168943265227,0.49154928885141846,0.4816901340607024,0.4746478806387623,0.4676056272168222,0.45915492311049405,0.45492957105733,0.4492957683197779,0.44507041626661387,0.4309859094227337,0.4225352053164056,0.4183098532632415,0.40704224778813736,0.3957746423130332,0.38873238889109313,0.3845070368379291,0.377464783415989,0.3704225299940489,0.36901407930966085,0.3647887272564968,0.36056337520333276,0.3577464738345567,0.3507042204126166,0.3464788683594526,0.3450704176750646,0.3436619669906765,0.3436619669906765,0.34225351630628853,0.32816900946240835,0.32112675604046825,0.30985915056536406,0.2985915450902599,0.2873239396151558,0.2802816861932157,0.2676056300337235,0.2591549259273954,0.25070422182106733,0.24788732045229128,0.24507041908351523,0.24507041908351523,0.2436619683991272,0.2352112642927991,0.228169010870859,0.2056337999206507,0.18028168760166638,0.16056337802023413,0.14929577254512996,0.1295774629636977,0.11971830817298158,0.09999999859154932,0.07380281586193214,0.06901408353501291,0.06197183011307282,0.05915492874429678,0.05774647805990876,0.05661971751239849,0.055211266828010315,0.05380281614362245,0.052394365459234434,0.04816901340607038,0.04647887258480461,0.045070421900416595,0.04225352053164056,0.03943661916286452,0.03521126710970046,0.03239436574092443,0.03098591505653641,0.02957746437214839,0.027042253140249942,0.025352112318984335,0.023943661634596314,0.023943661634596314,0.024225351771473985,0.024225351771473985,0.023943661634596314,0.023943661634596314,0.02112676026582028,0.01859154903392191,0.016901408212656222,0.015492957528268205,0.014084506843880186,0.011267605475104149,0.008450704106328111,0.007042253421940093,0.007042253421940093,0.005633802737552074,0.005633802737552074,0.002816901368776037,0.0014084506843880186,0.0,0.0,0.0,0.0,0.0,0.0,0.0,0.0014084506843880186,0.002816901368776037,0.005633802737552074,0.005633802737552074,0.007042253421940093,0.008450704106328111,0.014084506843880186,0.018309858897044243,0.023943661634596314,0.03098591505653641,0.04225352053164056,0.05211267532235669,0.05774647805990876,0.06478873148184885,0.07323943558817697,0.08873239311644517,0.10845070269787743,0.13802816707002583,0.14788732186074194,0.1746478848641143,0.1816901382860544,0.18591549033921845,0.1985915464987106,0.2112676026582028,0.21408450402697882,0.23239436292402307,0.23661971497718712,0.2436619683991272,0.24647886976790326,0.2521126725054553,0.26338027798055946,0.27042253140249956,0.27746478482443965,0.29014084098393184,0.29154929166831983,0.2929577423527079,0.2943661930370959,0.2943661930370959,0.2943661930370959,0.2957746437214839,0.29718309440587193,0.2985915450902599,0.299999995774648,0.30281689714342397,0.30281689714342397,0.30281689714342397,0.30845069988097606,0.31549295330291616,0.3267605587780203,0.3267605587780203,0.32816900946240835,0.32816900946240835,0.32816900946240835,0.3267605587780203,0.3267605587780203,0.3267605587780203,0.3267605587780203,0.3267605587780203,0.3267605587780203,0.3267605587780203,0.3239436574092443,0.3126760519341401,0.3112676012497521,0.3112676012497521
8319000,0.21581769147697466,0.21742627054388383,0.21742627054388383,0.21581769147697466,0.21581769147697466,0.21581769147697466,0.21849865658848985,0.21903484961079303,0.22117962170000507,0.21903484961079303,0.21903484961079303,0.21849865658848985,0.21849865658848985,0.21742627054388383,0.21742627054388383,0.21715817403273227,0.21715817403273227,0.21608578798812622,0.21715817403273227,0.21849865658848985,0.21983913914424746,0.21876675309964144,0.22010723565539905,0.22117962170000507,0.22252010425576269,0.22252010425576269,0.22252010425576269,0.22252010425576269,0.22278820076691427,0.22278820076691427,0.22252010425576269,0.22252010425576269,0.22117962170000507,0.22117962170000507,0.22252010425576269,0.22412868332267188,0.22680964843418708,0.22680964843418708,0.22680964843418708,0.2292225170345507,0.2308310961014599,0.23458444725758115,0.23592492981333876,0.23860589492485396,0.24128686003636918,0.2439678251478844,0.24691688677055118,0.25335120303818764,0.26193029139503643,0.2683646076626729,0.27479892393030936,0.28042895066449136,0.29088471459940063,0.29490616226667343,0.29651474133358263,0.3002680924897039,0.3099195668911587,0.32332439244873473,0.3300268052275228,0.33672921800631084,0.33994637614012907,0.3546916842534627,0.3686327028333418,0.3726541505006146,0.3766755981678874,0.37935656327940265,0.38337801094667545,0.3847184935024331,0.3863270725693423,0.3954423539484939,0.3983914155711607,0.4067024074168579,0.4101876620618276,0.4142091097291004,0.4182305573963732,0.42091152250788844,0.4222520050636461,0.4262734527309189,0.4316353829539493,0.43431634806546454,0.43833779573273735,0.44101876084425257,0.44825736664534377,0.46112599918061664,0.46782841195940467,0.4772117898497079,0.4828418165838899,0.4949061595857084,0.5069705025875267,0.5134048188551633,0.5308310920800122,0.5375335048588002,0.541554952526073,0.5442359176375883,0.5509383304163763,0.5565683571505583,0.5605898048178309,0.5646112524851039,0.5782841745538316,0.5898123245333469,0.5927613861560135,0.6010723780017109,0.6179624582042567,0.6273458360945598,0.6316353802729843,0.6369973104960147,0.6477211709420755,0.6608578999885,0.6680965057895911,0.6817694278583187,0.7053619208396527,0.7184986498860771,0.7278820277763803,0.7319034754436532,0.7372654056666836,0.7412868533339564,0.7493297486685021,0.7536192928469264,0.7630026707372297,0.7855227776739574,0.801608568343049,0.8257372543466857,0.8391420799042617,0.8391420799042617,0.8525469054618378,0.8659517310194138,0.8659517310194138,0.8793565565769899,0.8927613821345659,0.8954423472460812,0.9061662076921421,0.9195710332497181,0.9329758588072942,0.9463806843648702,0.9490616494763854,0.9597855099224463,0.9731903354800223,0.9865951610375984,0.9865951610375984,0.9865951610375984,0.9999999865951745,0.9999999865951745,0.9999999865951745,0.9999999865951745,0.9999999865951745,0.9999999865951745,0.9999999865951745,0.9865951610375984,0.9865951610375984,0.9865951610375984,0.9731903354800223,0.9597855099224463,0.9463806843648702,0.9463806843648702,0.9463806843648702,0.9329758588072942,0.9222519983612336,0.9195710332497181,0.9061662076921421,0.8927613821345659,0.8793565565769899,0.8659517310194138,0.8391420799042617,0.8257372543466857,0.801608568343049,0.7989276032315334,0.7855227776739574,0.7654155393375933,0.7522788102911688,0.7439678184454717,0.7340482475328653,0.7278820277763803,0.7190348429083802,0.7067024033954102,0.6890080336594098,0.6852546825032885,0.6772117871687429,0.6729222429903184,0.6662198302115304,0.6557640662766212,0.6487935569866816,0.6348525384068024,0.6262734500499538,0.6171581686708022,0.6085790803139534,0.5927613861560135,0.5764074989757708,0.572386051308498,0.5670241210854675,0.5576407431951643,0.5474530757714067,0.541554952526073,0.5270777409238909,0.5176943630335875,0.5120643362994057,0.50402144096486,0.5026809584091024,0.4991957037641328,0.49142090494073876,0.490616615407284,0.4788203689166171,0.4737265352047381,0.46729221893710166,0.46380696429213186,0.4584450340691014,0.44611259455613156,0.44235924340001015,0.4386058922438889,0.4369973131769797,0.4329758655097069,0.42761393528667646,0.42761393528667646,0.4158176887960096,0.4115281446175852,0.4016085737049791,0.3954423539484939,0.38230562490206943,0.3761394051455844,0.37184986096716,0.371313667944857,0.371313667944857,0.3699731853890994,0.3689007993444934,0.3686327028333418,0.3686327028333418,0.36756031678873563,0.36193029005455374,0.35790884238728093,0.35549597378691733,0.35040214007503834,0.3463806924077655,0.3436997272962504,0.34316353427394725,0.34316353427394725,0.33860589358437143,0.3340482528947956,0.33109919127212883,0.3257372610490984,0.31903484827031037,0.31635388315879515,0.3050938296904314,0.29624664482243107,0.2847184948429157,0.27613940648606694,0.2643431599954001,0.2627345809284909,0.25898122977236965,0.2466487902593996,0.23619302632449032,0.23056299959030832,0.21983913914424746,0.20777479614242902,0.18766755780606492,0.17479892527079202,0.14664879159988212,0.13431635208691223,0.126005360241215,0.11554959630630582,0.09624664750339625,0.0820375324123655,0.07372654056666836,0.0726541545220624,0.07372654056666836,0.07372654056666836,0.0726541545220624,0.0726541545220624,0.06461125918751677,0.05898123245333469,0.056568363852971135,0.05093833711878905,0.04852546851842549,0.043431634806546424,0.0402144766727282,0.03512064296084943,0.03485254644969777,0.03351206389394017,0.03083109878242495,0.029758712737819003,0.029758712737819003,0.031099195293576607,0.03378016040509167,0.03378016040509167,0.03351206389394017,0.03351206389394017,0.03351206389394017,0.03351206389394017,0.03083109878242495,0.025737265070546182,0.018766755780606492,0.01769436973600039,0.01501340462448533,0.012332439512969966,0.010723860446060851,0.006970509289939539,0.006702412778788033,0.005361930223030426,0.0040214476672728195,0.002680965111515213,0.0013404825557576064,0.00026809651115165844,0.0,0.0,0.00026809651115165844,0.0013404825557576064,0.002680965111515213,0.002680965111515213,0.0040214476672728195,0.0040214476672728195,0.0040214476672728195,0.0042895441784244785,0.005630026734182085,0.006970509289939539,0.010723860446060851,0.01420911509103066,0.018766755780606492,0.02707774762630379,0.036193029005455374,0.04584450340691028,0.051206433629940706,0.06487935569866812,0.07828418125624419,0.10589812190485091,0.11528149979515416,0.13565683464266984,0.16246648575782197,0.16970509155891303,0.17694369736000407,0.18230562758303448,0.1849865926945497,0.19168900547333773,0.19597854965176215,0.20670241009782298,0.2107238577650958,0.21447720892121705,0.22117962170000507,0.22654155192303552,0.23056299959030832,0.23324396470182354,0.2337801577241267,0.2337801577241267,0.23860589492485396,0.23887399143600554,0.23994637748061157,0.2439678251478844,0.24423592165903596,0.2479892728151572,0.2493297553709148,0.250938334437824,0.250938334437824,0.25201072048243,0.2536192995493392,0.256568361172006,0.25898122977236965,0.25898122977236965,0.256568361172006,0.25201072048243,0.2506702379266724,0.2482573693263088,0.24423592165903596,0.2439678251478844,0.2439678251478844,0.2426273425921268,0.23994637748061157,0.23887399143600554,0.23753350888024793,0.2348525437687327
8324000,0.09412121624714948,0.09412121624714948,0.09412121624714948,0.09412121624714948,0.09412121624714948,0.09412121624714948,0.09412121624714948,0.09412121624714948,0.09412121624714948,0.09412121624714948,0.09412121624714948,0.09564421327380239,0.09564421327380239,0.09594881267913297,0.09716721030045526,0.09869020732710819,0.10021320435376106,0.1035637978123975,0.10630519246037272,0.10935118651367852,0.10935118651367852,0.10935118651367852,0.10935118651367852,0.10935118651367852,0.10935118651367852,0.10935118651367852,0.10935118651367852,0.11087418354033145,0.1123971805669843,0.1154431746202901,0.11848916867359596,0.12001216570024884,0.12153516272690176,0.12305815975355464,0.12458115678020756,0.12458115678020756,0.12458115678020756,0.12762715083351336,0.1291501478601663,0.13067314488681916,0.13402373834545558,0.13828813002008367,0.13828813002008367,0.1398111270467366,0.1398111270467366,0.14194332288405073,0.14620771455867884,0.15047210623330692,0.15382269969194334,0.15504109731326565,0.15656409433991858,0.15991468779855494,0.1629606818518608,0.1672250735264889,0.17027106757979468,0.17027106757979468,0.1748400586597534,0.17971364914504273,0.18550103784632374,0.18550103784632374,0.1946390200062412,0.19920801108619987,0.2007310081128528,0.20377700216615857,0.20986899027277023,0.21321958373140662,0.21596097837938183,0.21778857481136532,0.22662195756595216,0.2311909486459109,0.24215652723781178,0.24642091891243995,0.261650889178969,0.26926587431223353,0.27688085944549806,0.2832774469574403,0.29211082971202706,0.3000304142506222,0.3189155773811183,0.33079495418901095,0.33810533991694486,0.3505939155354987,0.3682606810446723,0.38349065131120136,0.3987206215777304,0.40664020611632556,0.43100815854277214,0.44562892999863996,0.4599451020491772,0.4712152800464087,0.4766980693423592,0.49070964198756595,0.5169051908459958,0.5333535587338473,0.543709938515087,0.5863538552613684,0.6155953981731042,0.6326529648716166,0.6454461398955011,0.6823026679405013,0.703624626313642,0.7462685430599232,0.7651537061904192,0.7873894627795518,0.8184586021232709,0.8531829343309572,0.8678037057868252,0.9040510350211642,0.9308557826902555,0.9500455452260821,0.9975630524576524,0.9999998477002973,0.9975630524576524,0.9789824887324873,0.9707583047885614,0.946999551172776,0.939689165444842,0.9262867916102966,0.8745048927040979,0.8574473260055854,0.8428265545497176,0.8266827860671967,0.8184586021232709,0.7953090473181469,0.7758146853769896,0.7541881275985184,0.7410903531693033,0.7127626084735594,0.6883946560471129,0.6704232911326087,0.6554979202714102,0.6277793743863274,0.6122448047144676,0.5970148344479386,0.5662502945095499,0.5357903539764918,0.5205603837099627,0.47487047291037565,0.45050252048392925,0.407858603737648,0.3682606810446723,0.33780074051161424,0.30764539938388674,0.27688085944549806,0.261650889178969,0.23911053318450604,0.21596097837938183,0.19494361941157176,0.175144658065084,0.16356988066252207,0.1398111270467366,0.12458115678020756,0.09716721030045526,0.08559243289789323,0.07889124598062042,0.06731646857805833,0.06366127571409137,0.048431305447562335,0.04386231436760361,0.03777032626099201,0.030459940533058092,0.024367952426446467,0.02101735896781004,0.018275964319834817,0.017971364914504243,0.017971364914504243,0.016752967293181945,0.014925370861198444,0.012183976213223193,0.00883338275458682,0.00883338275458682,0.0073103857279339214,0.002741394647975197,0.002741394647975197,0.002741394647975197,0.002741394647975197,0.002741394647975197,0.002741394647975197,0.002741394647975197,0.002741394647975197,0.002741394647975197,0.002741394647975197,0.002741394647975197,0.002741394647975197,0.002741394647975197,0.002741394647975197,0.0,0.0015229970266528992,0.002741394647975197,0.0012183976213222976,0.002741394647975197,0.002741394647975197,0.002741394647975197,0.002741394647975197,0.0045689910799586704,0.007614985133264523,0.010660979186570293,0.011879376807892618,0.014925370861198444,0.014925370861198444,0.017971364914504243,0.017971364914504243,0.019798961346487717,0.025586350047768765,0.028632344101074562,0.028632344101074562,0.028632344101074562,0.03015534112772749,0.03015534112772749,0.03167833815438039,0.03320133518103329,0.03320133518103329,0.03320133518103329,0.03320133518103329,0.03472433220768621,0.03472433220768621,0.036247329234339085,0.036247329234339085,0.036247329234339085,0.03959792269297551,0.04081632031429781,0.04081632031429781,0.03959792269297551,0.03655192863966972,0.03777032626099201,0.03777032626099201,0.036247329234339085,0.03472433220768621,0.03320133518103329,0.03198293755971099,0.028632344101074562,0.02741394647975224,0.027109347074421666,0.025586350047768765,0.024063353021115865,0.02254035599446297,0.02101735896781004,0.01949436194115714,0.017971364914504243,0.01949436194115714,0.019798961346487717,0.019798961346487717,0.02132195837314067,0.02254035599446297,0.02101735896781004,0.02101735896781004,0.02101735896781004,0.02101735896781004,0.02101735896781004,0.02101735896781004,0.02101735896781004,0.02101735896781004,0.02101735896781004,0.02101735896781004,0.02132195837314067,0.019798961346487717,0.017971364914504243,0.017971364914504243,0.017971364914504243,0.017971364914504243,0.017971364914504243,0.01949436194115714,0.02101735896781004,0.02132195837314067,0.02254035599446297,0.024063353021115865,0.024063353021115865,0.025586350047768765,0.027109347074421666,0.028632344101074562,0.03015534112772749,0.03167833815438039,0.03167833815438039,0.03167833815438039,0.03167833815438039,0.03320133518103329,0.03320133518103329,0.03320133518103329,0.03472433220768621,0.036247329234339085,0.036247329234339085,0.03777032626099201,0.039293323287644885,0.042339317340950734,0.04568991079958711,0.048431305447562335,0.05300029652752106,0.05756928760747978,0.060919881066116156,0.06670726976739717,0.06853486619938068,0.07310385727933946,0.0773682489539675,0.07889124598062042,0.08041424300727334,0.08193724003392622,0.08346023706057915,0.08346023706057915,0.08498323408723202,0.08650623111388495,0.08650623111388495,0.08955222516719075,0.09412121624714948,0.09412121624714948,0.09594881267913297,0.09899480673243877,0.10204080078574462,0.10478219543371979,0.10478219543371979,0.10782818948702559,0.10813278889235621,0.10935118651367852,0.10935118651367852,0.10935118651367852,0.10935118651367852,0.10935118651367852,0.10935118651367852,0.10935118651367852,0.10935118651367852,0.10935118651367852,0.10935118651367852,0.10935118651367852,0.10935118651367852,0.10935118651367852,0.10935118651367852,0.10935118651367852,0.10935118651367852,0.10935118651367852,0.10935118651367852,0.10935118651367852,0.10935118651367852,0.10935118651367852,0.10813278889235621,0.10478219543371979,0.10173620138041399,0.10021320435376106,0.10021320435376106,0.10021320435376106,0.10021320435376106,0.09899480673243877,0.09594881267913297,0.09412121624714948,0.09412121624714948,0.09412121624714948,0.09412121624714948,0.09290281862582717,0.09412121624714948,0.09412121624714948,0.09412121624714948,0.09412121624714948,0.09412121624714948,0.09412121624714948,0.09412121624714948,0.09412121624714948,0.09412121624714948,0.09259821922049655,0.09107522219384367,0.09137982159917425,0.09259821922049655,0.09259821922049655,0.09412121624714948,0.09290281862582717,0.09259821922049655,0.09137982159917425,0.09259821922049655,0.09259821922049655
8330000,0.6841715849820345,0.6838017625036658,0.6838017625036658,0.6823224725901912,0.6823224725901912,0.6823224725901912,0.6838017625036658,0.6841715849820345,0.6841715849820345,0.6838017625036658,0.6823224725901912,0.6786242478065044,0.6782544253281357,0.6764053129362924,0.6764053129362924,0.6745562005444491,0.6730769106309745,0.6712277982391311,0.6708579757607623,0.6693786858472878,0.6708579757607623,0.6708579757607623,0.6708579757607623,0.6708579757607623,0.6708579757607623,0.6712277982391311,0.6712277982391311,0.6727070881526057,0.6745562005444491,0.6749260230228178,0.6767751354146612,0.6804733601983478,0.6819526501118224,0.6819526501118224,0.6804733601983478,0.6823224725901912,0.6838017625036658,0.6845414074604033,0.6874999872873524,0.6874999872873524,0.6930473244628824,0.6948964368547258,0.6967455492465691,0.6989644841167811,0.7026627089004679,0.7078402235976291,0.7115384483813157,0.7119082708596846,0.7152366731650025,0.7137573832515278,0.7152366731650025,0.7152366731650025,0.7170857855568458,0.7156064956433712,0.7152366731650025,0.7156064956433712,0.7170857855568458,0.7189348979486891,0.7207840103405325,0.7211538328189012,0.7211538328189012,0.7211538328189012,0.7211538328189012,0.7226331227323758,0.7226331227323758,0.7263313475160624,0.7263313475160624,0.7248520576025879,0.7226331227323758,0.7226331227323758,0.7211538328189012,0.7193047204270578,0.7193047204270578,0.7189348979486891,0.7174556080352146,0.7063609336841545,0.6952662593330945,0.6841715849820345,0.6786242478065044,0.6638313486717577,0.663461526193389,0.6575443665394904,0.6508875619288544,0.6508875619288544,0.6545857867125411,0.6545857867125411,0.6542159642341724,0.6542159642341724,0.6545857867125411,0.6542159642341724,0.6560650766260157,0.663461526193389,0.6678993959338132,0.6749260230228178,0.6767751354146612,0.6801035377199791,0.6897189221575645,0.6952662593330945,0.6989644841167811,0.7056212887274173,0.7119082708596846,0.7178254305135833,0.7307692172564865,0.7414940691291779,0.7485206962181825,0.7540680333937125,0.7559171457855559,0.7729289797905147,0.7910502812305792,0.8039940679734826,0.8095414051490126,0.8113905175408559,0.8228550143702847,0.8354289786348194,0.839127203418506,0.8409763158103494,0.8565088599018333,0.866863889296156,0.8786982086039533,0.8934911077387,0.9134615215706082,0.9282544207053549,0.9448964322319449,0.9541419941911615,0.9600591538450602,0.9678254258908023,0.9678254258908023,0.9637573786287469,0.9637573786287469,0.9633875561503782,0.9730029405879635,0.9781804552851249,0.9818786800688115,0.9874260172443415,0.9907544195496595,0.9999999815088761,0.9955621117684523,0.9907544195496595,0.9892751296361849,0.9844674374173924,0.9889053071578161,0.9844674374173924,0.9800295676769681,0.9796597451985994,0.9781804552851249,0.9744822305014381,0.972263295631226,0.972263295631226,0.9685650708475394,0.9670857809340648,0.9648668460638528,0.9578402189748482,0.9519230593209493,0.9467455446237881,0.9389792725780461,0.9278845982269861,0.9260354858351428,0.9193786812245069,0.9093934743085528,0.9060650720032348,0.9001479123493361,0.8912721728684881,0.8816567884309027,0.8742603388635294,0.8635354869908382,0.8524408126397781,0.833579866242976,0.8095414051490126,0.7932692161007914,0.7747780921823579,0.7433431815210213,0.7337277970834358,0.7133875607731591,0.7004437740302558,0.6838017625036658,0.6767751354146612,0.6642011711501263,0.6582840114962278,0.6505177394504857,0.6434911123614812,0.6253698109214165,0.6083579769164578,0.5950443676951856,0.5806212910388078,0.5769230662551211,0.5661982143824296,0.5580621198583189,0.5469674455072588,0.5380917060264109,0.5325443688508811,0.5269970316753511,0.5229289844132955,0.5177514697161344,0.5122041325406044,0.5062869728867054,0.49926034579770096,0.49741123340585763,0.4933431861438021,0.4914940737519588,0.4896449613601154,0.4896449613601154,0.48039939940089876,0.47670117461721206,0.4730029498335254,0.4693047250498387,0.4656065002661521,0.4626479204392027,0.4530325360016176,0.43860945934523954,0.4304733648211287,0.42862425242928537,0.4197485129484373,0.4138313532945387,0.4119822409026953,0.40643490372716534,0.4012573890300042,0.3994082766381608,0.389053247243838,0.3846153775034141,0.3790680403278841,0.37536981554419724,0.3661242535849808,0.36057691640945055,0.3565088691473952,0.34911241958002187,0.34578401727470387,0.3454141947963352,0.3350591654020127,0.33062129566158854,0.3250739584860585,0.3213757337023718,0.31213017174315516,0.30510354465415057,0.30325443226230725,0.29955620747862055,0.2940088703030905,0.29363904782472183,0.28994082304103513,0.2869822432140858,0.28291419595203054,0.27958579364671243,0.2703402316874958,0.2622041371633851,0.25665679998785507,0.2529585752041684,0.2459319481151638,0.24371301324495173,0.24186390085310838,0.23853549854779046,0.23261833889389172,0.22041419710772575,0.20673076540808502,0.19045857635986374,0.17011834004958704,0.15384615100136564,0.14127218673683095,0.12721893255882155,0.11279585590244351,0.08727810489500555,0.07544378558720814,0.06323964380104218,0.05584319423366884,0.047707099709558096,0.04437869740424007,0.04437869740424007,0.04215976253402809,0.03920118270707881,0.03476331296665474,0.033284023053180053,0.02958579826949338,0.018491123918433362,0.018121301440064717,0.016642011526590027,0.010724851872691371,0.010724851872691371,0.010724851872691371,0.0036982247836866724,0.0,0.0,0.0,0.007766272045742096,0.018121301440064717,0.02403846109396337,0.02958579826949338,0.032914200574811404,0.033284023053180053,0.03476331296665474,0.04252958501239673,0.04992603457977008,0.06656804610636011,0.07211538328189011,0.07914201037089481,0.08284023515458164,0.09615384437585348,0.10355029394322683,0.10872780864038818,0.11686390316449893,0.12721893255882155,0.13091715734250822,0.1346153821261949,0.14423076656378034,0.15199703860952232,0.1682692276577437,0.17344674235490495,0.190088753881495,0.20340236310276708,0.212278102583615,0.2270710017183617,0.2381656760694217,0.2533283976825372,0.2629437821201225,0.2755177463846572,0.3028846097839385,0.3272928933562706,0.3661242535849808,0.40458579133532196,0.42492602764559867,0.44156803917218873,0.47485206222536874,0.4914940737519588,0.5044378604948622,0.5140532449324476,0.5251479192835077,0.5443786881586783,0.5728550189930658,0.5880177406061812,0.6024408172625589,0.6172337163973056,0.6253698109214165,0.6305473256185777,0.6360946627941078,0.641272177491269,0.663461526193389,0.6690088633689191,0.6764053129362924,0.6841715849820345,0.7004437740302558,0.7063609336841545,0.7078402235976291,0.7096893359894725,0.7159763181217398,0.7211538328189012,0.7281804599079058,0.7374260218671225,0.7411242466508091,0.7448224714344959,0.7448224714344959,0.7448224714344959,0.7451922939128646,0.7485206962181825,0.7488905186965512,0.7488905186965512,0.7488905186965512,0.7503698086100259,0.7503698086100259,0.7503698086100259,0.7448224714344959,0.7429733590426525,0.7429733590426525,0.7374260218671225,0.7359467319536479,0.7359467319536479,0.7355769094752792,0.7337277970834358,0.7322485071699613,0.7318786846915925
8361000,6.579053494041899e-05,5.461855730902708e-05,4.717057222143226e-05,4.592924137349983e-05,4.096391798177022e-05,3.475726374210798e-05,2.8550609502445872e-05,2.8550609502445872e-05,3.475726374210798e-05,4.096391798177022e-05,4.096391798177022e-05,4.096391798177022e-05,4.096391798177022e-05,4.096391798177022e-05,4.096391798177022e-05,3.475726374210798e-05,4.096391798177022e-05,2.9791940350378375e-05,2.9791940350378375e-05,4.096391798177022e-05,4.096391798177022e-05,4.096391798177022e-05,5.3377226461095055e-05,4.096391798177022e-05,2.4826616958648706e-05,1.613730102312152e-05,0.0,0.0,1.613730102312152e-05,1.613730102312152e-05,2.4826616958648706e-05,0.00010799578377012152,0.00024454217704269934,0.0007286612077363385,0.0008093477128519535,0.001133335064162312,0.0011531963577292314,0.00121278023842999,0.0013530506242463527,0.0014920796792147924,0.002012197304498479,0.002426801807707912,0.0027185145569720306,0.002902231522466031,0.002951884756383328,0.0030127099679320172,0.0032063575802094768,0.0032274602046243298,0.0035017943220173966,0.0036457887003775585,0.003831988327567424,0.003831988327567424,0.003956121412360667,0.003974741375079654,0.004155975678877789,0.004241627507385127,0.004846155630328229,0.005693984599466075,0.006314650023432292,0.006687049277812022,0.0068235956710845916,0.0072580614678609415,0.00750632763744743,0.007816660349430538,0.008114579752934321,0.008238712837727565,0.008375259231000133,0.008735245176900538,0.00894627142104906,0.009889682865477705,0.010659307991195811,0.010659307991195811,0.011900638839128246,0.013439889090564483,0.016245296806891765,0.024289120701494013,0.05609201702552291,0.0987937981943987,0.2584289452385096,0.3019996580009383,0.37250725016350034,0.41297463580609767,0.4184364915370004,0.4215398186568315,0.4221604840807977,0.4229052825895571,0.42464314577666257,0.42551207737021535,0.4304774007619451,0.4324635301186369,0.4384219181887126,0.4432631084956491,0.4495938958201045,0.45207655751596937,0.4550557515510072,0.4623796035538091,0.5085571110968952,0.5570931472510535,0.5947054719434061,0.6030223886245534,0.6123323699840466,0.617670092630156,0.617670092630156,0.6177942257149494,0.6185390242237088,0.6182907580541223,0.6177942257149494,0.617670092630156,0.6161804956126372,0.6123323699840466,0.610966906051321,0.6048843848964521,0.5995466622503427,0.5943330726890262,0.5793129694290441,0.5716167181718628,0.5615619383036102,0.5418247778214844,0.5318941310380251,0.5228324158481182,0.5222117504241519,0.5222117504241519,0.5220876173393586,0.5246944121200168,0.5246944121200168,0.5235772143568777,0.5246944121200168,0.5246944121200168,0.5246944121200168,0.5246944121200168,0.5235772143568777,0.5223358835089451,0.5235772143568777,0.5255633437135695,0.5284184046638141,0.5372318536841343,0.5469142342980073,0.5495210290786655,0.5711201858326898,0.5880022853645709,0.6004155938438955,0.6133254346623925,0.64001404789294,0.7629058018382509,0.7939390730365617,0.8063523815158861,0.8311789984745347,0.8435923069538591,0.8497989611935213,0.8560056154331834,0.8684189239125077,0.8870388866314943,0.9180721578298051,0.9242788120694673,0.9366921205487916,0.9366921205487916,0.949105429028116,0.949105429028116,0.9553120832677782,0.9553120832677782,0.9615187375074403,0.9677253917471025,0.9739320459867646,0.9801387002264268,0.9813800310743594,0.986345354466089,0.9925520087057512,0.9925520087057512,0.9925520087057512,0.9987586629454134,0.9999999937933458,0.9987586629454134,0.9925520087057512,0.986345354466089,0.9751733768346971,0.9739320459867646,0.9677253917471025,0.9627600683553729,0.9553120832677782,0.949105429028116,0.9428987747884539,0.9366921205487916,0.9304854663091294,0.9180721578298051,0.9056588493504808,0.8932455408711565,0.8808322323918321,0.8684189239125077,0.8622122696728456,0.8497989611935213,0.8435923069538591,0.8435923069538591,0.837385652714197,0.8311789984745347,0.8249723442348725,0.8187656899952104,0.8063523815158861,0.7939390730365617,0.7753191103175752,0.769112456077913,0.751733824206859,0.6834606275705752,0.6698059882433183,0.657392679763994,0.6276007394136155,0.5793129694290439,0.5677685925432723,0.5408317131431385,0.5029711222811992,0.5004884605853344,0.4906819468866681,0.4792617030856897,0.466103596097606,0.4562970823989396,0.44934562965051805,0.43966324903664505,0.43705645425598694,0.4340772602209491,0.43271179628822337,0.43147046544029094,0.4308498000163247,0.42836713832045986,0.42662927513335447,0.42600860970938825,0.42464314577666257,0.42340181492873014,0.41856062462179366,0.4160779629259288,0.40987130868626664,0.4068921146512288,0.4041611867857774,0.3967132016981828,0.39311334223917876,0.39075481362810716,0.3862860225755504,0.37449337952019224,0.3614594056169017,0.3440807737458477,0.3116820386148111,0.30435818661200975,0.27295251615931915,0.25048442781174207,0.22118901980053662,0.21684436183277314,0.21001704216914474,0.18965921626305307,0.08600809046069469,0.028720671828612848,0.0227374571415784,0.01785902690920393,0.016307363349288388,0.014457780385869068,0.013141969687060679,0.012409584486780544,0.011279973415162028,0.010659307991195811,0.010038642567229594,0.009765549780684462,0.00879731171929716,0.008499392315793376,0.008176646295330943,0.007618047413761347,0.007382194552654187,0.006935315447398509,0.006687049277812022,0.006438783108225535,0.006116037087763108,0.005693984599466075,0.005569851514672832,0.00533399865356567,0.005075801837195722,0.004916911488660374,0.004700919921120128,0.004452653751533641,0.004452653751533641,0.004407965841008074,0.004328520666740397,0.004266454124343776,0.00421183556703475,0.004177078303292641,0.004142321039550532,0.004049221225955599,0.003844401636046749,0.0034595890731876936,0.003223736212080532,0.0023535632876798968,0.0018781335729217757,0.0016733139830129222,0.0013592572784860179,0.0011693336587523526,0.0011395417184019744,0.0011010604621160688,0.0010414765814153121,0.000984375362410421,0.000852794292529582,0.0008031410586122851,0.0007361091928239337,0.0006231480856620822,0.0005797015059844465,0.0005275656103712845,0.0004890843540853795,0.0004803950381498518,0.0004307418042325555,0.0003612272767483386,0.0003562619533566083,0.0003562619533566083,0.0003562619533566083,0.0003562619533566083,0.0003562619533566083,0.0003562619533566083,0.0003562619533566083,0.0003562619533566083,0.0003463313065731488,0.0003388833214855545,0.00032771134385416254,0.00032771134385416254,0.0003388833214855545,0.0003463313065731488,0.0003562619533566083,0.0003562619533566083,0.0003562619533566083,0.0003562619533566083,0.0003562619533566083,0.0003463313065731488,0.0003326766672458923,0.000305367388591379,0.0002954367418079191,0.0002954367418079191,0.000302884726895514,0.0002954367418079191,0.000302884726895514,0.0002954367418079191,0.0002954367418079191,0.00029419541095998666,0.00029419541095998666,0.00029419541095998666,0.00029419541095998666,0.00029419541095998666,0.00029419541095998666,0.00029419541095998666,0.00029419541095998666,0.00029419541095998666,0.00029419541095998666,0.00029419541095998666,0.00029419541095998666,0.0002892300875682572,0.00028302343332859504,0.00027681677908893257,0.00024454217704268926,0.00023461153025923005,0.0002321288685633649,0.00022095689093197312,0.000197371604821257,0.00019488894312539185,0.00019488894312539185,0.0001899236197336621,0.0001539250251436223,0.0001390290549684324,0.0001390290549684324,0.0001390290549684324,0.00013406373157670294,0.00012040909224944587,9.061715189906756e-05,8.937582105113499e-05,8.937582105113499e-05,8.937582105113499e-05
8377900,0.005363983093432635,0.004538754925212244,0.00383141649530904,0.00383141649530904,0.00383141649530904,0.003536692149516019,0.003536692149516019,0.003595637018674639,0.00383141649530904,0.00383141649530904,0.00383141649530904,0.00383141649530904,0.00383141649530904,0.00383141649530904,0.00383141649530904,0.00383141649530904,0.00383141649530904,0.00383141649530904,0.00383141649530904,0.003595637018674639,0.0025935742429784403,0.0011788973831720064,0.0008841730373790113,0.0008841730373790113,0.0008841730373790113,5.8944869158593774e-05,0.0,0.0008841730373790113,0.0008841730373790113,0.003300912672881644,0.00383141649530904,0.00383141649530904,0.00383141649530904,0.004774534401846645,0.005599762570067036,0.006778659953239043,0.006778659953239043,0.006778659953239043,0.006778659953239043,0.006778659953239043,0.006778659953239043,0.006837604822397637,0.007073384299032038,0.008311226551362638,0.009431179065376051,0.009725903411169046,0.00978484828032764,0.010433241841072275,0.012437367392464673,0.013085760953209284,0.015620390327029077,0.015620390327029077,0.0173887364017871,0.019569696560655304,0.02151487724288911,0.02399056174755031,0.026819915467163124,0.03100500117742378,0.033303851074609175,0.03595637018674618,0.03625109453253918,0.03625109453253918,0.03742999191571118,0.03919833799046918,0.04214558144839921,0.04509282490632921,0.0451517697754878,0.04804006836425924,0.05098731182218924,0.05098731182218924,0.05399350014927787,0.05688179873804927,0.05982904219597927,0.0627762856539093,0.0657235291118393,0.07161801602769934,0.07485998383142234,0.08045974640148937,0.0863542333173494,0.09224872023320944,0.09814320714906945,0.10462714275651554,0.11287942443871951,0.12602413026108736,0.13380485299002268,0.14217502441054383,0.15319771494320214,0.16038898898055132,0.16887705013938978,0.17536098574683587,0.1983494847186899,0.1983494847186899,0.21308570200833998,0.22782191929799003,0.22782191929799003,0.2513998669614302,0.25729435387729016,0.25729435387729016,0.2679044303258384,0.2867667884565903,0.2991452109798964,0.3162392230358904,0.3162392230358904,0.3315648890171265,0.34571165761519057,0.3463011063067767,0.3751840921944907,0.37872078434400686,0.4046565267737908,0.42941337182040307,0.43471841004467704,0.49307383051169124,0.5225462650909913,0.5520186996702915,0.5679338143431136,0.6086057740625478,0.6109635688288918,0.6404360034081918,0.669908437987492,0.6834657578939702,0.6999703212583782,0.7288533071460923,0.7589151904169785,0.7877981763046925,0.7960504579868969,0.8296490334072988,0.847921942846465,0.8667843009772171,0.876215480042593,0.9056879146218931,0.9351603492011932,0.9599171942478055,0.9646327837804934,0.9799584497617299,0.9999997052756541,0.9941052183597936,0.9664011298552515,0.9304447596685053,0.8467430454632928,0.8196284056503369,0.798408252753241,0.7642202286412527,0.7435895244357423,0.7288533071460923,0.7052753594826525,0.6816974118192124,0.6463304903240524,0.6109635688288918,0.5814911342495916,0.5225462650909913,0.5225462650909913,0.49307383051169124,0.46831698546507944,0.4636013959323911,0.434128961353091,0.40583542415696294,0.37754188696083485,0.3751840921944907,0.3463011063067767,0.34571165761519057,0.3162392230358904,0.3162392230358904,0.3003241083630685,0.2867667884565903,0.2867667884565903,0.25729435387729016,0.25729435387729016,0.24020034182129615,0.23253750883067817,0.22782191929799003,0.22251688107371606,0.2113173559335821,0.207780663784066,0.20719121509247995,0.2012967281766199,0.1983494847186899,0.1983494847186899,0.1983494847186899,0.1983494847186899,0.1983494847186899,0.1983494847186899,0.1983494847186899,0.1983494847186899,0.19599168995234595,0.1954022412607599,0.19599168995234595,0.1983494847186899,0.1983494847186899,0.1983494847186899,0.1983494847186899,0.2012967281766199,0.21013845855040997,0.21367515069992596,0.21603294546626997,0.21662239415785597,0.22192743238213003,0.22251688107371606,0.22487467584006005,0.22782191929799003,0.22782191929799003,0.22782191929799003,0.22782191929799003,0.23076916275592005,0.23371640621385004,0.23371640621385004,0.23430585490543612,0.2366636496717801,0.23371640621385004,0.23371640621385004,0.23371640621385004,0.23371640621385004,0.23371640621385004,0.23135861144750602,0.2366636496717801,0.2396108931297101,0.2396108931297101,0.2396108931297101,0.2396108931297101,0.24020034182129615,0.2425581365876401,0.2455053800455701,0.2455053800455701,0.2455053800455701,0.24845262350350011,0.2490420721950862,0.24845262350350011,0.2490420721950862,0.24845262350350011,0.2490420721950862,0.2460948287371561,0.2455053800455701,0.2455053800455701,0.2455053800455701,0.2455053800455701,0.2455053800455701,0.24314758527922609,0.24314758527922609,0.2425581365876401,0.24020034182129615,0.2396108931297101,0.2425581365876401,0.2425581365876401,0.2425581365876401,0.2425581365876401,0.23725309836336614,0.23430585490543612,0.2366636496717801,0.23371640621385004,0.22782191929799003,0.22782191929799003,0.22782191929799003,0.22782191929799003,0.22546412453164608,0.2189801889242,0.21308570200833998,0.207780663784066,0.1983494847186899,0.1983494847186899,0.1983494847186899,0.1983494847186899,0.1954022412607599,0.1924549978028299,0.18714995957855582,0.18125547266269587,0.17536098574683587,0.17477153705524978,0.16887705013938978,0.16887705013938978,0.16657820024220438,0.16475090929828773,0.1600353197655997,0.1541997777188983,0.1511935893918097,0.14553488195258407,0.14358970127035023,0.14123190650400622,0.13645737210215964,0.13351012864422962,0.12855875963490723,0.12466839827043957,0.12378422523306058,0.11877391135457957,0.11582666789664951,0.11299731417703669,0.11087529888732711,0.10698493752285951,0.10509870170978429,0.10409663893408806,0.1025051274668059,0.10173884416774404,0.10109045060699948,0.1003241673079377,0.09938104940140007,0.09814320714906945,0.09672853028926304,0.09519596369113945,0.09260238944816106,0.09024459468181702,0.08930147677527941,0.08723840635472842,0.0863542333173494,0.08399643855100539,0.08045974640148937,0.07757144781271796,0.07751250294355937,0.07639255042954596,0.07456525948562934,0.07374003131740896,0.07161801602769934,0.06931916613051398,0.0686707725697693,0.0657235291118393,0.0657235291118393,0.06360151382212972,0.0627762856539093,0.05988798706513787,0.059239593504393284,0.056646019261414896,0.05393455528011924,0.051340981037140854,0.05098731182218924,0.05098731182218924,0.05098731182218924,0.04804006836425924,0.0451517697754878,0.04509282490632921,0.044857045429694806,0.042793975009143816,0.04214558144839921,0.04143824301849603,0.039316227728786395,0.038490999560566,0.03625109453253918,0.034777472803574176,0.033303851074609175,0.031948119083961356,0.030415552485837737,0.029059820495189948,0.02740936415874914,0.02469790017745354,0.02151487724288911,0.02151487724288911,0.02151487724288911,0.02151487724288911,0.02151487724288911,0.020335979859717128,0.01927497221486231,0.018567633784959108,0.01703506718683551,0.016327728756932308,0.015620390327029077,0.01479516215880866,0.012673146869099075,0.012673146869099075,0.012437367392464673,0.011847918700878658,0.011199525140134073,0.010963745663499672,0.010020627756962067,0.009725903411169046,0.009725903411169046,0.009725903411169046,0.00854700602799704,0.006778659953239043,0.006778659953239043,0.006778659953239043
8378500,0.010526314681440559,0.008842104332410106,0.0014736840554017217,0.0,0.0,0.0002105262936288441,0.0,0.0,0.0,0.0,0.0,0.0,0.0,0.0,0.0,0.0002105262936288441,0.0,0.0,0.0,0.0,0.0,0.0,0.0,0.0,0.0,0.0,0.0,0.0,0.0,0.0,0.0,0.0,0.0,0.0,0.0,0.0,0.0,0.0,0.0,0.0,0.004421052166205053,0.009473683213296488,0.010526314681440559,0.010526314681440559,0.010526314681440559,0.010526314681440559,0.010526314681440559,0.010526314681440559,0.012842103911357471,0.017052629783933716,0.021052629362881117,0.021052629362881117,0.021052629362881117,0.023157892299169223,0.0263157867036014,0.02736841817174547,0.031578944044321676,0.031578944044321676,0.037052627678670805,0.042105258725762235,0.042105258725762235,0.043368416487535116,0.04526315313019441,0.049473679002770624,0.05157894193905873,0.0526315734072028,0.0526315734072028,0.0526315734072028,0.057894730747923076,0.06210525662049929,0.06315788808864335,0.063578940675901,0.07368420277008392,0.07810525493628898,0.08421051745152447,0.08526314891966855,0.0938947269584498,0.09684209506925313,0.1052631468144056,0.1052631468144056,0.11578946149584615,0.1263157761772867,0.1263157761772867,0.13684209085872728,0.14736840554016783,0.1578947202216084,0.16842103490304894,0.17894734958448952,0.18947366426593007,0.20210524188365878,0.22105260831025175,0.2315789229916923,0.24210523767313286,0.2614736566869835,0.2705262873130224,0.27368418171745457,0.2842104963988951,0.29284207443767635,0.30231575765097285,0.30673680981717805,0.3263157551246573,0.3473683844875385,0.35894733063712314,0.37894732853186014,0.3957894320221651,0.4138946932742429,0.43157890193906295,0.4448420584376781,0.46421047745152877,0.5002104736620555,0.526315734072028,0.5570525729418345,0.5688420453850479,0.6006315157229983,0.6412630903933589,0.6776841391911433,0.7052630836565175,0.7368420277008392,0.7591578148254932,0.7941051795678757,0.8210525451523636,0.8421051745152448,0.8631578038781259,0.884210433241007,0.8947367479224475,0.9052630626038881,0.9157893772853287,0.9263156919667692,0.938947269584498,0.9473683213296503,0.9494735842659386,0.9684209506925314,0.9894735800554126,0.9999998947368531,0.9999998947368531,0.9915788429917008,0.9810525283102604,0.9684209506925314,0.9473683213296503,0.938947269584498,0.9263156919667692,0.8968420108587358,0.8947367479224475,0.8526314891966853,0.8202104399778484,0.7966314950914216,0.7511578156675983,0.7326315018282629,0.703789399601116,0.6728420344376805,0.6509472999002842,0.6235788817285388,0.6111578304044389,0.589894674747929,0.5789473074792307,0.5511578367202277,0.5389473116897568,0.5052631047091468,0.4858946856952963,0.47368416066482516,0.45347363647645944,0.43263153340720706,0.42021048208310713,0.3983157475457108,0.37052627678670785,0.3587368043434943,0.3484210159556826,0.3368420698060979,0.31410523009418634,0.3025262839446017,0.29221049555678996,0.28442102269252395,0.2842104963988951,0.2806315494072053,0.27705260241551555,0.274315760598341,0.27368418171745457,0.27368418171745457,0.27368418171745457,0.27368418171745457,0.2669473403213327,0.2652631299723023,0.263157867036014,0.263157867036014,0.263157867036014,0.2612631303933547,0.263157867036014,0.263157867036014,0.263157867036014,0.263157867036014,0.2639999722105293,0.2696841821385072,0.27368418171745457,0.27368418171745457,0.27368418171745457,0.27368418171745457,0.27368418171745457,0.27368418171745457,0.27368418171745457,0.2707368136066512,0.2696841821385072,0.2686315506703631,0.26484207738504445,0.26421049850415806,0.26336839332964285,0.263157867036014,0.263157867036014,0.2604210252188395,0.25578944675900556,0.2526315523545734,0.2526315523545734,0.25010523683102776,0.2433683954349058,0.2526315523545734,0.2526315523545734,0.2528420786482023,0.2528420786482023,0.2528420786482023,0.25578944675900556,0.2541052364099751,0.2541052364099751,0.2526315523545734,0.24442102690304993,0.24210523767313286,0.24210523767313286,0.24126313249861764,0.2315789229916923,0.2279999760000025,0.22105260831025175,0.21915787166759246,0.21810524019944838,0.2189473453739636,0.2178947139058196,0.2128420828587281,0.2105262936288112,0.2105262936288112,0.2105262936288112,0.21073681992244003,0.2128420828587281,0.21494734579501623,0.21389471432687218,0.2117894513905841,0.21157892509695525,0.2117894513905841,0.2105262936288112,0.20884208327978074,0.2033683996454316,0.19999997894737062,0.19999997894737062,0.19810524230471133,0.19368419013850627,0.19073682202770298,0.18947366426593007,0.18947366426593007,0.18863155909141485,0.1842105069252098,0.1812631388144065,0.1799999810526336,0.17894734958448952,0.17789471811634544,0.17789471811634544,0.172842087069254,0.16842103490304894,0.16842103490304894,0.16842103490304894,0.16842103490304894,0.16463156161773035,0.15831577280886608,0.1578947202216084,0.15073682623822882,0.14863156330194074,0.14736840554016783,0.14210524819944756,0.13684209085872728,0.13684209085872728,0.13684209085872728,0.13368419645429513,0.1263157761772867,0.1263157761772867,0.12378946065374104,0.12105261883656643,0.11621051408310384,0.11578946149584615,0.11578946149584615,0.11578946149584615,0.11578946149584615,0.11578946149584615,0.11578946149584615,0.11389472485318686,0.11389472485318686,0.11368419855955805,0.11052630415512588,0.10863156751246658,0.10631577828254966,0.1052631468144056,0.1052631468144056,0.1052631468144056,0.1052631468144056,0.10147367352908704,0.09684209506925313,0.09578946360110911,0.09473683213296503,0.09473683213296503,0.09473683213296503,0.09368420066482097,0.09284209549030574,0.08947367479224476,0.08842104332410068,0.08842104332410068,0.08421051745152447,0.08421051745152447,0.08421051745152447,0.0789473601108042,0.07368420277008392,0.07368420277008392,0.07368420277008392,0.07368420277008392,0.07368420277008392,0.06736841396121956,0.06315788808864335,0.06315788808864335,0.06315788808864335,0.06210525662049929,0.05705262557340785,0.0526315734072028,0.0526315734072028,0.050526310470914694,0.04547367942382322,0.043368416487535116,0.042105258725762235,0.042105258725762235,0.042105258725762235,0.042105258725762235,0.03473683844875385,0.031578944044321676,0.031578944044321676,0.031578944044321676,0.031578944044321676,0.031578944044321676,0.031578944044321676,0.028421049639889503,0.02210526083102519,0.021052629362881117,0.021052629362881117,0.021052629362881117,0.021052629362881117,0.021052629362881117,0.021052629362881117,0.021052629362881117,0.017052629783933716,0.011157893562327091,0.010526314681440559,0.010526314681440559,0.010526314681440559,0.010526314681440559,0.010526314681440559,0.010526314681440559,0.010526314681440559,0.010526314681440559,0.010526314681440559,0.010526314681440559,0.010526314681440559,0.010526314681440559,0.010526314681440559,0.010526314681440559,0.010526314681440559
8379500,0.07417190120465329,0.0757569445728623,0.07600079739874063,0.07587887098580147,0.0746596068564099,0.07600079739874063,0.07673235587637556,0.07742327221636412,0.07742327221636412,0.07742327221636412,0.07742327221636412,0.07742327221636412,0.07726070366577857,0.07709813511519305,0.07730134580342496,0.07742327221636412,0.0772200615281322,0.07600079739874063,0.07600079739874063,0.07624465022461896,0.07673235587637556,0.0766104294634364,0.07738263007871772,0.07742327221636412,0.07738263007871772,0.07742327221636412,0.07742327221636412,0.07726070366577857,0.07774840931753521,0.07888638917163399,0.0811217067421852,0.07888638917163399,0.07888638917163399,0.07888638917163399,0.07941473696103699,0.07945537909868339,0.07888638917163399,0.07636657663755811,0.06929484468708705,0.06929484468708705,0.06929484468708705,0.06929484468708705,0.06929484468708705,0.06929484468708705,0.06929484468708705,0.06929484468708705,0.07254621569879792,0.07539116533404486,0.07904895772221954,0.07945537909868339,0.08311317148685807,0.0835195928633219,0.08555169974564121,0.08961591351027973,0.09368012727491824,0.1099369823334724,0.1099369823334724,0.1099369823334724,0.1099369823334724,0.1237553091332436,0.13269657941544818,0.15057911997985776,0.15057911997985776,0.15057911997985776,0.17090018880305044,0.17090018880305044,0.17090018880305044,0.19122125762624312,0.19122125762624312,0.21154232644943582,0.21154232644943582,0.21154232644943582,0.21316801195529125,0.2318633952726285,0.2318633952726285,0.2351147662843394,0.24121108693129714,0.24690098620179113,0.2521844640958212,0.2521844640958212,0.2570615206133874,0.2595000488721708,0.2619385771309538,0.2643771053897368,0.2521844640958212,0.24080466555483324,0.23674045179019493,0.23836613729605022,0.23999182280190554,0.23999182280190554,0.23999182280190554,0.2318633952726285,0.2318633952726285,0.21154232644943582,0.21154232644943582,0.20951021956711655,0.20341389892015874,0.20341389892015874,0.20951021956711655,0.20951021956711655,0.20951021956711655,0.20951021956711655,0.21967075397871286,0.2623449985074175,0.27250553291901386,0.3314366325062726,0.3578540219764231,0.39443194585816993,0.433041976622236,0.47774832803325995,0.4960372899741333,0.5224546794442838,0.5813857790315426,0.6342205579718435,0.7195690470292527,0.7561469709109996,0.7805322534988308,0.8455596737330474,0.8679128494385593,0.8821375976147943,0.8821375976147943,0.9024586664379869,0.9024586664379869,0.9227797352611796,0.9431008040843722,0.9573255522606072,0.963421872907565,0.9837429417307576,0.979678727966119,0.979678727966119,0.979678727966119,0.9837429417307576,0.9959355830246734,0.9999997967893117,0.9999997967893117,0.9959355830246734,0.9837429417307576,0.979678727966119,0.963421872907565,0.9573255522606072,0.9431008040843722,0.9431008040843722,0.9024586664379869,0.8618165287916015,0.7642753984402767,0.7195690470292527,0.7073764057353372,0.6382847717364821,0.4960372899741333,0.44726672479847096,0.37411087703497725,0.29282660174220654,0.22373496774335144,0.21154232644943582,0.2074781126847973,0.18918915074392387,0.17090018880305044,0.15057911997985776,0.15057911997985776,0.13025805115666508,0.12416173050970727,0.08961591351027973,0.06929484468708705,0.06523063092244852,0.057102203393171444,0.057102203393171444,0.05242835756383712,0.05242835756383712,0.046941668981575105,0.05242835756383712,0.046941668981575105,0.044909562099255826,0.038813241452298024,0.03332655287003601,0.031904078052412514,0.028652707040701685,0.022556386393743882,0.017679329876177634,0.017679329876177634,0.020524279511424603,0.022556386393743882,0.020524279511424603,0.017679329876177634,0.017679329876177634,0.01646006574678608,0.012395851982147542,0.012395851982147542,0.010770166476292127,0.009550902346900555,0.008331638217509003,0.008331638217509003,0.009550902346900555,0.014427958864466803,0.01646006574678608,0.022556386393743882,0.029465549793629392,0.030684813923020943,0.03332655287003601,0.03332655287003601,0.038813241452298024,0.040642137646385364,0.04287745521693656,0.04389350865809619,0.04958340792859013,0.053037989628532886,0.05588293926377987,0.058321467522563016,0.06340173472836118,0.06929484468708705,0.07315584776349364,0.0751879546458129,0.07742327221636412,0.08534848905740924,0.08555169974564121,0.08961591351027973,0.10180855480419533,0.11400119609811094,0.13025805115666508,0.15057911997985776,0.1688680819207312,0.17090018880305044,0.17090018880305044,0.17090018880305044,0.16683597503841194,0.15057911997985776,0.15057911997985776,0.15057911997985776,0.15057911997985776,0.1485470130975385,0.14448279933289995,0.13025805115666508,0.12009751674506874,0.11400119609811094,0.11400119609811094,0.11400119609811094,0.11400119609811094,0.11196908921579167,0.1099369823334724,0.10790487545115314,0.10587276856883389,0.10180855480419533,0.09368012727491824,0.08961591351027973,0.08961591351027973,0.08961591351027973,0.08230032873393037,0.07823611496929181,0.07478153326934905,0.07335905845172556,0.06868521262239127,0.0629953133518973,0.05954073165195455,0.055070096510852186,0.053037989628532886,0.040642137646385364,0.03759397732290647,0.03474902768765949,0.0302783925465571,0.028652707040701685,0.026620600158382423,0.024791703964295066,0.02336922914667159,0.023166018458439668,0.021743543640816175,0.020727490199656542,0.016866487123249927,0.014427958864466803,0.011583009229219834,0.010363745099828263,0.008941270282204787,0.007315584776349372,0.006299531335189741,0.004267424452870462,0.003657792388174677,0.0010160534411596304,0.003657792388174677,0.003657792388174677,0.0010160534411596304,0.0010160534411596304,0.0010160534411596304,0.0002032106882319225,0.0002032106882319225,0.0,0.0002032106882319225,0.0022353175705512015,0.0030481603234789093,0.004267424452870462,0.005689899270493955,0.007925216841045158,0.010363745099828263,0.01137979854098791,0.012395851982147542,0.012395851982147542,0.012395851982147542,0.012395851982147542,0.012395851982147542,0.012395851982147542,0.012395851982147542,0.012395851982147542,0.01646006574678608,0.01727290849971379,0.024588493276063144,0.03454581699942756,0.036781134569978766,0.03840682007583418,0.03840682007583418,0.03840682007583418,0.038813241452298024,0.038813241452298024,0.038813241452298024,0.038813241452298024,0.03840682007583418,0.038813241452298024,0.038813241452298024,0.038813241452298024,0.039829294893457656,0.040032505581689574,0.04023571626992152,0.040642137646385364,0.039829294893457656,0.038813241452298024,0.038813241452298024,0.038813241452298024,0.038813241452298024,0.038813241452298024,0.038813241452298024,0.038813241452298024,0.038813241452298024,0.039829294893457656,0.039829294893457656,0.038813241452298024,0.038813241452298024,0.038813241452298024,0.03393618493473177,0.031904078052412514,0.030684813923020943,0.028652707040701685,0.028652707040701685,0.028652707040701685,0.028652707040701685,0.028652707040701685,0.028652707040701685,0.028652707040701685,0.028652707040701685,0.028652707040701685,0.028652707040701685,0.028652707040701685,0.028652707040701685,0.028652707040701685,0.028652707040701685,0.028652707040701685,0.028652707040701685,0.025563904579576448,0.024791703964295066,0.024629135413709525,0.024791703964295066,0.024791703964295066,0.028652707040701685,0.028652707040701685,0.028652707040701685,0.028652707040701685,0.03210728874064444,0.0350335226511842,0.038813241452298024,0.04084534833461728,0.04897377586389436
8380500,0.2857137755111152,0.2857137755111152,0.2857137755111152,0.27821378890394866,0.2689280911998373,0.25642811352122596,0.24999955357222578,0.24999955357222578,0.24285670918444804,0.23821386033239247,0.23464243813850344,0.2342852959191146,0.23214244260278113,0.23214244260278113,0.23214244260278113,0.21428533163333635,0.21428533163333635,0.21428533163333635,0.21285676275578078,0.1964282206638917,0.1964282206638917,0.1964282206638917,0.1964282206638917,0.1964282206638917,0.1964282206638917,0.1964282206638917,0.1964282206638917,0.1964282206638917,0.1964282206638917,0.1964282206638917,0.1964282206638917,0.1964282206638917,0.1964282206638917,0.1964282206638917,0.19964250063839203,0.21428533163333635,0.21535675829150308,0.23214244260278113,0.23285672704155902,0.24999955357222578,0.24999955357222578,0.24999955357222578,0.24999955357222578,0.2607138201538927,0.26785666454167056,0.2682138067610596,0.27714236224578176,0.27892807334272635,0.27892807334272635,0.2828566377560042,0.2857137755111152,0.2857137755111152,0.2857137755111152,0.2857137755111152,0.2857137755111152,0.2857137755111152,0.28999948214378196,0.30178517538361543,0.30357088648055985,0.30357088648055985,0.30357088648055985,0.3039280286999487,0.3060708820162823,0.3128565841846713,0.3160708641591712,0.31999942857244906,0.32142799745000467,0.32142799745000467,0.32749941517961595,0.33928510841944926,0.33928510841944926,0.35714221938889407,0.3749993303583387,0.3749993303583387,0.39285644132778336,0.41071355229722817,0.41071355229722817,0.42857066326667276,0.4499991964300064,0.4642848852055622,0.5010705338026183,0.5217847825271743,0.5539275822721748,0.5992846441345642,0.6249988839305646,0.6442845637775649,0.6785702168388986,0.6964273278083433,0.7049987410736769,0.7410701052319552,0.7499986607166773,0.7699986250024553,0.8128556913291229,0.8335699400536785,0.8596413220690682,0.8749984375027904,0.8785698596966796,0.892855548472235,0.892855548472235,0.892855548472235,0.892855548472235,0.892855548472235,0.8949984017885685,0.8964269706661242,0.8964269706661242,0.9142840816355688,0.9285697704111242,0.9321411926050135,0.9821411033194585,0.9857125255133476,0.9999982142889031,0.9857125255133476,0.9821411033194585,0.9821411033194585,0.9821411033194585,0.9821411033194585,0.967855414543903,0.9357126147989029,0.9285697704111242,0.9142840816355688,0.8964269706661242,0.892855548472235,0.8607127487272349,0.7678557716861222,0.6807130701552324,0.6107131951550091,0.5928560841855643,0.5571418622466748,0.5478561645425636,0.535713329083341,0.5189276447720632,0.5178562181138963,0.48499913393011834,0.45142776530756235,0.4214278188788951,0.3996421434961724,0.3749993303583387,0.3610707838021718,0.35714221938889407,0.35178508609806064,0.32142799745000467,0.3057137397968934,0.2978566109703377,0.2857137755111152,0.266428095664115,0.23571386479667034,0.21428533163333635,0.19499965178633613,0.1796425363526138,0.178571109694447,0.16071399872500228,0.14785687882700232,0.14107117665861313,0.11642836352077947,0.10285695918400165,0.0892855548472235,0.08178556824005684,0.05357133290833415,0.04571420408177855,0.03571422193888943,0.02714280867355597,0.017857110969444714,0.017857110969444714,0.017857110969444714,0.01821425318883357,0.025357097576611455,0.025357097576611455,0.02714280867355597,0.02714280867355597,0.025357097576611455,0.01964282206638915,0.01821425318883357,0.014999973214333641,0.014999973214333641,0.014999973214333641,0.0,0.0,0.0007142844387778679,0.011428551020444697,0.017857110969444714,0.01964282206638915,0.020357106505166936,0.020357106505166936,0.023571386479667025,0.02714280867355597,0.02714280867355597,0.04214278188788969,0.048571341836889624,0.05178562181138963,0.05357133290833415,0.05357133290833415,0.06071417729611203,0.06964273278083435,0.07142844387777879,0.0892855548472235,0.08999983928600137,0.10714266581666822,0.12178549681161292,0.13678547002594657,0.15785686096989113,0.16214256760255802,0.17928539413322478,0.21285676275578078,0.2557138290824484,0.3096423042101712,0.38035646364917214,0.44714205867489526,0.47178487181272893,0.49142769387911817,0.5249990625016742,0.5367847557415077,0.5892846619916752,0.6199988928591201,0.6274988794662869,0.6428559949000092,0.6528559770428984,0.6607131058694539,0.6785702168388986,0.6932130478338434,0.6967844700277321,0.714284438777788,0.7278558431145661,0.7164272920941215,0.701427318879788,0.6964273278083433,0.6853559190072879,0.6735702257674542,0.6607131058694539,0.6428559949000092,0.6314274438795646,0.6199988928591201,0.5796418220681752,0.5649989910732304,0.535713329083341,0.5189276447720632,0.506070524874063,0.488570556124007,0.48214199617500686,0.48214199617500686,0.48214199617500686,0.48214199617500686,0.4771420051035626,0.47535629400661783,0.4649991696443399,0.45392776084328446,0.4378563609707843,0.4342849387768951,0.4271420943891172,0.4199992500013395,0.4182135389043949,0.414284974491117,0.41071355229722817,0.40928498341967273,0.39642786352167236,0.39142787245022775,0.3864278813787833,0.37607075701650544,0.3749993303583387,0.36464220599606084,0.3574993616082831,0.35714221938889407,0.35714221938889407,0.3449993839296716,0.33928510841944926,0.33928510841944926,0.33928510841944926,0.3335708329092271,0.32357085076633807,0.32142799745000467,0.3128565841846713,0.31107087308772674,0.3039280286999487,0.30357088648055985,0.30357088648055985,0.30357088648055985,0.30357088648055985,0.30357088648055985,0.30357088648055985,0.30357088648055985,0.30357088648055985,0.30357088648055985,0.30357088648055985,0.30357088648055985,0.30357088648055985,0.30357088648055985,0.30357088648055985,0.30357088648055985,0.30357088648055985,0.30749945089383773,0.3092851619907823,0.31249944196528234,0.3128565841846713,0.3157137219397825,0.32142799745000467,0.32142799745000467,0.32142799745000467,0.32142799745000467,0.3221422818887825,0.3221422818887825,0.3221422818887825,0.32142799745000467,0.32142799745000467,0.32142799745000467,0.32142799745000467,0.3221422818887825,0.32535656186328255,0.32892798405717155,0.32714227296022713,0.32892798405717155,0.33142797959289366,0.33142797959289366,0.3285708418377825,0.3307136951541158,0.3307136951541158,0.3324994062510602,0.3342851173480047,0.3342851173480047,0.3378565395418937,0.33928510841944926,0.33928510841944926,0.33964225063883813,0.34999937500111616,0.35714221938889407,0.35714221938889407,0.35142794387867193,0.34999937500111616,0.34857080612356045,0.34678509502661603,0.3435708150521162,0.33964225063883813,0.33964225063883813,0.33928510841944926,0.33928510841944926,0.33928510841944926,0.33928510841944926,0.33928510841944926,0.33928510841944926,0.33928510841944926,0.3435708150521162,0.3414279617357827,0.33964225063883813,0.33964225063883813,0.3435708150521162,0.3414279617357827,0.3482136639041716,0.3435708150521162,0.33964225063883813,0.3482136639041716,0.3492850905623383,0.34678509502661603,0.340713677297005,0.33928510841944926,0.33928510841944926,0.33928510841944926,0.33928510841944926,0.33928510841944926,0.33928510841944926,0.33928510841944926,0.33928510841944926,0.33928510841944926,0.33928510841944926,0.33928510841944926,0.33928510841944926,0.33928510841944926,0.33928510841944926,0.33928510841944926
8382500,0.9999766360599052,0.906520875680475,0.8317562673769304,0.8177379033200146,0.7055909908647007,0.6214808065232124,0.5140066820868683,0.43456928576435183,0.2710217051003508,0.23363940094857566,0.08411018434149027,0.009345576037943728,0.0,0.0,0.0,0.0,0.0,0.0,0.0,0.0,0.0,0.0,0.0,0.0,0.0,0.0,0.0,0.0,0.0,0.0,0.0,0.0,0.0,0.0,0.0,0.0,0.0,0.0,0.0,0.0,0.0,0.0,0.0,0.0,0.0,0.0,0.0,0.0,0.0,0.0,0.0,0.0,0.0,0.0,0.0,0.0,0.0,0.0,0.0,0.0,0.0,0.0,0.0,0.0,0.0,0.0,0.0,0.0,0.0,0.0,0.0,0.0,0.0,0.0,0.0,0.0,0.0,0.0,0.0,0.0,0.0,0.0,0.0,0.0,0.0,0.0,0.0,0.0,0.0,0.0,0.0,0.0,0.0,0.0,0.0,0.0,0.0,0.0,0.0,0.0,0.0,0.0,0.0,0.0,0.0,0.0,0.0,0.0,0.0,0.0,0.0,0.0,0.0,0.0,0.0,0.0,0.0,0.0,0.0,0.0,0.0,0.0,0.0,0.0,0.0,0.0,0.0,0.0,0.0,0.0,0.0,0.0,0.0,0.0,0.0,0.0,0.0,0.0,0.0,0.0,0.0,0.0,0.0,0.0,0.0,0.0,0.0,0.0,0.0,0.0,0.0,0.0,0.0,0.0,0.0,0.0,0.0,0.0,0.0,0.0,0.0,0.0,0.0,0.0,0.0,0.0,0.0,0.0,0.0,0.0,0.0,0.0,0.0,0.0,0.0,0.0,0.0,0.0,0.0,0.0,0.0,0.0,0.0,0.0,0.0,0.0,0.0,0.0,0.0,0.0,0.0,0.0,0.0,0.0,0.0,0.0,0.0,0.0,0.0,0.0,0.0,0.0,0.0,0.0,0.0,0.0,0.0,0.0,0.0,0.0,0.0,0.0,0.0,0.0,0.0,0.0,0.0,0.0,0.0,0.0,0.0,0.0,0.0,0.0,0.0,0.0,0.0,0.0,0.0,0.0,0.0,0.0,0.0,0.0,0.0,0.0,0.0,0.0,0.0,0.0,0.0,0.0,0.0,0.0,0.0,0.0,0.0,0.0,0.0,0.0,0.0,0.0,0.0,0.0,0.0,0.0,0.0,0.0,0.0,0.0,0.0,0.0,0.0,0.0,0.0,0.0,0.0,0.0,0.0,0.0,0.0,0.0,0.0,0.0,0.0,0.0,0.0,0.0,0.0,0.0,0.0,0.0,0.0,0.0,0.0,0.0,0.0,0.0,0.0,0.0,0.0,0.0,0.0,0.0,0.0,0.0,0.0,0.0,0.0,0.0,0.0,0.0,0.0,0.0,0.0,0.0,0.0,0.0,0.0,0.0,0.06541903226560258,0.1869115207588605,0.2570033410434332,0.3831686175556648,0.4672788018971513,0.471951589916123,0.5233522581248122,0.6541903226560118,0.6588631106749837,0.6775542627508693,0.6775542627508693,0.6775542627508693,0.6775542627508693,0.6775542627508693,0.6775542627508693,0.6588631106749837,0.6541903226560118,0.5233522581248122,0.471951589916123,0.5233522581248122,0.6541903226560118,0.6541903226560118,0.6541903226560118,0.6541903226560118,0.5233522581248122,0.5233522581248122,0.6541903226560118,0.5233522581248122,0.5233522581248122,0.5233522581248122,0.3224223733090379,0.11214691245531981,0.05140066820868687,0.02803672811382931,0.023363940094857562,0.023363940094857562,0.023363940094857562,0.02803672811382931,0.06074624424663083,0.02803672811382931,0.06074624424663083,0.19158430877783833,0.4953155300109806,0.5326978341627538,0.5326978341627538,0.5326978341627538,0.5326978341627538,0.5326978341627538,0.5326978341627538,0.5326978341627538,0.5326978341627538,0.5326978341627538,0.6074624424662967,0.6074624424662967,0.6074624424662967,0.6074624424662967
8382600,0.0,0.0,0.0,0.0,0.0,0.0,0.0,0.0,0.0,0.0,0.0,0.0,0.0,0.0,0.0,0.0,0.0,0.0,0.0,0.0,0.0,0.0,0.0,0.0,0.0,0.0,0.0,0.0,0.0,0.0,0.0,0.0,0.0,0.0,0.0,0.0,0.0,0.0,0.0,0.0,0.0,0.0,0.0,0.0,0.0,0.0,0.0,0.0,0.0,0.0,0.0,0.0,0.0,0.0,0.0,0.0,0.0,0.0,0.0,0.0,0.0,0.0,0.0,0.0,0.0,0.0,0.0,0.0,0.0,0.0,0.0,0.0,0.0,0.0,0.0,0.0,0.0,0.0,0.0,0.0,0.0,0.0,0.0,0.0,0.0,0.0,0.0,0.0,0.0,0.0,0.0,0.0,0.0,0.0,0.0,0.0,0.0,0.0,0.0,0.0,0.0,0.0,0.0,0.0,0.0,0.0,0.0,0.0,0.0,0.0,0.0,0.0,0.0,0.0,0.0,0.0,0.445879730119236,0.5258792595337677,0.5388203598802364,0.5670554879088949,0.5776436609196418,0.5952906159375545,0.6470550173234275,0.6470550173234275,0.6470550173234275,0.6470550173234275,0.6588196540020365,0.7176428373950751,0.776466020788114,0.8941123875741918,0.9411709342886219,0.9411709342886219,0.9411709342886219,0.9411709342886219,0.9999941176816607,0.9999941176816607,0.9999941176816607,0.9529355709672306,0.9411709342886219,0.9411709342886219,0.9411709342886219,0.9411709342886219,0.8941123875741918,0.823524567502544,0.7647013841095053,0.7176428373950751,0.7058782007164663,0.6588196540020365,0.6470550173234275,0.6470550173234275,0.5999964706089974,0.5305851142052106,0.4729383944800326,0.4294092387691837,0.4294092387691837,0.28352774395444735,0.20941053287921865,0.15529320415762277,0.09411709342886218,0.07882306574667226,0.058823183393038866,0.023529273357215545,0.005882318339303886,0.005882318339303886,0.001176463667860836,0.0,0.0,0.0,0.0,0.0,0.0,0.0,0.0,0.0,0.0,0.0,0.0,0.0,0.0,0.0,0.0,0.0,0.0,0.0,0.0,0.0,0.0,0.0,0.0,0.0,0.0,0.0,0.0,0.0,0.0,0.0,0.0,0.0,0.0,0.0,0.0,0.0,0.0,0.0,0.0,0.0,0.0,0.0,0.0,0.0,0.0,0.001176463667860836,0.03176451903224116,0.06823489273592538,0.25411615225792794,0.2705866436079788,0.2999982353044982,0.311762871983106,0.34705678201892926,0.34705678201892926,0.34705678201892926,0.34705678201892926,0.34705678201892926,0.34705678201892926,0.311762871983106,0.2705866436079788,0.2529396885900671,0.24117505191145933,0.24117505191145933,0.205881141875636,0.058823183393038866,0.017646955017911657,0.0,0.0,0.0,0.0,0.0,0.0,0.0,0.0,0.0,0.0,0.0,0.0,0.0,0.0,0.0,0.0,0.0,0.0,0.0,0.0,0.0,0.0,0.0,0.0,0.0,0.0,0.0,0.0,0.0,0.0,0.0,0.0,0.0,0.0,0.0,0.0,0.0,0.0,0.0,0.0,0.0,0.0,0.0,0.0,0.0,0.0,0.0,0.0,0.0,0.0,0.0,0.0,0.0,0.0,0.0,0.0,0.0,0.0,0.0,0.0,0.0,0.0,0.0,0.0,0.0,0.0,0.0,0.0,0.0,0.0,0.0,0.0,0.0,0.0,0.0,0.0,0.0,0.0,0.0,0.0,0.0,0.0,0.0,0.0,0.0,0.0,0.0,0.0,0.0,0.0,0.0,0.0,0.0,0.0,0.0,0.0,0.0,0.0,0.0,0.0,0.0,0.0,0.0,0.0,0.0,0.0,0.0,0.0,0.0,0.0,0.0,0.0,0.0,0.0,0.0,0.0,0.0,0.0,0.0,0.0,0.0,0.0,0.0,0.0,0.0,0.0,0.0,0.0,0.0,0.0,0.0,0.0,0.0,0.0
8382650,0.026717075322022617,0.026717075322022617,0.026717075322022617,0.026717075322022617,0.026717075322022617,0.026717075322022617,0.026717075322022617,0.026717075322022617,0.026717075322022617,0.026717075322022617,0.026717075322022617,0.026717075322022617,0.026717075322022617,0.026717075322022617,0.026717075322022617,0.025985100655665845,0.025985100655665845,0.021959239990703466,0.013663527105326688,0.0,0.0,0.0,0.0,0.0029278986654270854,0.005001826886771551,0.0052458184422238445,0.0052458184422238445,0.0052458184422238445,0.0052458184422238445,0.012077581994887189,0.012077581994887189,0.012077581994887189,0.012077581994887189,0.011833590439434894,0.00975966221809043,0.00975966221809043,0.00975966221809043,0.00975966221809043,0.008539704440829018,0.008539704440829018,0.008539704440829018,0.008051721329924431,0.008051721329924431,0.008051721329924431,0.008051721329924431,0.008051721329924431,0.008051721329924431,0.008051721329924431,0.008051721329924431,0.008051721329924431,0.008051721329924431,0.007929725552198312,0.004757835331318662,0.004757835331318662,0.004757835331318662,0.004757835331318662,0.0065877719972107255,0.011223611550803755,0.016835417326205797,0.017811383548014915,0.019763315991632988,0.020007307547085282,0.020983273768894348,0.022203231546155704,0.02586310487793967,0.031718902208794114,0.034646800874221305,0.04184455176006317,0.06453576641712384,0.07087954685888281,0.07893126818880751,0.07893126818880751,0.07893126818880751,0.08234714996513924,0.09052086707279011,0.09454672773775255,0.10943021262034076,0.10943021262034076,0.10943021262034076,0.11211411973031571,0.11553000150664738,0.13382936816556731,0.13382936816556731,0.1448089881609197,0.18872746814232713,0.21922641257386036,0.21922641257386036,0.22776611701468993,0.250945314782655,0.261924934778007,0.2631448925552684,0.26802472366431357,0.3290226125273801,0.3290226125273801,0.3290226125273801,0.3900205013904466,0.3900205013904466,0.3900205013904466,0.3900205013904466,0.39856020583127655,0.4327190235945931,0.43881881248089977,0.45101839025351304,0.45101839025351304,0.4461385591444678,0.45101839025351304,0.45101839025351304,0.45101839025351304,0.4546782635852974,0.4790774191305239,0.5120162791165795,0.5120162791165795,0.5181160680028861,0.5254358146664543,0.5486150124344193,0.5705742524251236,0.643771719060804,0.695009945705779,0.7340485945781422,0.8023662301047763,0.8292053012045263,0.8902031900675927,0.9390015011580449,0.9390015011580449,0.9390015011580449,0.9390015011580449,0.9390015011580449,0.9390015011580449,0.9390015011580449,0.9390015011580449,0.9390015011580449,0.9999993900211114,0.9999993900211114,0.9999993900211114,0.9999993900211114,0.9999993900211114,0.9999993900211114,0.9999993900211114,0.9999993900211114,0.9999993900211114,0.9999993900211114,0.9999993900211114,0.9999993900211114,0.9999993900211114,0.9999993900211114,0.9999993900211114,0.9390015011580449,0.9390015011580449,0.9390015011580449,0.9390015011580449,0.9390015011580449,0.8780036122949785,0.8292053012045263,0.6291322257336672,0.5339755191072849,0.44491860136720784,0.4546782635852977,0.363181430290698,0.3290226125273801,0.27900434365966653,0.26802472366431357,0.24240561034182612,0.2365498130109714,0.2331339312346396,0.23142599034647374,0.23142599034647374,0.23142599034647374,0.23142599034647374,0.23142599034647374,0.21934840835158653,0.21922641257386036,0.2182504463520513,0.2141025899093628,0.21263864057664925,0.20812479680078236,0.2050749023576291,0.2016590205812973,0.2016590205812973,0.20092704591494048,0.19555923169499068,0.19555923169499068,0.1838476370332819,0.1838476370332819,0.17921179747968882,0.17689387770289228,0.17506394103700032,0.1606684392653167,0.14188108949549214,0.14005115282960012,0.139929157051874,0.139929157051874,0.139929157051874,0.139929157051874,0.14188108949549214,0.1606684392653167,0.16981812259477658,0.16981812259477658,0.16981812259477658,0.18043175525695024,0.19165536680775452,0.20409893613582025,0.24496752167407446,0.2578990741130445,0.26802472366431357,0.2838841747687111,0.3119432036457216,0.3290226125273801,0.3290226125273801,0.34122219029999334,0.3900205013904466,0.4217394035992411,0.45101839025351304,0.5120162791165795,0.5376353924390675,0.573014167979646,0.5827738301977369,0.6157126901837925,0.6157126901837925,0.6157126901837925,0.6279122679564059,0.6340120568427124,0.6291322257336672,0.6157126901837925,0.6059530279657022,0.573014167979646,0.573014167979646,0.5669143790933394,0.5461750968798971,0.5327555613300223,0.5120162791165795,0.5120162791165795,0.5120162791165795,0.5071364480075343,0.4607780524716039,0.4449186013672064,0.4156396147129346,0.4034400369403213,0.3900205013904466,0.3900205013904466,0.37172113473152657,0.3595215569589133,0.33756231696820965,0.3290226125273801,0.32414278141833486,0.29608375254132446,0.287544048100495,0.2704646392188365,0.26558480810979096,0.2517992852267381,0.2517992852267381,0.26558480810979096,0.26558480810979096,0.26558480810979096,0.26802472366431357,0.26558480810979096,0.24057567367593416,0.26558480810979096,0.29364383698680163,0.29852366809584685,0.31072324586846006,0.3180429925320282,0.32414278141833486,0.33756231696820965,0.3473219791863001,0.3595215569589133,0.3595215569589133,0.3595215569589133,0.3595215569589133,0.3595215569589133,0.3546417258498681,0.34854193696356145,0.33268248585916443,0.31926295030928964,0.3058434147594148,0.29974362587310815,0.29364383698680163,0.287544048100495,0.28144425921418836,0.2753444703278815,0.26802472366431357,0.26802472366431357,0.26802472366431357,0.26802472366431357,0.26802472366431357,0.2613149558893763,0.2588750403348536,0.2549711754476173,0.2505793274494767,0.24362556811908698,0.24362556811908698,0.23911172434322006,0.22910807056967708,0.21922641257386036,0.21764046746342064,0.21215065746574469,0.2083687883562346,0.20617286435716423,0.2045869192467245,0.1987311219158701,0.19482725702863385,0.18921545125323172,0.1792117974796887,0.178479822813332,0.17652789036971386,0.17603990725880939,0.17372198748201273,0.1689641521506936,0.16628024504071875,0.16493829148573128,0.16286436326438697,0.159082494154877,0.15542262082309286,0.15225073060221342,0.15103077282495211,0.14810287415952492,0.1449309839386455,0.13504932594282879,0.13382936816556731,0.1293155243897004,0.12309373972566771,0.11918987483843135,0.11455403528483837,0.10979619995351918,0.10882023373171006,0.10882023373171006,0.1019884701790466,0.0964986601813708,0.091252841739147,0.08100519641015176,0.07600336952338033,0.07246549196932248,0.06978158485934757,0.06697568197164651,0.06477975797257614,0.06319381286213636,0.06111988464079211,0.059655935308078466,0.05648404508719903,0.054532112643580904,0.050018268867714044,0.0491642984236311,0.048066336424095864,0.038062682650553084,0.03367083465241224,0.032694868430603125,0.03208488954197242,0.02903499509881921,0.02830302043246233,0.027815037321557746,0.027815037321557746,0.028669007765640745,0.028669007765640745,0.029156990876545223,0.028425016210188506,0.028425016210188506,0.028425016210188506,0.028425016210188506,0.028425016210188506,0.028425016210188506,0.027815037321557746,0.027815037321557746,0.027815037321557746,0.027815037321557746,0.027815037321557746,0.027815037321557746,0.027815037321557746
8382830,0.0,0.0,0.0,0.0,0.0,0.0,0.0,0.0,0.0,0.0,0.0,0.0,0.0,0.0,0.0,0.0,0.0,0.0,0.0,0.0,0.0,0.0,0.0,0.0,0.0,0.0,0.0,0.0,0.0,0.0,0.0,0.0,0.0,0.0,0.0,0.0,0.0,0.0,0.0,0.0,0.0,0.0,0.0,0.0,0.0,0.0,0.0,0.0,0.0,0.0,0.0,0.0,0.49975012493753135,0.49975012493753135,0.49975012493753135,0.49975012493753135,0.49975012493753135,0.49975012493753135,0.49975012493753135,0.49975012493753135,0.49975012493753135,0.49975012493753135,0.49975012493753135,0.49975012493753135,0.49975012493753135,0.49975012493753135,0.49975012493753135,0.49975012493753135,0.49975012493753135,0.49975012493753135,0.49975012493753135,0.49975012493753135,0.49975012493753135,0.49975012493753135,0.49975012493753135,0.49975012493753135,0.0,0.0,0.0,0.0,0.0,0.0,0.0,0.0,0.0,0.0,0.0,0.0,0.0,0.0,0.0,0.0,0.0,0.0,0.0,0.0,0.0,0.0,0.0,0.0,0.0,0.0,0.0,0.0,0.0,0.0,0.0,0.0,0.0,0.0,0.0,0.0,0.0,0.0,0.0,0.0,0.0,0.0,0.0,0.0,0.0,0.0,0.0,0.0,0.0,0.49975012493753135,0.49975012493753135,0.49975012493753135,0.49975012493753135,0.49975012493753135,0.49975012493753135,0.49975012493753135,0.49975012493753135,0.49975012493753135,0.49975012493753135,0.49975012493753135,0.49975012493753135,0.49975012493753135,0.49975012493753135,0.49975012493753135,0.49975012493753135,0.49975012493753135,0.49975012493753135,0.49975012493753135,0.49975012493753135,0.49975012493753135,0.49975012493753135,0.49975012493753135,0.49975012493753135,0.49975012493753135,0.49975012493753135,0.49975012493753135,0.49975012493753135,0.49975012493753135,0.49975012493753135,0.49975012493753135,0.49975012493753135,0.49975012493753135,0.49975012493753135,0.49975012493753135,0.49975012493753135,0.49975012493753135,0.49975012493753135,0.5997001499250425,0.9995002498750625,0.5997001499250425,0.9995002498750625,0.9995002498750625,0.9995002498750625,0.9995002498750625,0.9995002498750625,0.9995002498750625,0.9995002498750625,0.9995002498750625,0.9995002498750625,0.9995002498750625,0.49975012493753135,0.49975012493753135,0.49975012493753135,0.49975012493753135,0.49975012493753135,0.49975012493753135,0.49975012493753135,0.5997001499250425,0.49975012493753135,0.49975012493753135,0.49975012493753135,0.49975012493753135,0.49975012493753135,0.49975012493753135,0.49975012493753135,0.49975012493753135,0.49975012493753135,0.49975012493753135,0.49975012493753135,0.0999500249875113,0.0,0.0,0.0,0.0,0.0,0.0,0.0,0.0,0.0,0.0,0.0,0.0,0.0,0.0,0.0,0.0,0.0,0.0,0.0,0.0,0.0,0.0,0.0,0.0,0.0,0.0,0.0,0.0,0.0,0.0,0.0,0.0,0.0,0.0,0.0,0.0,0.0,0.0,0.0,0.0,0.0,0.0,0.0,0.0,0.0,0.0,0.0,0.0,0.0,0.0,0.0,0.0,0.0,0.0,0.0,0.0,0.0,0.0,0.0,0.0,0.0,0.0,0.0,0.0,0.0,0.0,0.0,0.0,0.0,0.0,0.0,0.0,0.0,0.0,0.0,0.0,0.0,0.0,0.0,0.0,0.0,0.0,0.0,0.0,0.0,0.0,0.0,0.0,0.0,0.0,0.0,0.0,0.0,0.0,0.0,0.0,0.0,0.0,0.0,0.0,0.0,0.49975012493753135,0.49975012493753135,0.49975012493753135,0.49975012493753135,0.49975012493753135,0.49975012493753135,0.49975012493753135,0.49975012493753135,0.49975012493753135,0.49975012493753135,0.49975012493753135,0.49975012493753135,0.49975012493753135,0.49975012493753135,0.49975012493753135,0.49975012493753135,0.49975012493753135,0.49975012493753135,0.49975012493753135,0.49975012493753135,0.49975012493753135,0.49975012493753135,0.49975012493753135,0.49975012493753135,0.49975012493753135,0.49975012493753135,0.49975012493753135,0.49975012493753135,0.49975012493753135,0.49975012493753135,0.49975012493753135,0.49975012493753135,0.49975012493753135,0.49975012493753135,0.49975012493753135,0.49975012493753135,0.49975012493753135,0.49975012493753135,0.49975012493753135,0.49975012493753135,0.49975012493753135,0.49975012493753135,0.49975012493753135,0.49975012493753135,0.49975012493753135,0.49975012493753135,0.49975012493753135,0.49975012493753135,0.49975012493753135,0.49975012493753135,0.49975012493753135,0.49975012493753135,0.0,0.0,0.0,0.0,0.0,0.0,0.0,0.0,0.0,0.0,0.0,0.0,0.0,0.0,0.0,0.0,0.0
8383500,0.9715903570509336,0.9715903570509336,0.9715903570509336,0.9715903570509336,0.9715903570509336,0.9715903570509336,0.9715903570509336,0.9715903570509336,0.9715903570509336,0.9715903570509336,0.9715903570509336,0.9715903570509336,0.9715903570509336,0.9715903570509336,0.9715903570509336,0.9715903570509336,0.9715903570509336,0.9715903570509336,0.9715903570509336,0.9715903570509336,0.9715903570509336,0.9715903570509336,0.9659085420974196,0.9659085420974196,0.9602267271439049,0.954544912190391,0.9499994602275798,0.9488630972368762,0.9488630972368762,0.9488630972368762,0.9431812822833624,0.9431812822833624,0.9431812822833624,0.9431812822833624,0.9329540153670371,0.9261358374228198,0.9215903854600086,0.9204540224693051,0.9147722075157912,0.9147722075157912,0.9147722075157912,0.9147722075157912,0.9147722075157912,0.9147722075157912,0.9147722075157912,0.9147722075157912,0.9147722075157912,0.9147722075157912,0.9090903925622773,0.9034085776087626,0.9034085776087626,0.8977267626552486,0.8977267626552486,0.8920449477017339,0.8920449477017339,0.8863631327482201,0.8863631327482201,0.8818176807854096,0.8806813177947062,0.8749995028411914,0.8693176878876775,0.8579540579806489,0.8579540579806489,0.8579540579806489,0.8579540579806489,0.8534086060178384,0.8363631611572943,0.8181813533060491,0.8068177233990205,0.8011359084455066,0.8011359084455066,0.789772278538478,0.7670450187244215,0.7443177589103643,0.7443177589103643,0.7386359439568504,0.7159086841427932,0.6943177873194385,0.687499609375222,0.6818177944217081,0.6704541645146794,0.6374996377842962,0.6306814598400797,0.6034087480632111,0.57499967329564,0.5738633103049374,0.5681814953514235,0.5624996803979088,0.5397724205838523,0.5170451607697951,0.5170451607697951,0.5170451607697951,0.4999997159092525,0.4670451891788693,0.46022701123465276,0.4511361073090302,0.420454306560053,0.40340886169951046,0.40340886169951046,0.3693179719784254,0.34659071216436815,0.34659071216436815,0.31931800038749963,0.29545437758273974,0.28977256262922585,0.28977256262922585,0.28977256262922585,0.2727271177686833,0.2613634878616547,0.25568167290814076,0.24431804300111215,0.23295441309408355,0.23295441309408355,0.22272714617775835,0.215908968233541,0.1999998863637019,0.18863625645667248,0.17613626355894124,0.17613626355894124,0.17613626355894124,0.17613626355894124,0.17613626355894124,0.17613626355894124,0.17613626355894124,0.17613626355894124,0.17159081159613074,0.17045444860542733,0.1545453667355866,0.1590908186983987,0.15340900374488398,0.14318173682855959,0.13181810692153018,0.13181810692153018,0.13068174393082754,0.12045447701450154,0.12045447701450154,0.12613629196801546,0.13068174393082754,0.11931811402379892,0.11931811402379892,0.11931811402379892,0.11931811402379892,0.11931811402379892,0.11477266206098845,0.10909084710747373,0.10227266916325639,0.0977272172004443,0.09659085420974167,0.09659085420974167,0.09090903925622777,0.07386359439568524,0.06818177944217052,0.06818177944217052,0.06249996448865662,0.06249996448865662,0.05681814953514271,0.03522725271178809,0.02386362280476027,0.018181807851245554,0.006818177944216931,0.005681814953514311,0.005681814953514311,0.005681814953514311,0.005681814953514311,0.005681814953514311,0.005681814953514311,0.005681814953514311,0.005681814953514311,0.0011363629907030237,0.0,0.005681814953514311,0.005681814953514311,0.005681814953514311,0.005681814953514311,0.017045444860542935,0.022727259814056842,0.04545451962811409,0.05795451252584614,0.06249996448865662,0.06249996448865662,0.06249996448865662,0.06249996448865662,0.06249996448865662,0.06249996448865662,0.06249996448865662,0.06249996448865662,0.07386359439568524,0.10227266916325639,0.1079544841167703,0.11363629907028501,0.11931811402379892,0.11931811402379892,0.12045447701450154,0.11931811402379892,0.11931811402379892,0.11931811402379892,0.11931811402379892,0.11931811402379892,0.11931811402379892,0.11363629907028501,0.11363629907028501,0.11363629907028501,0.1079544841167703,0.10340903215395901,0.10227266916325639,0.10227266916325639,0.10227266916325639,0.0977272172004443,0.09090903925622777,0.0863635872934173,0.09090903925622777,0.09090903925622777,0.09090903925622777,0.09659085420974167,0.1079544841167703,0.11363629907028501,0.11931811402379892,0.11931811402379892,0.12613629196801546,0.14204537383785618,0.14204537383785618,0.1477271887913701,0.1590908186983987,0.16022718168910133,0.16022718168910133,0.1590908186983987,0.1545453667355866,0.1590908186983987,0.16022718168910133,0.17159081159613074,0.17613626355894124,0.17613626355894124,0.17613626355894124,0.17613626355894124,0.17613626355894124,0.17613626355894124,0.17613626355894124,0.17613626355894124,0.17613626355894124,0.17613626355894124,0.18181807851245513,0.1840908044938612,0.205681701317215,0.23295441309408355,0.23295441309408355,0.23295441309408355,0.23295441309408355,0.23295441309408355,0.23295441309408355,0.24431804300111215,0.24431804300111215,0.23295441309408355,0.23295441309408355,0.23295441309408355,0.23295441309408355,0.24545440599181478,0.26249985085235733,0.28977256262922585,0.28977256262922585,0.30113619253625445,0.3022725555269571,0.3136361854339865,0.3295452673038256,0.33522708225733955,0.34659071216436815,0.34659071216436815,0.34659071216436815,0.34659071216436815,0.34659071216436815,0.35795434207139676,0.3693179719784254,0.38409069085756187,0.40340886169951046,0.40340886169951046,0.40340886169951046,0.40340886169951046,0.40340886169951046,0.40340886169951046,0.40340886169951046,0.40340886169951046,0.410227039643727,0.4261361215135677,0.4374997514205955,0.46022701123465276,0.46022701123465276,0.46022701123465276,0.4772724560951953,0.4999997159092525,0.5170451607697951,0.5170451607697951,0.5170451607697951,0.5170451607697951,0.5454542355373663,0.5738633103049374,0.5738633103049374,0.5738633103049374,0.597726933109698,0.6204541929237545,0.6306814598400797,0.6306814598400797,0.6306814598400797,0.6306814598400797,0.6590905346076509,0.6772723424588968,0.687499609375222,0.687499609375222,0.687499609375222,0.687499609375222,0.721590499096307,0.7397723069475538,0.7443177589103643,0.7443177589103643,0.7556813888173929,0.7784086486314493,0.8011359084455066,0.8011359084455066,0.8011359084455066,0.8124995383525352,0.8249995312502673,0.852272243027135,0.8579540579806489,0.8590904209713516,0.8818176807854096,0.8977267626552486,0.9147722075157912,0.9147722075157912,0.9215903854600086,0.9488630972368762,0.9659085420974196,0.9715903570509336,0.9715903570509336,0.9715903570509336,0.9715903570509336,0.9715903570509336,0.9715903570509336,0.9727267200416362,0.9772721720044474,0.9829539869579621,0.9829539869579621,0.988635801911476,0.9897721649021795,0.9943176168649908,0.9943176168649908,0.9943176168649908,0.9954539798556934,0.9999994318185047,0.9999994318185047,0.9999994318185047,0.9943176168649908,0.9943176168649908,0.988635801911476,0.9829539869579621,0.9727267200416362,0.9715903570509336,0.9715903570509336,0.9715903570509336,0.9715903570509336,0.9715903570509336,0.9715903570509336,0.9715903570509336,0.9715903570509336,0.9715903570509336,0.9715903570509336,0.9715903570509336,0.9715903570509336,0.9715903570509336
8384500,0.0014479262128528068,0.0014479262128528068,0.0014479262128528068,0.0014479262128528068,0.0014479262128528068,0.0014479262128528068,0.0014479262128528068,0.0014479262128528068,0.0014479262128528068,0.0015513495137708644,0.0016547728146889217,0.0016547728146889217,0.0017581961156069793,0.0017581961156069793,0.001861619416525037,0.0019857273776267086,0.0020684660183611526,0.0020684660183611526,0.0020684660183611526,0.00217188931927921,0.0024821592220333833,0.002792429124787555,0.0031026990275417284,0.0034129689302959012,0.0034129689302959012,0.0034129689302959012,0.0036611848524992436,0.003950770095069801,0.005336642327371777,0.005791704851411227,0.0058123895115948405,0.00593649747269651,0.006205398055083458,0.006432929317103187,0.006825937860591802,0.006950045821693473,0.007136207763345974,0.007136207763345974,0.007136207763345974,0.007136207763345974,0.007136207763345974,0.007136207763345974,0.007136207763345974,0.007136207763345974,0.007136207763345974,0.007136207763345974,0.00721894640408043,0.008170440772526552,0.008170440772526552,0.008170440772526552,0.008170440772526552,0.008170440772526552,0.008170440772526552,0.009701105626113813,0.010238906790887703,0.012410796110166914,0.015410071836790584,0.01871961746616845,0.03216464658551593,0.06939703491601668,0.11386905431078145,0.11676490673648704,0.1335194814852124,0.14158649895682088,0.1531699086596433,0.18916121737912742,0.20364047950765546,0.22246352027474206,0.24811249890242024,0.3174061105175188,0.49219148906903615,0.6322266385120863,0.7104146540061377,0.7859136636763198,0.7993586927956672,0.8051503976470785,0.8179748869609177,0.82955829666374,0.8345226151078069,0.8345226151078069,0.8407280131628904,0.8448649451996126,0.8448649451996126,0.8448649451996126,0.8450717918014486,0.8461060248106294,0.8461060248106294,0.8525182694675489,0.8473471044216461,0.8448649451996126,0.8448649451996126,0.8448649451996126,0.8372116209316766,0.8347294617096429,0.8361773879224959,0.8430033257830877,0.8361773879224959,0.8345226151078069,0.8345226151078069,0.8345226151078069,0.8345226151078069,0.8427964791812514,0.8440375587922682,0.8440375587922682,0.8440375587922682,0.8440375587922682,0.8448649451996126,0.8448649451996126,0.8438307121904322,0.8448649451996126,0.8448649451996126,0.8448649451996126,0.8448649451996126,0.8448649451996126,0.8448649451996126,0.8448649451996126,0.8448649451996126,0.8448649451996126,0.8448649451996126,0.8448649451996126,0.8448649451996126,0.8448649451996126,0.8448649451996126,0.8448649451996126,0.8448649451996126,0.8448649451996126,0.8448649451996126,0.8448649451996126,0.8448649451996126,0.8448649451996126,0.8450717918014486,0.8448649451996126,0.8448649451996126,0.8448649451996126,0.8461060248106294,0.8471402578198098,0.8494155704400072,0.8523114228657127,0.8552072752914184,0.8562415083005989,0.861619519948338,0.8655496053832241,0.8655496053832241,0.8738234694566688,0.8758919354750299,0.8758919354750299,0.8758919354750299,0.8771330150860467,0.8800288675117522,0.88333841314113,0.8862342655668357,0.8862342655668357,0.8883027315851969,0.8965765956586415,0.8965765956586415,0.8984382150751665,0.9069189257504472,0.9114695509908418,0.9172612558422529,0.9379459160258645,0.9482882461176703,0.954907337376426,0.9731098383380041,0.9793152363930875,0.9919328791050905,0.9999998965766991,0.9999998965766991,0.9999998965766991,0.99089864609591,0.9896575664848933,0.9871754072628599,0.9735235315416763,0.9598716558204927,0.9520114849507203,0.9482882461176703,0.9474608597103258,0.9292583587487476,0.9133311704073668,0.9069189257504472,0.9069189257504472,0.9069189257504472,0.901127220899036,0.8965765956586415,0.8862342655668357,0.8792014811044079,0.8758919354750299,0.8758919354750299,0.8721686966419798,0.870720770429127,0.8655496053832241,0.8607921335409936,0.8554141218932545,0.8471402578198098,0.8450717918014486,0.8448649451996126,0.8448649451996126,0.8448649451996126,0.8448649451996126,0.8450717918014486,0.8461060248106294,0.8469334112179738,0.8471402578198098,0.8523114228657127,0.8533456558748934,0.8543798888840739,0.8543798888840739,0.8543798888840739,0.8523114228657127,0.8469334112179738,0.8469334112179738,0.8469334112179738,0.8469334112179738,0.8469334112179738,0.8527251160693851,0.8527251160693851,0.8552072752914184,0.8485881840326629,0.8552072752914184,0.8552072752914184,0.8552072752914184,0.8552072752914184,0.8554141218932545,0.8554141218932545,0.8554141218932545,0.8552072752914184,0.8552072752914184,0.8552072752914184,0.8552072752914184,0.8552072752914184,0.8552072752914184,0.8552072752914184,0.8552072752914184,0.8552072752914184,0.8552072752914184,0.8523114228657127,0.851070343254696,0.8512771898565322,0.851070343254696,0.851070343254696,0.8461060248106294,0.8345226151078069,0.8345226151078069,0.8345226151078069,0.8320404558857736,0.8314199160802652,0.8303856830710845,0.8254213646270179,0.8241802850160012,0.814872187933376,0.8138379549241953,0.8138379549241953,0.8138379549241953,0.8138379549241953,0.8138379549241953,0.8138379549241953,0.8138379549241953,0.8138379549241953,0.8138379549241953,0.8138379549241953,0.8138379549241953,0.8138379549241953,0.8138379549241953,0.8138379549241953,0.8138379549241953,0.8138379549241953,0.8103215626929814,0.8047367044434062,0.8034956248323896,0.8034956248323896,0.8034956248323896,0.8034956248323896,0.8034956248323896,0.8034956248323896,0.8034956248323896,0.8034956248323896,0.8034956248323896,0.8041161646378979,0.8034956248323896,0.8034956248323896,0.8001860792030118,0.7993586927956672,0.8001860792030118,0.7993586927956672,0.7985313063883228,0.7983244597864867,0.7939806811479284,0.789843749111206,0.7828109646487781,0.7621263044651665,0.7310993141897493,0.7124831200244991,0.45537279394220803,0.1306236290595069,0.031978484643863415,0.017602645816253405,0.008956457859503792,0.006722514559673744,0.005191849706086495,0.0034129689302959012,0.0029165370858892266,0.002275312620197268,0.0019857273776267086,0.0016547728146889217,0.0015513495137708644,0.0014479262128528068,0.001344502911934749,0.0012410796110166914,0.0011376563100986335,0.0010342330091805759,0.0008480710675280743,0.0008273864073444611,0.0006205398055083457,0.00041369320367223026,0.0003102699027541731,0.0002068466018361154,0.0002068466018361154,0.0001034233009180577,0.0001034233009180577,0.0,0.0,0.0001034233009180577,0.0001034233009180577,0.0001034233009180577,0.0001034233009180577,0.0001034233009180577,0.00012410796110167097,0.0002068466018361154,0.0002068466018361154,0.0002068466018361154,0.0002068466018361154,0.00022753126201972867,0.0003309545629377864,0.00041369320367223026,0.0005171165045902879,0.0005378011647739017,0.0005171165045902879,0.00041369320367223026,0.00041369320367223026,0.00041369320367223026,0.00041369320367223026,0.00041369320367223026,0.00041369320367223026,0.0003309545629377864,0.00041369320367223026,0.00041369320367223026,0.00041369320367223026,0.00041369320367223026,0.00041369320367223026,0.00041369320367223026,0.00043437786385584407,0.0007239631064264034,0.0007239631064264034,0.0007446477666100161,0.0009514943684461309,0.0010549176693641887,0.0011583409702822464,0.0012410796110166914,0.001261764271200304,0.001344502911934749,0.001344502911934749,0.001344502911934749,0.001344502911934749,0.001344502911934749,0.001344502911934749,0.001344502911934749,0.001344502911934749
8386000,0.1765020670144549,0.1756079329363675,0.1756079329363675,0.1765020670144549,0.1765020670144549,0.18186687148297956,0.1890199441076787,0.1970671508104657,0.21137329605986396,0.2167381005283885,0.22031463684073804,0.22031463684073804,0.22031463684073804,0.22031463684073804,0.22031463684073804,0.22031463684073804,0.22031463684073804,0.22031463684073804,0.22031463684073804,0.22031463684073804,0.22031463684073804,0.22031463684073804,0.22031463684073804,0.22567944130926249,0.23462078209013673,0.2399855865586613,0.2399855865586613,0.2399855865586613,0.2399855865586613,0.24713865918336037,0.24803279326144775,0.24803279326144775,0.24713865918336037,0.24713865918336037,0.24713865918336037,0.2399855865586613,0.23372664801204926,0.22120877091882543,0.22031463684073804,0.22031463684073804,0.22031463684073804,0.22031463684073804,0.22031463684073804,0.22031463684073804,0.22031463684073804,0.22031463684073804,0.21584396645030102,0.19349061449811572,0.1756079329363675,0.1756079329363675,0.1756079329363675,0.1756079329363675,0.1756079329363675,0.17113726254593045,0.1452073742813956,0.13090122903199694,0.13090122903199694,0.13090122903199694,0.13090122903199694,0.13090122903199694,0.13090122903199694,0.13090122903199694,0.13090122903199694,0.13090122903199694,0.1273246927196474,0.1273246927196474,0.13090122903199694,0.13090122903199694,0.13090122903199694,0.13090122903199694,0.1613017876869693,0.1756079329363675,0.1756079329363675,0.20153782120090274,0.22031463684073804,0.2453503910271858,0.2650213407451086,0.2650213407451086,0.2650213407451086,0.2650213407451086,0.2945277653219933,0.3097280446494792,0.3097280446494792,0.31062217872756653,0.3186693854303532,0.3365520669921015,0.34638754185106313,0.3544347485538497,0.3544347485538497,0.3544347485538497,0.3544347485538497,0.3544347485538497,0.3544347485538497,0.3544347485538497,0.3544347485538497,0.3544347485538497,0.3544347485538497,0.34549340777297566,0.3410227373825385,0.32314005582079036,0.3141987150399162,0.3097280446494792,0.3097280446494792,0.30168083794669254,0.2784333519164198,0.270386145213633,0.270386145213633,0.2882688267753813,0.2972101675562555,0.3097280446494792,0.3097280446494792,0.3097280446494792,0.3097280446494792,0.3097280446494792,0.3097280446494792,0.30257497202478,0.2918453630877309,0.270386145213633,0.2650213407451086,0.2650213407451086,0.2650213407451086,0.2650213407451086,0.2650213407451086,0.2650213407451086,0.2650213407451086,0.2650213407451086,0.2650213407451086,0.2650213407451086,0.2650213407451086,0.2650213407451086,0.2650213407451086,0.2650213407451086,0.2650213407451086,0.265915474823196,0.26949201113554566,0.26949201113554566,0.265915474823196,0.2650213407451086,0.2650213407451086,0.26055067035467155,0.23462078209013673,0.22567944130926249,0.22031463684073804,0.22031463684073804,0.21137329605986396,0.19080821226385364,0.1765020670144549,0.1756079329363675,0.17203139662401792,0.1756079329363675,0.1756079329363675,0.1756079329363675,0.1756079329363675,0.1756079329363675,0.16845486031166837,0.16666659215549343,0.13090122903199694,0.13090122903199694,0.13090122903199694,0.1273246927196474,0.1139126815483361,0.1139126815483361,0.10586547484554965,0.09602999998658801,0.09155932959615082,0.09602999998658801,0.10586547484554965,0.12285402232921033,0.13090122903199694,0.13179536311008433,0.13805430165669638,0.1514663128280076,0.16666659215549343,0.1756079329363675,0.1756079329363675,0.1756079329363675,0.1756079329363675,0.20064368712281527,0.22031463684073804,0.22031463684073804,0.22031463684073804,0.23372664801204926,0.23015011169969968,0.22299703907500054,0.22031463684073804,0.20869089382560188,0.19885541896664016,0.20332608935707722,0.19080821226385364,0.1756079329363675,0.1756079329363675,0.1756079329363675,0.1756079329363675,0.1756079329363675,0.1756079329363675,0.17203139662401792,0.17113726254593045,0.1675607262335809,0.13984256981287102,0.13537189942243397,0.13090122903199694,0.12195988825112286,0.1022889385332,0.09066519551806343,0.08583687149639146,0.07895203909511855,0.07635905026866484,0.07635905026866484,0.05990698323185654,0.05230684356811355,0.03290413407361676,0.024499273739595064,0.024499273739595064,0.024499273739595064,0.024499273739595064,0.023605139661507596,0.006169525138803132,0.001430614524939859,0.0,0.00903075418868285,0.024499273739595064,0.028969944130032104,0.0557939664726545,0.07367664803440266,0.08619452512762639,0.10586547484554965,0.12195988825112286,0.12195988825112286,0.12285402232921033,0.13090122903199694,0.13179536311008433,0.13537189942243397,0.17113726254593045,0.1756079329363675,0.18991407818576664,0.22031463684073804,0.22567944130926249,0.23015011169969968,0.2355149161682242,0.2453503910271858,0.2453503910271858,0.2650213407451086,0.26949201113554566,0.2748568156040702,0.296316033478168,0.3097280446494792,0.3204576535865283,0.34370513961680094,0.3544347485538497,0.35532888263193724,0.39467078206778317,0.39914145245822025,0.44384815636259084,0.4706721787052132,0.47156631278330075,0.4885548602669614,0.4885548602669614,0.4885548602669614,0.4885548602669614,0.4885548602669614,0.5126964803753216,0.533261564171332,0.533261564171332,0.5708151954510033,0.5779682680757025,0.622674971980073,0.622674971980073,0.6441341898541713,0.6673816758844436,0.6906291619147165,0.7424889384437864,0.7567950836931846,0.7567950836931846,0.7693129607864091,0.8015017875975552,0.8104431283784295,0.8372671507210518,0.8462084915019258,0.8462084915019258,0.8462084915019258,0.8506791618923628,0.8909151954062963,0.8909151954062963,0.9007506702652578,0.9132685473584816,0.9320453629983173,0.9356218993106669,0.9356218993106669,0.9356218993106669,0.9383043015449295,0.9660224579656391,0.9803286032150373,0.9937406143863488,0.999999552932961,0.9937406143863488,0.9803286032150373,0.9356218993106669,0.9222098881393558,0.8909151954062963,0.8462084915019258,0.8390554188772266,0.7979252512852056,0.7567950836931846,0.7263945250382127,0.7120883797888141,0.6807936870557548,0.6673816758844436,0.6673816758844436,0.6539696647131324,0.622674971980073,0.5958509496374507,0.5779682680757025,0.533261564171332,0.533261564171332,0.5118023462972342,0.4885548602669614,0.4751428490956502,0.44384815636259084,0.44384815636259084,0.44384815636259084,0.44027162005024123,0.43043614519127965,0.40808279323909435,0.39914145245822025,0.39914145245822025,0.37231743011559787,0.35890541894428685,0.3544347485538497,0.3544347485538497,0.3544347485538497,0.3544347485538497,0.3544347485538497,0.3544347485538497,0.33744620107018886,0.3097280446494792,0.3097280446494792,0.3097280446494792,0.3097280446494792,0.3097280446494792,0.3097280446494792,0.3097280446494792,0.3097280446494792,0.3097280446494792,0.3097280446494792,0.3097280446494792,0.3097280446494792,0.3097280446494792,0.3097280446494792,0.30615150833712956,0.2650213407451086,0.2685978770574586,0.2650213407451086,0.2650213407451086,0.2650213407451086,0.2650213407451086,0.24177385471483626,0.22299703907500054,0.22031463684073804,0.22031463684073804,0.22031463684073804,0.22031463684073804,0.22031463684073804,0.22031463684073804,0.22031463684073804,0.22031463684073804,0.22031463684073804
8395500,0.9187060929401021,0.917831967257,0.917831967257,0.9060312705351244,0.8968529508625545,0.8959788251794524,0.8959788251794524,0.8959788251794524,0.8942305738132486,0.8942305738132486,0.8942305738132486,0.8959788251794524,0.8959788251794524,0.89029700823929,0.89029700823929,0.8789333743589652,0.8741256831019047,0.8741256831019047,0.8741256831019047,0.8697550546863951,0.8675697404786405,0.864073237746233,0.8592655464891724,0.8527096038659081,0.8522725410243571,0.8522725410243571,0.8522725410243571,0.8522725410243571,0.8522725410243571,0.8522725410243571,0.8522725410243571,0.8522725410243571,0.8522725410243571,0.8522725410243571,0.8522725410243571,0.8562061065983159,0.8649473634293349,0.8741256831019047,0.8741256831019047,0.8741256831019047,0.8741256831019047,0.872377431735701,0.8614508606969272,0.8522725410243571,0.8522725410243571,0.8448424727179908,0.8374124044116248,0.8374124044116248,0.8308564617883606,0.8304193989468095,0.8304193989468095,0.8203669535911378,0.8085662568692619,0.7867131147917142,0.7648599727141666,0.7430068306366191,0.7220278142421734,0.7167830601435619,0.6949299180660142,0.6844404098687914,0.6774474044039762,0.6660837705236513,0.6555942623264286,0.6555942623264286,0.6407341257136964,0.633741120248881,0.633741120248881,0.633741120248881,0.6284963661502696,0.6175697951114958,0.6118879781713333,0.5900348360937857,0.5900348360937857,0.5681816940162381,0.5646851912838305,0.5485138661464453,0.5463285519386905,0.5441432377309356,0.5397726093154263,0.5244754098611428,0.5227271584949391,0.5091782104068597,0.5030593306251463,0.5026222677835952,0.5026222677835952,0.49169569674482144,0.48076912570604763,0.46153836067780596,0.4589159836285,0.4589159836285,0.4589159836285,0.4536712295298887,0.441433469966462,0.4374999043925034,0.4064684426423859,0.3933565573958571,0.3933565573958571,0.3898600546634496,0.38505236340638915,0.38505236340638915,0.37325166668451343,0.37150341531830955,0.37150341531830955,0.35708034154712814,0.3496502732407619,0.3496502732407619,0.3496502732407619,0.3496502732407619,0.3496502732407619,0.3500873360823129,0.36145096996263776,0.37150341531830955,0.37150341531830955,0.3662586612196982,0.37150341531830955,0.37150341531830955,0.37237754100141157,0.37150341531830955,0.3662586612196982,0.3631992213288415,0.3544579644978225,0.3500873360823129,0.3496502732407619,0.3365383879942333,0.3277971311632143,0.3256118169554595,0.3177446858075425,0.30594398908566667,0.30594398908566667,0.30594398908566667,0.30594398908566667,0.30594398908566667,0.30594398908566667,0.30594398908566667,0.30594398908566667,0.30069923498705536,0.2989509836208516,0.29283210383913805,0.28846147542362854,0.2845279098496701,0.2805943442757115,0.2657342076629791,0.2622377049305714,0.24038456285302381,0.2338286202297595,0.2185314207754762,0.20673072405360057,0.18400345629295098,0.17482513662038096,0.15646849727524104,0.1494754918104258,0.1311188524652857,0.12281465847581764,0.12062934426806292,0.11625871585255335,0.1136363388032476,0.1092657103877381,0.1092657103877381,0.10314683060602474,0.08741256831019048,0.07430068306366187,0.06555942623264285,0.06555942623264285,0.048951038253706634,0.04370628415509524,0.04370628415509524,0.04370628415509524,0.04370628415509524,0.04370628415509524,0.0445804098381972,0.04370628415509524,0.04370628415509524,0.04370628415509524,0.04370628415509524,0.04370628415509524,0.04370628415509524,0.0445804098381972,0.06555942623264285,0.06555942623264285,0.08741256831019048,0.08741256831019048,0.1092657103877381,0.11625871585255335,0.1311188524652857,0.1311188524652857,0.1311188524652857,0.1311188524652857,0.1311188524652857,0.1311188524652857,0.1354894808807952,0.15297199454283333,0.1538461202259353,0.16171325137385234,0.1625873770569544,0.1625873770569544,0.16171325137385234,0.15297199454283333,0.1354894808807952,0.1311188524652857,0.11975521858496112,0.10970277322928912,0.1092657103877381,0.1092657103877381,0.1092657103877381,0.09702795082431154,0.08741256831019048,0.08741256831019048,0.08741256831019048,0.0747377459052129,0.06555942623264285,0.06031467213403154,0.04370628415509524,0.04370628415509524,0.03190558743321962,0.026223770493057127,0.02185314207754762,0.02185314207754762,0.008741256831019017,0.0069930054648152445,0.0004370628415510207,0.0,0.0,0.0,0.0,0.0,0.0,0.0069930054648152445,0.0069930054648152445,0.01136363388032483,0.013111885246528603,0.018356639345140074,0.02185314207754762,0.024038456285302413,0.030594398908566637,0.03933565573958573,0.04370628415509524,0.04370628415509524,0.04807691257060498,0.06555942623264285,0.07080418033125425,0.08741256831019048,0.10096151639827002,0.1092657103877381,0.11407340164479855,0.1311188524652857,0.14466780055336526,0.15734262295834284,0.17482513662038096,0.19667827869792856,0.20760484973670237,0.2185314207754762,0.24038456285302381,0.2587412021981639,0.2622377049305714,0.2823425956419153,0.28409084700811904,0.3020104235117081,0.30594398908566667,0.30594398908566667,0.31075168034272727,0.3221153142230521,0.3277971311632143,0.37150341531830955,0.38374117488173626,0.41520969947340475,0.4589159836285,0.5244754098611428,0.5467656147802415,0.5830418306289706,0.597464904400152,0.6215033606854544,0.6368005601397376,0.65166069675247,0.6582166393757345,0.6936187295413615,0.6997376093230748,0.705856489104788,0.7132865574111543,0.7211536885590715,0.7211536885590715,0.7211536885590715,0.7237760656083773,0.7316431967562942,0.7434438934781701,0.7648599727141666,0.7867131147917142,0.7871501776332653,0.8085662568692619,0.8282340847390547,0.8361012158869721,0.8522725410243571,0.8618879235384782,0.8942305738132486,0.919143155781653,0.9514858060564234,0.9707165710846652,0.9899473361129071,0.9999997814685792,0.9999997814685792,0.9916955874791111,0.9860137705389487,0.9833913934896429,0.9707165710846652,0.9628494399367481,0.9562934973134839,0.9532340574226272,0.9527969945810763,0.9527969945810763,0.9488634290071176,0.9466781147993628,0.9423074863838534,0.9396851093345476,0.9309438525035286,0.9252620355633663,0.917831967257,0.917831967257,0.9160837158907962,0.9138984016830415,0.9117130874752867,0.9060312705351244,0.8964158880210034,0.8959788251794524,0.8959788251794524,0.8959788251794524,0.8959788251794524,0.8959788251794524,0.8924823224470448,0.8959788251794524,0.8959788251794524,0.8959788251794524,0.8959788251794524,0.8968529508625545,0.9117130874752867,0.917831967257,0.917831967257,0.917831967257,0.917831967257,0.917831967257,0.917831967257,0.917831967257,0.917831967257,0.917831967257,0.917831967257,0.9222025956725096,0.9239508470387136,0.9396851093345476,0.9396851093345476,0.9396851093345476,0.9436186749085064,0.9436186749085064,0.9615382514120953,0.9615382514120953,0.9615382514120953,0.9615382514120953,0.9615382514120953,0.9615382514120953,0.9615382514120953,0.9615382514120953,0.9615382514120953,0.9615382514120953,0.9615382514120953,0.9549823087888311,0.9401221721760986,0.9396851093345476,0.9396851093345476,0.9396851093345476
8396500,0.9434480589774578,0.938850358884975,0.938850358884975,0.9324135787554991,0.9310342687277543,0.9273561086537682,0.9273561086537682,0.9310342687277543,0.9310342687277543,0.9310342687277543,0.9310342687277543,0.9319538087462509,0.9360917388294853,0.9379308188664783,0.9383905888757267,0.9379308188664783,0.9379308188664783,0.9360917388294853,0.9360917388294853,0.9379308188664783,0.940689438921968,0.9425285189589611,0.943907828986706,0.9503446091161818,0.9503446091161818,0.9540227691901679,0.9540227691901679,0.9540227691901679,0.9540227691901679,0.9540227691901679,0.9540227691901679,0.9540227691901679,0.9540227691901679,0.9540227691901679,0.9544825391994163,0.9595400093011472,0.9724135695600988,0.9728733395693472,0.9650572494121264,0.9595400093011472,0.9540227691901679,0.9521836891531749,0.9314940387370025,0.9310342687277543,0.9310342687277543,0.9131032383670715,0.9062066882283475,0.8974710580526304,0.891953817941651,0.8873561178491682,0.8850572678029269,0.876781407636458,0.8620687673405132,0.8556319872110373,0.8298848666931342,0.7954021159995137,0.765976835407624,0.7471262650284448,0.7250573045845278,0.7016090341128658,0.7011492641036174,0.7011492641036174,0.6942527139648934,0.6809193836966935,0.6781607636412037,0.6781607636412037,0.6781607636412037,0.6712642135024797,0.6574711132250316,0.6551722631787901,0.6551722631787901,0.6551722631787901,0.648275713040066,0.6459768629938246,0.6372412328181073,0.6321837627163763,0.6202297424759211,0.6091952622539627,0.6036780221429835,0.592643541921025,0.5866665318007973,0.586206761791549,0.586206761791549,0.5733332015325974,0.5664366513938732,0.5632182613291353,0.5632182613291353,0.5383906808297285,0.517241260404308,0.517241260404308,0.517241260404308,0.510804480274832,0.49609183997888745,0.4942527599418942,0.4942527599418942,0.47126425947948053,0.44965506904481173,0.4422987488968395,0.4275861086008946,0.42528725855465316,0.42528725855465316,0.4027585281014878,0.4022987580922395,0.4022987580922395,0.3889654278240396,0.381149337666819,0.3793102576298258,0.3793102576298258,0.3793102576298258,0.38850565781479124,0.3889654278240396,0.3986205980182534,0.4022987580922395,0.4022987580922395,0.4027585281014878,0.4045976081384809,0.4055171481569774,0.41287346830495,0.4045976081384809,0.4027585281014878,0.4022987580922395,0.3889654278240396,0.37977002763907414,0.3793102576298258,0.3793102576298258,0.3701148574448604,0.3563217571674121,0.33747118678823307,0.3333332567049984,0.3314941766680054,0.3245976265292813,0.31816084639980546,0.32229877648303995,0.32229877648303995,0.31816084639980546,0.31724130638130876,0.31034475624258473,0.31034475624258473,0.31034475624258473,0.30160912606686757,0.28735625578017104,0.26436775531775736,0.26436775531775736,0.2510344250495575,0.22390799450390958,0.2050574241247301,0.19540225393051633,0.17241375346810264,0.14942525300568896,0.1365516927467374,0.12643675254327527,0.11586204233056503,0.10344825208086159,0.09011492181266169,0.0813792916369445,0.0804597516184479,0.07218389145197907,0.06942527139648941,0.067126421350248,0.06206895124851693,0.057471251156034214,0.04597700092482737,0.039999990804599775,0.03448275069362053,0.03448275069362053,0.018850570379179227,0.01287356025895188,0.022528730453165502,0.03448275069362053,0.03448275069362053,0.03448275069362053,0.03448275069362053,0.03448275069362053,0.03448275069362053,0.03448275069362053,0.03448275069362053,0.03448275069362053,0.03540229071211714,0.057471251156034214,0.08551722172017888,0.10344825208086159,0.11540227232131677,0.12459767250628222,0.12643675254327527,0.1356321527282407,0.1452873229224545,0.1475861729686959,0.14942525300568896,0.14942525300568896,0.1416091628484684,0.14942525300568896,0.15126433304268216,0.14942525300568896,0.14942525300568896,0.14942525300568896,0.14942525300568896,0.14942525300568896,0.13839077278373046,0.1356321527282407,0.12643675254327527,0.10344825208086159,0.10344825208086159,0.10344825208086159,0.10344825208086159,0.10114940203462018,0.09885055198837886,0.08321837167393756,0.0804597516184479,0.0804597516184479,0.0804597516184479,0.0781609015722065,0.06022987121152388,0.057471251156034214,0.03632183073061375,0.03448275069362053,0.03034482061038607,0.02804597056414467,0.02574712051790343,0.011494250231206843,0.011494250231206843,0.011494250231206843,0.009195400184965442,0.0009195400184966095,0.0009195400184966095,0.0,0.001839080036993219,0.001839080036993219,0.0,0.0,0.0,0.0013793100277450366,0.0013793100277450366,0.011494250231206843,0.011494250231206843,0.011494250231206843,0.011494250231206843,0.011494250231206843,0.01747126035143452,0.03448275069362053,0.04827585097106877,0.057471251156034214,0.07126435143348246,0.0804597516184479,0.08091952162769625,0.09885055198837886,0.10436779209935819,0.11494250231206843,0.11999997241379941,0.12689652255252362,0.14942525300568896,0.15862065319065463,0.17241375346810264,0.19356317389352326,0.19540225393051633,0.22022983442992322,0.2413792548553437,0.2606895952437713,0.26436775531775736,0.31034475624258473,0.324137856520033,0.33747118678823307,0.3696550874356122,0.3967815179812603,0.44459759894308076,0.47126425947948053,0.517241260404308,0.586206761791549,0.6119538823094524,0.638160772836604,0.6551722631787901,0.6551722631787901,0.6708044434932315,0.678620533650452,0.6896550138724106,0.7011492641036174,0.722298684529038,0.7471262650284448,0.7627584453428863,0.7724136155371,0.7931032659532722,0.7931032659532722,0.8087354462677137,0.8160917664156858,0.8165515364249342,0.8275860166468927,0.8275860166468927,0.828045786656141,0.8303446367023825,0.8354021068041134,0.8491952070815616,0.8537929071740443,0.8698848574977339,0.8836779577751822,0.9039078381821061,0.9080457682653406,0.916781398441058,0.9310342687277543,0.9314940387370025,0.9314940387370025,0.9314940387370025,0.9310342687277543,0.9310342687277543,0.9310342687277543,0.9310342687277543,0.9310342687277543,0.9310342687277543,0.9310342687277543,0.9310342687277543,0.9199997885057959,0.9310342687277543,0.9310342687277543,0.9199997885057959,0.9108043883208303,0.9080457682653406,0.9080457682653406,0.9080457682653406,0.9080457682653406,0.9080457682653406,0.9080457682653406,0.9135630083763199,0.9310342687277543,0.9310342687277543,0.9310342687277543,0.9310342687277543,0.9314940387370025,0.9310342687277543,0.9310342687277543,0.9356319688202372,0.9540227691901679,0.9540227691901679,0.9540227691901679,0.9595400093011472,0.9751721896155886,0.9770112696525817,0.9770112696525817,0.9898848299115334,0.9999997701149953,0.9999997701149953,0.9999997701149953,0.9999997701149953,0.9999997701149953,0.9999997701149953,0.9999997701149953,0.9999997701149953,0.9999997701149953,0.9999997701149953,0.9999997701149953,0.9999997701149953,0.9999997701149953,0.9999997701149953,0.9999997701149953,0.9999997701149953,0.9999997701149953,0.9999997701149953,0.9999997701149953,0.9958618400317608,0.9954020700225125,0.9954020700225125,0.9954020700225125,0.9935629899855194,0.9816089697450644,0.9770112696525817,0.9770112696525817,0.9770112696525817,0.9714940295416025,0.9701147195138575
8477110,0.8834984776496295,0.8834984776496295,0.8834984776496295,0.8834984776496295,0.8834984776496295,0.8834984776496295,0.8834984776496295,0.8834984776496295,0.8834984776496295,0.8834984776496295,0.8816093148321322,0.8740526635621425,0.8740526635621425,0.8740526635621425,0.8646068494746554,0.8520124306913391,0.8520124306913391,0.8457152212996812,0.839418011908023,0.8268235931247068,0.8205263837330489,0.8142291743413906,0.7921889414705872,0.7890403367747583,0.7890403367747583,0.773297313295613,0.7575542898164679,0.7323654522498355,0.7260682428581773,0.7166224287706904,0.7071766146832031,0.7040280099873741,0.6977308005957159,0.694582195899887,0.694582195899887,0.6851363818123998,0.6788391724207418,0.6630961489415966,0.6630961489415966,0.6442045207666222,0.634758706679135,0.634758706679135,0.634758706679135,0.628461497287477,0.6158670785041609,0.6001240550250156,0.5969754503291868,0.5906782409375285,0.5749352174583833,0.568638008066725,0.568638008066725,0.5497463798917509,0.5434491705000927,0.5371519611084348,0.5371519611084348,0.5371519611084348,0.5308547517167767,0.5277061470209476,0.5245575423251185,0.5119631235418024,0.5088145188459734,0.5056659141501443,0.4962201000626572,0.47417986719185384,0.46158544840853766,0.44584242492939247,0.4426938202335635,0.4426938202335635,0.4332480061460763,0.411207773275273,0.4017619591877858,0.3954647497961277,0.38601893570864065,0.37972172631698253,0.37972172631698253,0.37972172631698253,0.3639787028378374,0.3482356793586921,0.3482356793586921,0.338789865271205,0.32619544648788884,0.3167496324004016,0.3167496324004016,0.31360102770457265,0.31360102770457265,0.30100660892125647,0.2884121901379403,0.2852635854421113,0.2852635854421113,0.2852635854421113,0.2852635854421113,0.2852635854421113,0.2852635854421113,0.2852635854421113,0.2852635854421113,0.2789663760504532,0.25377753848382084,0.25377753848382084,0.25377753848382084,0.25377753848382084,0.25377753848382084,0.25377753848382084,0.25377753848382084,0.25377753848382084,0.25377753848382084,0.25377753848382084,0.25377753848382084,0.25377753848382084,0.25377753848382084,0.25377753848382084,0.25377753848382084,0.25377753848382084,0.25377753848382084,0.24118311970050463,0.25377753848382084,0.25377753848382084,0.25377753848382084,0.25377753848382084,0.25377753848382084,0.25377753848382084,0.2600747478754789,0.2600747478754789,0.2600747478754789,0.25377753848382084,0.25377753848382084,0.25377753848382084,0.25377753848382084,0.25377753848382084,0.25377753848382084,0.25377753848382084,0.25377753848382084,0.24118311970050463,0.22229149152553035,0.22229149152553035,0.20339986335055607,0.19080544456723988,0.19080544456723988,0.1819893514189187,0.15931939760894942,0.15931939760894942,0.15931939760894942,0.15931939760894942,0.15491135103478895,0.15050330446062865,0.1335008391031513,0.1278333506506591,0.1278333506506591,0.12090642031983526,0.11712809468484041,0.11209032717151379,0.11272004811067966,0.11209032717151379,0.10264451308402672,0.1013850712056951,0.09634730369236862,0.09634730369236862,0.09005009430071052,0.08060428021322331,0.06486125673407815,0.06486125673407815,0.06486125673407815,0.03337520977578769,0.03337520977578769,0.03337520977578769,0.03337520977578769,0.03337520977578769,0.027078000384129594,0.017002465357476782,0.0044080465741605955,0.0018891628174972184,0.0,0.0,0.0018891628174972184,0.013224139722481926,0.01763218629664252,0.026448279444963852,0.03211576789745621,0.03337520977578769,0.03211576789745621,0.02959688414079297,0.022669953809969137,0.014483581600813405,0.014483581600813405,0.01763218629664252,0.026448279444963852,0.026448279444963852,0.03274548883662195,0.03274548883662195,0.03274548883662195,0.03337520977578769,0.03337520977578769,0.03967241916744578,0.05163711701159623,0.05793432640325432,0.06486125673407815,0.06800986142990713,0.0768259545782286,0.09005009430071068,0.09634730369236862,0.10516339684068995,0.1057931177798557,0.10831200153651907,0.11209032717151379,0.1278333506506591,0.1278333506506591,0.1278333506506591,0.13916832755564365,0.15931939760894942,0.15931939760894942,0.1882865608105768,0.2216617705863646,0.25377753848382084,0.28463386450294553,0.2852635854421113,0.2852635854421113,0.28778246919877454,0.3148604695829044,0.29470939952959835,0.3173793533395675,0.32619544648788884,0.3482356793586921,0.36208954002034005,0.36712730753366635,0.3696461912903299,0.372165075046993,0.37972172631698253,0.36208954002034005,0.37972172631698253,0.35957065626367707,0.3507545631153553,0.3482356793586921,0.3482356793586921,0.341938469967034,0.3173793533395675,0.32871433024455204,0.345716795602029,0.3482356793586921,0.3482356793586921,0.35075456311535563,0.37972172631698253,0.37216507504699325,0.37972172631698253,0.37972172631698253,0.37972172631698253,0.37972172631698253,0.411207773275273,0.46788265780019617,0.47417986719185384,0.5056659141501443,0.5056659141501443,0.5371519611084348,0.5371519611084348,0.483625681279341,0.47417986719185384,0.4426938202335635,0.43009940145024733,0.411207773275273,0.411207773275273,0.3923161451002987,0.3923161451002987,0.3923161451002987,0.37972172631698253,0.38601893570864065,0.37972172631698253,0.38601893570864065,0.3891675404044696,0.3891675404044696,0.3891675404044696,0.38601893570864065,0.37972172631698253,0.37972172631698253,0.37972172631698253,0.37972172631698253,0.37972172631698253,0.37972172631698253,0.37972172631698253,0.37972172631698253,0.3765731216211536,0.3765731216211536,0.37972172631698253,0.37972172631698253,0.37972172631698253,0.38287033101281154,0.4017619591877858,0.411207773275273,0.4363966108419054,0.4426938202335635,0.46158544840853766,0.47417986719185384,0.47732847188768296,0.4962201000626572,0.5371519611084348,0.568638008066725,0.6001240550250156,0.6095698691125029,0.631610101983306,0.631610101983306,0.6410559160707933,0.6630961489415966,0.6851363818123998,0.694582195899887,0.7040280099873741,0.7071766146832031,0.7292168475540065,0.7355140569456645,0.7544056851206389,0.7670001039039551,0.7890403367747583,0.7984861508622454,0.8205263837330489,0.8268235931247068,0.839418011908023,0.8520124306913391,0.8520124306913391,0.8834984776496295,0.8834984776496295,0.8960928964329457,0.9149845246079201,0.9149845246079201,0.9244303386954074,0.9370247574787233,0.9559163856536976,0.9653621997411849,0.977956618524501,0.977956618524501,0.977956618524501,0.987402432611988,0.9968482466994751,0.9999968513953041,0.9999968513953041,0.9999968513953041,0.9999968513953041,0.9999968513953041,0.9999968513953041,0.9999968513953041,0.9999968513953041,0.9999968513953041,0.9999968513953041,0.9968482466994751,0.987402432611988,0.98110522322033,0.977956618524501,0.977956618524501,0.9748080138286718,0.9748080138286718,0.9716594091328428,0.9716594091328428,0.9716594091328428,0.9685108044370139,0.9722891300720086,0.9691405253761799,0.9685108044370139,0.9659919206803506,0.9628433159845216,0.9565461065928633,0.9502488972012051,0.9464705715662104,0.935765315600392,0.9338761527828943,0.9313572690262313,0.9244303386954074,0.921281733999578,0.9149845246079201,0.9149845246079201,0.9149845246079201,0.9149845246079201
9010500,0.0033631711404622133,0.0032225061878193,0.0031969307418842235,0.002941176282533491,0.0026982095461502886,0.002685421823182747,0.002557544593507381,0.002557544593507381,0.002557544593507381,0.002557544593507381,0.002557544593507381,0.002557544593507381,0.002557544593507381,0.002557544593507381,0.002557544593507381,0.002557544593507381,0.002557544593507381,0.002557544593507381,0.002493605978669698,0.0022378515193189597,0.0022378515193189597,0.0022378515193189597,0.0019437338910656095,0.0019437338910656095,0.0019181584451305387,0.0019181584451305387,0.0019181584451305387,0.0019181584451305387,0.0019181584451305387,0.0019181584451305387,0.0017263426006174836,0.0014578004182992158,0.0012787722967536905,0.0012787722967536905,0.0012787722967536905,0.0012787722967536905,0.0012787722967536905,0.0012787722967536905,0.0012787722967536905,0.0012787722967536905,0.0012787722967536905,0.0012787722967536905,0.0012787722967536905,0.0012787722967536905,0.0012787722967536905,0.0012787722967536905,0.0012787722967536905,0.0012787722967536905,0.0012787722967536905,0.0012787722967536905,0.0012787722967536905,0.0006393861483768481,0.0006393861483768481,0.0006393861483768481,0.000575447533539165,0.000575447533539165,1.2787722967541165e-05,0.0,0.0,0.0,0.0,0.0,0.0,0.0,0.0,0.0,0.0,0.0,0.0,0.0,0.0,0.0,0.0,0.0,0.0,0.0,0.0,0.0,0.0007672633780522257,0.0012787722967536905,0.0012787722967536905,0.0018158566613902434,0.002557544593507381,0.002557544593507381,0.0033248079715596066,0.005115089187014762,0.005652173551651315,0.006393861483768447,0.007672633780522137,0.008951406077275828,0.008951406077275828,0.008951406077275828,0.00934782548926948,0.011508950670783209,0.012787722967536894,0.013427109115913737,0.013618924960426796,0.014130433879128273,0.015345267561044275,0.015345267561044275,0.017263426006174813,0.019271098512078106,0.021739129044812722,0.02813299052858117,0.02813299052858117,0.03452685201234962,0.03452685201234962,0.04092071349611806,0.04680306606118505,0.04731457497988651,0.051150891870147576,0.05370843646365496,0.05370843646365496,0.0601022979474234,0.07186700307755736,0.08567774388249719,0.09846546685003409,0.1049872055634779,0.11764705130133941,0.1304347742688763,0.14961635872018164,0.168797943171487,0.18158566613902388,0.19437338910656077,0.20409205856188883,0.21355497355786612,0.23171354017176854,0.24552428097670836,0.2641943565093122,0.2774935883955506,0.3030690343306244,0.32864448026569815,0.3478260647170035,0.36739128085733497,0.39833757043877427,0.42404089360352354,0.45345265642885835,0.48209715587614094,0.5204603247787516,0.5640664600980524,0.6035805240677414,0.6483375544541206,0.6675191389054259,0.6994884463242681,0.7378516152268788,0.7710996949424749,0.840153398967174,0.87340147868277,0.9040920138048585,0.9296674597399323,0.9616367671587744,0.9744244901263114,0.9872122130938482,0.9936060745776167,0.9999999360613852,0.9999999360613852,0.9948848468743705,0.9936060745776167,0.9872122130938482,0.9744244901263114,0.9629155394555282,0.9488490441912376,0.9360613212237007,0.9232735982561637,0.9053707861016123,0.8849104293535531,0.8465472604509424,0.8145779530321002,0.7774935564262433,0.7314577537431104,0.6803068618729627,0.6432224652671059,0.6035805240677414,0.5740408840127311,0.5402812953784337,0.5140664632949832,0.4948848788436778,0.4657288704776938,0.4411764423800229,0.41560099644494913,0.4048593091522181,0.37979537213584574,0.3606137876845404,0.3479539419466789,0.33644499127589567,0.32225061878192973,0.3048593155460796,0.2966751728468559,0.283887449879319,0.2774935883955506,0.2647058654280137,0.2519181424604768,0.23299231246852223,0.22480816976929863,0.21355497355786612,0.20217390011675837,0.19386188018785933,0.18158566613902388,0.17519180465525544,0.1708439788462929,0.16240408168771855,0.15601022020395008,0.14974423594985703,0.14398976061446545,0.13900254865712605,0.1337595822404359,0.1304347742688763,0.12429666724445863,0.12289001771802954,0.11764705130133941,0.11457799778913058,0.11125318981757097,0.11010229475049264,0.10485932833380252,0.10485932833380252,0.10051150252484,0.09846546685003409,0.09616367671587747,0.09207160536626564,0.09207160536626564,0.08887467462438141,0.08567774388249719,0.08465472604509426,0.07928388239872874,0.07928388239872874,0.07557544273814305,0.0728900209149603,0.0728900209149603,0.0728900209149603,0.06969309017307608,0.06649615943119185,0.065856773282815,0.06393861483768448,0.06202045639255394,0.0601022979474234,0.0601022979474234,0.05946291179904656,0.057544753353916026,0.05511508599008403,0.05370843646365496,0.05370843646365496,0.05370843646365496,0.05370843646365496,0.05370843646365496,0.05370843646365496,0.053069050315278116,0.05242966416690127,0.05242966416690127,0.05127876909982294,0.051150891870147576,0.051150891870147576,0.051150891870147576,0.051150891870147576,0.051150891870147576,0.05179027801852442,0.05242966416690127,0.05242966416690127,0.05242966416690127,0.053069050315278116,0.053069050315278116,0.053069050315278116,0.053069050315278116,0.053069050315278116,0.05370843646365496,0.05370843646365496,0.05370843646365496,0.05370843646365496,0.05370843646365496,0.05370843646365496,0.05370843646365496,0.05370843646365496,0.05370843646365496,0.05370843646365496,0.05370843646365496,0.05383631369333032,0.0543478226120318,0.05562659490878549,0.05626598105716234,0.05626598105716234,0.055754472138460874,0.05511508599008403,0.05498720876040864,0.0543478226120318,0.05370843646365496,0.05370843646365496,0.05370843646365496,0.05370843646365496,0.05370843646365496,0.05370843646365496,0.053069050315278116,0.05242966416690127,0.05179027801852442,0.0506393829514461,0.049872119573393894,0.048081838357938715,0.04731457497988651,0.04731457497988651,0.04731457497988651,0.04731457497988651,0.04731457497988651,0.046675188831509666,0.04360613531930082,0.04219948579287175,0.04092071349611806,0.04092071349611806,0.04092071349611806,0.04092071349611806,0.04092071349611806,0.04092071349611806,0.04092071349611806,0.038363168902610684,0.035166238160726455,0.03452685201234962,0.03452685201234962,0.03452685201234962,0.03452685201234962,0.03452685201234962,0.03337595694527131,0.02813299052858117,0.02813299052858117,0.02813299052858117,0.02813299052858117,0.02813299052858117,0.02813299052858117,0.02813299052858117,0.02813299052858117,0.02634270931312602,0.02506393701637231,0.023145778571241796,0.021739129044812722,0.021739129044812722,0.021739129044812722,0.019884909214519877,0.01861892464073372,0.01662403985779796,0.015345267561044275,0.015345267561044275,0.014705881412667432,0.01347826000778389,0.012787722967536894,0.012634270291926456,0.011994884143549614,0.011508950670783209,0.010869564522406366,0.010230178374029513,0.010230178374029513,0.008951406077275828,0.008951406077275828,0.008951406077275828,0.008951406077275828,0.00780051101019752,0.006585677328281508,0.005882352565066982,0.0057544753353916045,0.005115089187014762,0.005115089187014762,0.005115089187014762,0.005063938295144614,0.004833759281728953,0.0047953961128263355,0.0047953961128263355,0.004539641653475597,0.004475703038637914,0.004475703038637914,0.004475703038637914,0.004475703038637914
9024000,0.011392397852912734,0.011392397852912734,0.010886069059449943,0.010253158067621471,0.010253158067621471,0.010253158067621471,0.010886069059449943,0.010886069059449943,0.010886069059449943,0.010886069059449943,0.011392397852912734,0.011392397852912734,0.011392397852912734,0.011392397852912734,0.011518980051278473,0.012658219836569735,0.012658219836569735,0.012658219836569735,0.012658219836569735,0.012658219836569735,0.012658219836569735,0.012658219836569735,0.012658219836569735,0.012658219836569735,0.012658219836569735,0.012658219836569735,0.012658219836569735,0.012658219836569735,0.012658219836569735,0.012658219836569735,0.012658219836569735,0.012658219836569735,0.012658219836569735,0.012658219836569735,0.012658219836569735,0.012658219836569735,0.012658219836569735,0.012658219836569735,0.012658219836569735,0.012658219836569735,0.012658219836569735,0.012658219836569735,0.012658219836569735,0.012658219836569735,0.012658219836569735,0.012658219836569735,0.012658219836569735,0.012658219836569735,0.012658219836569735,0.012658219836569735,0.012658219836569735,0.012658219836569735,0.012658219836569735,0.014556952812055152,0.015822774795712154,0.016582267985906368,0.01721517897773484,0.017721507771197628,0.017721507771197628,0.01797467216792905,0.018987329754854575,0.018987329754854575,0.018987329754854575,0.018987329754854575,0.018987329754854575,0.018987329754854575,0.018987329754854575,0.018987329754854575,0.018987329754854575,0.018987329754854575,0.025316439673139412,0.025316439673139412,0.03164554959142431,0.03417719355873826,0.03797465950970915,0.03797465950970915,0.04316452964270278,0.0463290846018452,0.05063287934627888,0.05063287934627888,0.05063287934627888,0.05063287934627888,0.05696198926456372,0.06025312642207188,0.06329109918284861,0.06721514733218525,0.06962020910113345,0.0734176750521044,0.07531640802758982,0.07594931901941836,0.07670881220961256,0.0817721001442404,0.0843037441115544,0.08860753885598803,0.09493664877427292,0.10126575869255776,0.10506322464352871,0.10962018378469382,0.1139239785291275,0.1139239785291275,0.12025308844741234,0.12658219836569723,0.13759484962351293,0.13924041820226696,0.15037965165844833,0.15253154903066518,0.1645568578754064,0.17721507771197612,0.18303785883679816,0.19075937293710574,0.20253151738511557,0.21518973722168527,0.22164542933833584,0.24050617689482473,0.25063275276408054,0.25949350664967935,0.272151726486249,0.27848083640453386,0.2874681724884985,0.29746816615938854,0.3037972760776734,0.3101263859959582,0.32050612626194536,0.32911371575081283,0.33544282566909767,0.3425314287775768,0.3544301554239523,0.36708837526052196,0.36708837526052196,0.3936706369173185,0.4253161865087428,0.4303794744433706,0.4303794744433706,0.47468324387136457,0.4936705736262192,0.4936705736262192,0.4936705736262192,0.5189870132993586,0.5569616728090678,0.5569616728090678,0.5772148245475794,0.6202527719919165,0.646835033648713,0.6835438711747651,0.741771682422986,0.7468349703576137,0.7924045617692649,0.8101260695404623,0.8177210014424044,0.873417168723311,0.873417168723311,0.873417168723311,0.8936703204618225,0.9367082679061596,0.9367082679061596,0.9367082679061596,0.9367082679061596,0.9696196394812411,0.9936702571707232,0.9949360791543804,0.9999993670890082,0.9493664877427299,0.9367082679061596,0.9367082679061596,0.8835437445925672,0.873417168723311,0.873417168723311,0.8556956609521135,0.8101260695404623,0.8101260695404623,0.7468349703576137,0.7291134625864163,0.6835438711747651,0.640505923730428,0.6202527719919165,0.594936332318777,0.5645566047110095,0.5569616728090678,0.5506325628907829,0.5316452331359283,0.49620221759353345,0.4936705736262192,0.4936705736262192,0.4936705736262192,0.46835413395307973,0.4430376942799403,0.4303794744433706,0.4303794744433706,0.4303794744433706,0.4303794744433706,0.4303794744433706,0.4303794744433706,0.4303794744433706,0.4303794744433706,0.4303794744433706,0.4303794744433706,0.4303794744433706,0.4303794744433706,0.411392144688516,0.39873392485194625,0.3860757050153766,0.37974659509709163,0.3734174851788068,0.36708837526052196,0.36708837526052196,0.36708837526052196,0.36708837526052196,0.36708837526052196,0.36708837526052196,0.36708837526052196,0.36708837526052196,0.36708837526052196,0.36708837526052196,0.36708837526052196,0.36708837526052196,0.36708837526052196,0.3660757176735965,0.3660757176735965,0.365822553276865,0.36265799831772255,0.3607592653422371,0.3607592653422371,0.3607592653422371,0.35822762137492314,0.35582255960597486,0.3544301554239523,0.3544301554239523,0.3544301554239523,0.3544301554239523,0.35392382663048944,0.35151876486154116,0.35151876486154116,0.3501263606795185,0.34810104550566734,0.3451896549432563,0.3443035795546965,0.3417719355873825,0.34126560679391976,0.33759472304131455,0.33544282566909767,0.33544282566909767,0.33037953773446976,0.32911371575081283,0.31645549591424305,0.3037972760776734,0.2911390562411037,0.27848083640453386,0.2698732469156666,0.25443021871505145,0.23443023137327126,0.21518973722168527,0.1716454609838855,0.13924041820226696,0.12025308844741234,0.11088600576835077,0.10759486861084266,0.10126575869255776,0.09126576502166772,0.0822784289377032,0.07531640802758982,0.06962020910113345,0.06329109918284861,0.05974679762860909,0.05696198926456372,0.05316452331359283,0.05063287934627888,0.048227817577330676,0.04430376942799404,0.043797440634531254,0.03949364589009757,0.03797465950970915,0.03607592653422367,0.03240504278161852,0.03164554959142431,0.029746816615938834,0.029113905624110363,0.02848099463228189,0.02784808364045336,0.027215172648624886,0.026582261656796415,0.026582261656796415,0.026582261656796415,0.025316439673139412,0.025316439673139412,0.025316439673139412,0.025316439673139412,0.025316439673139412,0.025569604069870838,0.026582261656796415,0.026582261656796415,0.026582261656796415,0.026582261656796415,0.026582261656796415,0.025569604069870838,0.025316439673139412,0.025316439673139412,0.025316439673139412,0.025316439673139412,0.024050617689482467,0.022278466912362675,0.02088606273034005,0.02113922712707147,0.02113922712707147,0.019620240746683046,0.018987329754854575,0.018987329754854575,0.018987329754854575,0.018987329754854575,0.018987329754854575,0.018481000961391842,0.01721517897773484,0.015316446002249365,0.014683535010420893,0.01392404182022668,0.012658219836569735,0.012658219836569735,0.012658219836569735,0.012658219836569735,0.012658219836569735,0.009113918282330208,0.006329109918284839,0.006329109918284839,0.006329109918284839,0.006329109918284839,0.005696198926456367,0.003797465950970892,0.0,0.0,0.0,0.0,0.0,0.0,0.0,0.0,0.0,0.0,0.0,0.0,0.0,0.0,0.0007594931901942121,0.003797465950970892,0.0039240481493365755,0.006329109918284839,0.006329109918284839,0.006329109918284839,0.006962020910113312,0.007594931901941841,0.008354425092135997,0.008354425092135997,0.008860753885598786,0.009620247075792942,0.012025308844741206,0.012658219836569735,0.012658219836569735,0.01392404182022668,0.014556952812055152,0.015189863803883681,0.015316446002249365,0.01594935699407784,0.015822774795712154,0.015189863803883681,0.015189863803883681,0.014556952812055152,0.014556952812055152,0.014556952812055152
9025000,0.0070476123356073275,0.0070476123356073275,0.0070476123356073275,0.0070476123356073275,0.0070476123356073275,0.0070476123356073275,0.008761896417241516,0.009523800453523386,0.009523800453523386,0.009523800453523386,0.009523800453523386,0.009523800453523386,0.009523800453523386,0.009523800453523386,0.009523800453523386,0.009523800453523386,0.009523800453523386,0.009523800453523386,0.009523800453523386,0.009523800453523386,0.009523800453523386,0.009523800453523386,0.009523800453523386,0.009523800453523386,0.009523800453523386,0.009523800453523386,0.009523800453523386,0.009523800453523386,0.009523800453523386,0.009523800453523386,0.009523800453523386,0.010095228480734852,0.012380940589580381,0.012380940589580381,0.013142844625862337,0.013142844625862337,0.013142844625862337,0.012380940589580381,0.010095228480734852,0.009523800453523386,0.009523800453523386,0.009523800453523386,0.009523800453523386,0.009523800453523386,0.010095228480734852,0.010095228480734852,0.009523800453523386,0.009523800453523386,0.009523800453523386,0.009523800453523386,0.009523800453523386,0.009523800453523386,0.009523800453523386,0.009523800453523386,0.009523800453523386,0.009523800453523386,0.0019047600907048465,0.0,0.0,0.0,0.0,0.0,0.0,0.0,0.0,0.0,0.0,0.0,0.0,0.0,0.0,0.0015238080725638687,0.009523800453523386,0.009523800453523386,0.009523800453523386,0.014476176689355674,0.019047600907046772,0.019047600907046772,0.019047600907046772,0.019047600907046772,0.019047600907046772,0.019047600907046772,0.028571401360570115,0.028571401360570115,0.028571401360570115,0.028571401360570115,0.028571401360570115,0.0380952018140935,0.04761900226761689,0.04761900226761689,0.04761900226761689,0.04761900226761689,0.06666660317466366,0.076190403628187,0.09523800453523378,0.09523800453523378,0.11428560544228056,0.1238094058958039,0.13333320634932733,0.14285700680285066,0.1434284348300621,0.16190460770989745,0.17142840816342078,0.18095220861694422,0.18952362902511524,0.19047600907046755,0.20019028553306142,0.20952360997751432,0.21904741043103768,0.22952359092991342,0.23809501133808444,0.25714261224513124,0.26876164879842984,0.276190213152178,0.2918092458959563,0.31428541496627144,0.32495207147421773,0.34285681632684156,0.34285681632684156,0.352380616780365,0.35523775691642206,0.3714282176874118,0.3809520181409351,0.3929520067123747,0.41238055963756226,0.428571020408552,0.43219006458089093,0.443237673106978,0.45714242176912223,0.46666622222264553,0.48628525115690385,0.5142852244902625,0.5333328253973091,0.5508566182317922,0.5836184917919126,0.6110470370980602,0.6190470294790196,0.6476184308395898,0.7142850340142534,0.7142850340142534,0.7447611954655283,0.8095230385494872,0.8095230385494872,0.8666658412706274,0.9047610430847209,0.9047610430847209,0.9047610430847209,0.9999990476199547,0.9999990476199547,0.9999990476199547,0.9999990476199547,0.9999990476199547,0.9999990476199547,0.9999990476199547,0.9676181260779756,0.9047610430847209,0.9047610430847209,0.9047610430847209,0.9047610430847209,0.9047610430847209,0.9047610430847209,0.8095230385494872,0.8095230385494872,0.8095230385494872,0.8095230385494872,0.7142850340142534,0.7142850340142534,0.7142850340142534,0.6990469532886162,0.6228565496604294,0.6190470294790196,0.6190470294790196,0.6108565610889894,0.5912375321547313,0.5904756281184493,0.580951827664926,0.5786661155560805,0.5714280272114026,0.552761378322497,0.552380426304356,0.540570913741987,0.5238090249437858,0.5142852244902625,0.5118090363723464,0.5047614240367391,0.4952376235832156,0.48571382312969225,0.4763804986852394,0.4761900226761689,0.4725709785038302,0.46666622222264553,0.4615233699777429,0.45714242176912223,0.4561900417237697,0.4533329015877128,0.4476186213155987,0.4476186213155987,0.4476186213155987,0.4476186213155987,0.44399957714325994,0.44399957714325994,0.44399957714325994,0.4451424331976828,0.43999958095277997,0.43809482086207535,0.43809482086207535,0.43809482086207535,0.43809482086207535,0.43809482086207535,0.43619006077137074,0.434666252698807,0.4316186365536795,0.43047578049925667,0.428571020408552,0.428571020408552,0.428571020408552,0.428571020408552,0.428571020408552,0.428571020408552,0.428571020408552,0.4276186403631997,0.4276186403631997,0.428571020408552,0.428571020408552,0.428571020408552,0.428571020408552,0.428571020408552,0.428571020408552,0.428571020408552,0.428571020408552,0.42780911637227015,0.42780911637227015,0.42780911637227015,0.42780911637227015,0.428571020408552,0.428571020408552,0.428571020408552,0.428571020408552,0.4295234004539043,0.43428530068066606,0.43542815673508894,0.43523768072601837,0.428571020408552,0.4276186403631997,0.41904721995502864,0.41428531972826693,0.4078091354198711,0.3897139145581766,0.3725710737418346,0.33980920018171407,0.25714261224513124,0.19847600145142716,0.14285700680285066,0.1278094020862837,0.1238094058958039,0.11428560544228056,0.11066656126994173,0.10476180498875712,0.10380942494340481,0.09561895655337467,0.09523800453523378,0.09352372045359968,0.08571420408171043,0.08571420408171043,0.08571420408171043,0.08399992000007625,0.08209515990937152,0.07638087963725745,0.076190403628187,0.07447611954655282,0.07142850340142533,0.0695237433107207,0.06666660317466366,0.06666660317466366,0.06666660317466366,0.06666660317466366,0.06761898322001599,0.07047612335607302,0.07066659936514355,0.07142850340142533,0.07142850340142533,0.07142850340142533,0.07352373950120042,0.07523802358283468,0.076190403628187,0.076190403628187,0.07542849959190513,0.07523802358283468,0.0725713594558481,0.07523802358283468,0.07523802358283468,0.0725713594558481,0.07142850340142533,0.06761898322001599,0.06685707918373411,0.06666660317466366,0.06666660317466366,0.06666660317466366,0.06666660317466366,0.06476184308395894,0.06247613097511341,0.06247613097511341,0.06247613097511341,0.06114279891162012,0.06247613097511341,0.06476184308395894,0.06476184308395894,0.06666660317466366,0.06666660317466366,0.06666660317466366,0.06666660317466366,0.06666660317466366,0.06799993523815696,0.07295231147398908,0.07295231147398908,0.07295231147398908,0.076190403628187,0.076190403628187,0.076190403628187,0.076190403628187,0.076190403628187,0.076190403628187,0.076190403628187,0.076190403628187,0.076190403628187,0.07314278748305961,0.06857136326536838,0.06857136326536838,0.06780945922908652,0.06666660317466366,0.06666660317466366,0.06666660317466366,0.06666660317466366,0.06666660317466366,0.06438089106581805,0.05714280272114023,0.05714280272114023,0.05714280272114023,0.05295233052159007,0.04761900226761689,0.04761900226761689,0.04761900226761689,0.04761900226761689,0.04761900226761689,0.04761900226761689,0.04761900226761689,0.04761900226761689,0.04761900226761689,0.04761900226761689,0.04761900226761689,0.04761900226761689,0.0459047181859827,0.04076186594108014,0.0380952018140935,0.0380952018140935,0.0380952018140935,0.0380952018140935,0.0380952018140935,0.0380952018140935,0.0380952018140935,0.0380952018140935,0.0380952018140935,0.0380952018140935,0.0380952018140935,0.0380952018140935,0.0380952018140935
9026500,0.020686686400563786,0.020600849527532373,0.01957080705115579,0.01888411206690467,0.01802574333659084,0.017339048352339757,0.01716737460627697,0.01716737460627697,0.01716737460627697,0.016394842748994515,0.015965658383837636,0.015965658383837636,0.015965658383837636,0.015965658383837636,0.015879821510806223,0.014592268415335438,0.012961367827739151,0.012875530954707736,0.012875530954707736,0.012875530954707736,0.012875530954707736,0.012875530954707736,0.012875530954707736,0.012875530954707736,0.012446346589550822,0.01175965160529974,0.011158793494080036,0.01072960912892312,0.01072960912892312,0.010300424763766206,0.009957077271640665,0.00952789290648371,0.009098708541326833,0.00901287166829542,0.008583687303138503,0.008583687303138503,0.007296134207667719,0.006523602350385225,0.00643776547735385,0.006008581112196934,0.004892701762788938,0.004377680524600609,0.004291843651569233,0.0034334749212554016,0.0026609430639729075,0.0017167374606277008,0.0012875530954707852,0.0002575106190941646,0.0,0.0,0.0,0.0,0.0,0.0,0.0,0.0,0.0,0.0,0.0,0.0,0.0012875530954707852,0.0013733899685021988,0.002231758698815992,0.0026609430639729075,0.003175964302161237,0.003862659286412317,0.004291843651569233,0.004721028016726149,0.005579396747040018,0.006523602350385225,0.008583687303138503,0.011330467240142826,0.012875530954707736,0.012875530954707736,0.013390552192896065,0.015450637145649268,0.01682402711415143,0.01974248079721854,0.02145921825784624,0.02145921825784624,0.02145921825784624,0.02145921825784624,0.02145921825784624,0.02145921825784624,0.024892693179101644,0.025751061909415472,0.027467799370043174,0.02961372119582779,0.030042905560984746,0.03098711116432999,0.032789685497989066,0.03433474921255398,0.036480671038338595,0.03862659286412321,0.03862659286412321,0.03862659286412321,0.040085819705656785,0.04291843651569248,0.04721028016726171,0.051502123818830986,0.05244632942217623,0.05579396747040022,0.05922744239165562,0.06103001672531474,0.06437765477353873,0.06437765477353873,0.06866949842510796,0.07304717894970861,0.0815450293798157,0.08412013557075726,0.08729609987291855,0.0907295747941739,0.09768236150971608,0.0987124039860927,0.10300424763766193,0.1072960912892312,0.11261797741717709,0.12017162224393894,0.12446346589550818,0.13261796883348975,0.1383690393265926,0.14163084050178518,0.14884113783642156,0.15450637145649296,0.16274671126750592,0.1703003560942678,0.18454927701747767,0.19313296432061614,0.20171665162375468,0.21072952329205005,0.2231758698816009,0.22832608226348397,0.25407714417289945,0.27038615004886263,0.29785394941890597,0.3133045865645551,0.34763933577710915,0.3570813918105615,0.3991414595959401,0.4128753592809617,0.4420598961116326,0.4849783326273251,0.5278967691430175,0.5467808812099223,0.57081520565871,0.6231756982078548,0.6995705152057875,0.74248895172148,0.7854073882371725,0.8154502937981571,0.828325824752865,0.8412013557075727,0.8669524176169882,0.8712442612685574,0.902145535559856,0.9141626977842499,0.9141626977842499,0.919312910166133,0.9570811342999423,0.9570811342999423,0.9914158835124964,0.9999995708156348,0.9999995708156348,0.9999995708156348,0.9931326209731242,0.9587978717605702,0.9570811342999423,0.9141626977842499,0.9141626977842499,0.8712442612685574,0.828325824752865,0.818025399989099,0.7854073882371725,0.74248895172148,0.74248895172148,0.7004288839361015,0.6995705152057875,0.6635190285326059,0.656652078690095,0.6360512291625627,0.6145920109047165,0.6137336421744025,0.6137336421744025,0.6060083236015779,0.57081520565871,0.57081520565871,0.5493559874008638,0.5278967691430175,0.5278967691430175,0.5115877632670546,0.4987122323123467,0.4849783326273251,0.4849783326273251,0.4849783326273251,0.4849783326273251,0.4849783326273251,0.47725301405450044,0.46437748309979265,0.4549354270663404,0.45064358341477107,0.4420598961116326,0.4420598961116326,0.4420598961116326,0.4420598961116326,0.4420598961116326,0.4420598961116326,0.4377680524600633,0.43347620880849413,0.4248925215053555,0.417167202932531,0.40772514689907857,0.40343330324750926,0.3991414595959401,0.3991414595959401,0.3991414595959401,0.3991414595959401,0.3991414595959401,0.3948496159443708,0.3862659286412323,0.3785406100684077,0.3690985540349554,0.3648067103833861,0.3562230230802476,0.3562230230802476,0.3562230230802476,0.3562230230802476,0.3562230230802476,0.3519311794286783,0.34334749212553983,0.3270384862495768,0.3218882738676936,0.3133045865645551,0.3133045865645551,0.3133045865645551,0.3098711116432998,0.30901274291298586,0.3012874243401613,0.2875535246551396,0.27038615004886263,0.27038615004886263,0.27038615004886263,0.27038615004886263,0.27038615004886263,0.24549345686976107,0.22746771353317013,0.22746771353317013,0.22248917489734985,0.21030033892689315,0.20171665162375468,0.19313296432061614,0.1805149439850026,0.16858361863364008,0.15965658383837603,0.1527896339958653,0.14163084050178518,0.13733899685021594,0.12875530954707745,0.12412011840338263,0.12017162224393894,0.11587977859236971,0.11158793494080044,0.10952784998804724,0.10600853819376042,0.10300424763766193,0.09991412020853212,0.0987124039860927,0.0952789290648373,0.09012871668295419,0.08944202169870316,0.08583687303138496,0.08420597244378868,0.0815450293798157,0.07828322820462308,0.07725318572824647,0.07356220018789693,0.07304717894970861,0.07356220018789693,0.07424889517214797,0.07622314325186984,0.07622314325186984,0.07622314325186984,0.07493559015639913,0.07493559015639913,0.07424889517214797,0.07390554768002247,0.07296134207667723,0.07296134207667723,0.07261799458455169,0.07296134207667723,0.07261799458455169,0.07261799458455169,0.07296134207667723,0.07107293086998677,0.07081542025089257,0.06935619340935903,0.06866949842510796,0.06866949842510796,0.06866949842510796,0.06798280344085691,0.06798280344085691,0.06866949842510796,0.06746778220266858,0.06695276096448026,0.0644634916465701,0.0644634916465701,0.06437765477353873,0.06437765477353873,0.06437765477353873,0.06437765477353873,0.06437765477353873,0.06437765477353873,0.06437765477353873,0.06437765477353873,0.06274675418594243,0.061459201090471614,0.06103001672531474,0.06060083236015778,0.06008581112196945,0.06008581112196945,0.06008581112196945,0.06008581112196945,0.059313279264687,0.056738173073745464,0.05579396747040022,0.05579396747040022,0.05579396747040022,0.05579396747040022,0.05373388251764698,0.052360492549144814,0.051502123818830986,0.051502123818830986,0.05072959196154849,0.0478969751515128,0.04721028016726171,0.04721028016726171,0.04721028016726171,0.04721028016726171,0.04515019521450851,0.04291843651569248,0.04291843651569248,0.04291843651569248,0.04291843651569248,0.04291843651569248,0.04291843651569248,0.04291843651569248,0.04120169905506478,0.03914161410231154,0.03862659286412321,0.03862659286412321,0.03690985540349551,0.035278954815899224,0.0325321748788949,0.030042905560984746,0.030042905560984746,0.030042905560984746,0.030042905560984746,0.030042905560984746,0.030042905560984746,0.030042905560984746,0.030042905560984746,0.02841200497338842,0.025751061909415472,0.025321877544258558,0.023690976956662273,0.02317595571847394,0.022746771353317027
9032000,0.026881696342566014,0.026881696342566014,0.026881696342566014,0.026881696342566014,0.026164851106764253,0.025985639797813792,0.025985639797813792,0.025089583253061612,0.02437273801725985,0.02275983623670591,0.02168456838300327,0.01971324398454841,0.01827955351294493,0.017921130895044008,0.017921130895044008,0.017921130895044008,0.017921130895044008,0.017921130895044008,0.017921130895044008,0.017921130895044008,0.016308229114490067,0.016129017805539606,0.016129017805539606,0.016129017805539606,0.015232961260787388,0.013620059480233447,0.013440848171282986,0.012544791626530806,0.011827946390729045,0.010752678537026406,0.009318988065422924,0.008960565447522004,0.008960565447522004,0.008960565447522004,0.008960565447522004,0.008960565447522004,0.008960565447522004,0.008960565447522004,0.008960565447522004,0.008960565447522004,0.008960565447522004,0.008960565447522004,0.008960565447522004,0.008960565447522004,0.008960565447522004,0.008960565447522004,0.008960565447522004,0.008960565447522004,0.006451607122215843,0.006272395813265403,0.006272395813265403,0.004480282723761002,0.0037634374879592417,0.0035842261790088015,0.0035842261790088015,0.0035842261790088015,0.0035842261790088015,0.0035842261790088015,0.0035842261790088015,0.0035842261790088015,0.0035842261790088015,0.0028673809432070412,0.0019713243984548407,0.0017921130895044008,0.0008960565447522004,0.0008960565447522004,0.00017921130895044008,0.0,0.0,0.0,0.0,0.0,0.0,0.0,0.00017921130895044008,0.0019713243984548407,0.0037634374879592417,0.007168452358017603,0.008960565447522004,0.008960565447522004,0.008960565447522004,0.008960565447522004,0.008960565447522004,0.008960565447522004,0.009139776756472425,0.012544791626530806,0.013620059480233447,0.01702507435029179,0.017921130895044008,0.017921130895044008,0.017921130895044008,0.01899639874874665,0.022401413618804992,0.025985639797813792,0.026881696342566014,0.026881696342566014,0.0331540921558314,0.035842261790087974,0.0379927974974933,0.044802827237609984,0.045698883782362205,0.053763392685131986,0.053763392685131986,0.062723958132654,0.062723958132654,0.07168452358017599,0.07186373488912641,0.08064508902769796,0.08960565447521997,0.09856621992274196,0.10680994013446221,0.10752678537026397,0.11648735081778598,0.12544791626530793,0.13440848171282996,0.14336904716035195,0.16129017805539597,0.17042995481186837,0.18817187439796193,0.20645142791090687,0.22508940404175262,0.24193526708309387,0.25985639797813787,0.2777775288731819,0.28673809432070385,0.296953138930879,0.3136197906632699,0.337275683444728,0.3487452072175561,0.3675623946573523,0.3913974987477608,0.41827919509032674,0.4392469182375282,0.471325742539657,0.4928310996137098,0.5175622602488706,0.5645156231938857,0.6182790158790178,0.6630818431166278,0.7082430929721387,0.7258058012492816,0.8082430033664841,0.8154114557245017,0.8960565447521996,0.9050171101997216,0.9336909196317922,0.9946227646749416,0.9946227646749416,0.9946227646749416,0.9946227646749416,0.9999991039434553,0.9999991039434553,0.9999991039434553,0.9946227646749416,0.9946227646749416,0.9946227646749416,0.9946227646749416,0.9946227646749416,0.9408593719898096,0.9050171101997216,0.8422931520670677,0.7258058012492816,0.6451607122215837,0.5824367540889298,0.5016124537522817,0.46792072766959875,0.41756234985452506,0.3765229601048743,0.33763410606262895,0.30465922521574784,0.28673809432070385,0.2688169634256599,0.25985639797813787,0.2523295230022195,0.24354816886364797,0.24193526708309387,0.2329747016355719,0.22401413618804994,0.22401413618804994,0.21702489513898285,0.21505357074052792,0.2093188088541139,0.20609300529300595,0.20465931482140243,0.19892455293498834,0.1971324398454839,0.1971324398454839,0.1971324398454839,0.18960556486956545,0.18906793094271412,0.18835108570691236,0.18835108570691236,0.18835108570691236,0.18906793094271412,0.18960556486956545,0.19569874937388046,0.1971324398454839,0.1971324398454839,0.1971324398454839,0.1971324398454839,0.1971324398454839,0.19910376424393875,0.2008958773334432,0.20286720173189807,0.2043008922035015,0.2053761600572042,0.2053761600572042,0.2053761600572042,0.20609300529300595,0.20609300529300595,0.20609300529300595,0.20609300529300595,0.20609300529300595,0.20627221660195635,0.20627221660195635,0.20627221660195635,0.20609300529300595,0.20609300529300595,0.20609300529300595,0.20609300529300595,0.2043008922035015,0.1971324398454839,0.1971324398454839,0.1935482136664751,0.18817187439796193,0.18369159167420096,0.17652313931618335,0.1702507435029179,0.16774178517761176,0.16129017805539597,0.15770595187638717,0.15232961260787395,0.1498206542825678,0.14336904716035195,0.14336904716035195,0.1374550739649875,0.13440848171282996,0.13100346684277162,0.12992819898906896,0.12813608589956457,0.12544791626530793,0.12544791626530793,0.12544791626530793,0.12365580317580353,0.11827946390729038,0.11648735081778598,0.11200706809402496,0.10752678537026397,0.10663072882551175,0.10232965741070119,0.09946227646749414,0.09856621992274196,0.09695331814218802,0.09498199374373316,0.09247303541842704,0.09229382410947659,0.09068092232892265,0.08960565447521997,0.08960565447521997,0.08960565447521997,0.08691748484096339,0.08440852651565722,0.08333325866195458,0.08243720211720236,0.08172035688140064,0.08064508902769796,0.08064508902769796,0.08064508902769796,0.08064508902769796,0.08064508902769796,0.08064508902769796,0.0799282437918962,0.07885297593819356,0.07885297593819356,0.07885297593819356,0.07885297593819356,0.07885297593819356,0.0781361307023918,0.07885297593819356,0.08064508902769796,0.08064508902769796,0.08064508902769796,0.08243720211720236,0.08602142829621116,0.08620063960516162,0.08620063960516162,0.08602142829621116,0.0870966961499138,0.0870966961499138,0.0870966961499138,0.0870966961499138,0.08781354138571557,0.08781354138571557,0.0870966961499138,0.08691748484096339,0.08691748484096339,0.08602142829621116,0.08602142829621116,0.08620063960516162,0.08620063960516162,0.08602142829621116,0.08512537175145898,0.08333325866195458,0.08333325866195458,0.08243720211720236,0.08154114557245018,0.08082430033664842,0.08082430033664842,0.08064508902769796,0.08064508902769796,0.08064508902769796,0.08064508902769796,0.08064508902769796,0.08064508902769796,0.07885297593819356,0.07795691939344138,0.07706086284868915,0.07616480630393697,0.0752687497591848,0.07365584797863085,0.07168452358017599,0.07168452358017599,0.07168452358017599,0.07168452358017599,0.07168452358017599,0.07168452358017599,0.07168452358017599,0.07168452358017599,0.06989241049067159,0.06810029740116719,0.0663081843116628,0.06290316944160446,0.062723958132654,0.062723958132654,0.062723958132654,0.062723958132654,0.062723958132654,0.062723958132654,0.062723958132654,0.062723958132654,0.05824367540889297,0.05555550577463639,0.053763392685131986,0.053763392685131986,0.053763392685131986,0.053763392685131986,0.052867336140379806,0.052867336140379806,0.051075223050875404,0.051075223050875404,0.049283109961371,0.046594940327114386,0.044802827237609984,0.044802827237609984,0.044802827237609984,0.044802827237609984,0.044802827237609984,0.044802827237609984,0.040322544513849,0.03942648796909678,0.03942648796909678,0.036021473099038435,0.035842261790087974,0.035842261790087974,0.035842261790087974,0.035842261790087974
9034250,0.010135134450328754,0.013513512600438338,0.013513512600438338,0.013513512600438338,0.013513512600438338,0.013513512600438338,0.013513512600438338,0.013513512600438338,0.013513512600438338,0.013513512600438338,0.013513512600438338,0.013513512600438338,0.013513512600438338,0.013513512600438338,0.013513512600438338,0.013513512600438338,0.013513512600438338,0.013513512600438338,0.013513512600438338,0.013513512600438338,0.013513512600438338,0.013513512600438338,0.013513512600438338,0.013513512600438338,0.013513512600438338,0.013513512600438338,0.013513512600438338,0.013513512600438338,0.013513512600438338,0.013513512600438338,0.013513512600438338,0.013513512600438338,0.013513512600438338,0.013513512600438338,0.013513512600438338,0.013513512600438338,0.013513512600438338,0.013513512600438338,0.013513512600438338,0.013513512600438338,0.013513512600438338,0.013513512600438338,0.013513512600438338,0.020270268900657508,0.020270268900657508,0.020270268900657508,0.020270268900657508,0.020270268900657508,0.020270268900657508,0.020270268900657508,0.026351349570854797,0.027027025200876676,0.027027025200876676,0.029054052090942407,0.033783781501095844,0.033783781501095844,0.033783781501095844,0.0351351327611397,0.03648648402118355,0.03918918654127116,0.03986486217129313,0.040540537801315016,0.040540537801315016,0.040540537801315016,0.040540537801315016,0.040540537801315016,0.040540537801315016,0.046621618471512305,0.04729729410153418,0.04729729410153418,0.04797296973155606,0.05135134788166564,0.05337837477173147,0.05472972603177523,0.06081080670197252,0.06283783359203825,0.06756756300219169,0.07121621140430999,0.07432431930241086,0.07770269745252044,0.08108107560263003,0.08108107560263003,0.08108107560263003,0.08108107560263003,0.08783783190284919,0.09513512870708589,0.1081081008035067,0.11486485710372586,0.12162161340394503,0.12837836970416422,0.14256755793462442,0.15148647625091388,0.16216215120526006,0.17635133943572026,0.19729728396639976,0.2162162016070134,0.2364864705076709,0.24999998310810925,0.2635134957085476,0.2770270083089859,0.2905405209094243,0.29729727720964344,0.31081078981008176,0.3243243024105201,0.33783781501095844,0.35135132761139676,0.3702702452520104,0.37837835281227344,0.39054051415266794,0.398648621712931,0.4121621343133693,0.41891889061358845,0.42567564691380766,0.439189159514246,0.439189159514246,0.45945942841490345,0.4729729410153418,0.4918918586559556,0.5121621275566131,0.5270269914170952,0.5527026653579281,0.5729729342585856,0.5743242855186294,0.586486446859024,0.5945945544192869,0.5999999594594623,0.6081080670197252,0.6202702283601198,0.641891848520821,0.6472972535609964,0.6486486048210403,0.6405404972607773,0.6405404972607773,0.6324323897005143,0.641891848520821,0.6486486048210403,0.6540540098612156,0.6554053611212594,0.667567522461654,0.6689188737216977,0.6756756300219169,0.6824323863221361,0.6878377913623115,0.7067567090029252,0.7162161678232319,0.722972924123451,0.722972924123451,0.7297296804236703,0.7418918417640648,0.7432431930241086,0.7432431930241086,0.7554053543645032,0.7635134619247661,0.7635134619247661,0.7702702182249852,0.7756756232651606,0.7824323795653798,0.7905404871256427,0.8027026484660373,0.804053999726081,0.8108107560263003,0.8162161610664757,0.8175675123265195,0.8229729173666949,0.829729673666914,0.8310810249269578,0.8378377812271769,0.8581080501278344,0.8770269677684481,0.9094593980095,0.9310810181702015,0.9648647996712973,0.9662161509313412,0.9716215559715166,0.9662161509313412,0.9662161509313412,0.9662161509313412,0.9783783122717357,0.9797296635317795,0.9864864198319986,0.9864864198319986,0.9986485811723932,0.999999932432437,0.999999932432437,0.9932431761322178,0.9864864198319986,0.9797296635317795,0.9662161509313412,0.9527026383309027,0.9391891257304644,0.9324323694302453,0.9256756131300261,0.9189188568298069,0.9040539929693249,0.8918918316289303,0.8716215627282727,0.8567566988677907,0.8445945375273961,0.8310810249269578,0.8108107560263003,0.7905404871256427,0.7635134619247661,0.7364864367238894,0.6959458989225744,0.6743242787618731,0.6351350922206018,0.6081080670197252,0.5810810418188486,0.560810772918191,0.5337837477173143,0.5067567225164377,0.48648645361578013,0.46621618471512266,0.4527026721146843,0.4324324032140268,0.4175675393535447,0.398648621712931,0.3851351091124926,0.3716215965120543,0.36486484021183513,0.3567567326515721,0.33783781501095844,0.3310810587107393,0.3175675461103009,0.31081078981008176,0.3040540335098626,0.29729727720964344,0.2905405209094243,0.28243241334916125,0.2635134957085476,0.24999998310810925,0.2364864705076709,0.22837836294740788,0.2162162016070134,0.20945944530679422,0.19662160833637776,0.1913513384222068,0.17824323119978164,0.16891890750547922,0.15675674616508473,0.14864863860482172,0.13513512600438338,0.12837836970416422,0.12162161340394503,0.11486485710372586,0.10135134450328753,0.09459458820306836,0.08756756165084048,0.07432431930241086,0.06756756300219169,0.06418918485208211,0.06067567157596816,0.05040540199963505,0.04729729410153418,0.040540537801315016,0.03567567326515722,0.033783781501095844,0.033783781501095844,0.027027025200876676,0.02364864705076709,0.02067567427867067,0.020270268900657508,0.020270268900657508,0.020270268900657508,0.020270268900657508,0.020270268900657508,0.018918917640613653,0.01486486386048219,0.013513512600438338,0.012702701844412006,0.01189189108838577,0.011216215458363796,0.011486485710372606,0.011621620836376963,0.013513512600438338,0.014324323356464668,0.018918917640613653,0.020270268900657508,0.02189189041271017,0.033783781501095844,0.035270267887144054,0.040540537801315016,0.04729729410153418,0.05405405040175335,0.06081080670197252,0.06702702249817416,0.07013513039627495,0.07432431930241086,0.07972972434258617,0.08783783190284919,0.08783783190284919,0.08986485879291492,0.09459458820306836,0.09459458820306836,0.09594593946311221,0.09999999324324368,0.10135134450328753,0.10135134450328753,0.10135134450328753,0.10135134450328753,0.10135134450328753,0.10135134450328753,0.10135134450328753,0.10135134450328753,0.10135134450328753,0.10135134450328753,0.10135134450328753,0.09999999324324368,0.09729729072315607,0.09459458820306836,0.09324323694302451,0.08716215627282732,0.08108107560263003,0.08108107560263003,0.07432431930241086,0.07432431930241086,0.0702702655222794,0.06756756300219169,0.06756756300219169,0.06283783359203825,0.05743242855186293,0.05405405040175335,0.05405405040175335,0.0527026991417095,0.04729729410153418,0.04729729410153418,0.042567564691380746,0.040540537801315016,0.040540537801315016,0.037837835281227306,0.033783781501095844,0.033783781501095844,0.029054052090942407,0.027027025200876676,0.027027025200876676,0.027027025200876676,0.02229729579072324,0.020270268900657508,0.020270268900657508,0.020270268900657508,0.015540539490504069,0.013513512600438338,0.013513512600438338,0.013513512600438338,0.013513512600438338,0.010135134450328754,0.006756756300219169,0.006756756300219169,0.006756756300219169,0.006756756300219169,0.006756756300219169,0.0033783781501095845,0.0,0.0,0.0,0.0,0.0,0.0,0.0,0.0020270268900657315,0.0020270268900657315,0.0020270268900657315,0.0047297294101534375,0.0047297294101534375,0.0025675673940833495,0.0020270268900657315
9034900,0.004766442718003585,0.004766442718003585,0.004766442718003585,0.004766442718003585,0.004766442718003585,0.004766442718003585,0.004766442718003585,0.004766442718003585,0.004766442718003585,0.004766442718003585,0.004766442718003585,0.004766442718003585,0.004766442718003585,0.004448679870136679,0.004448679870136679,0.004130917022269773,0.004130917022269773,0.003813154174402867,0.003813154174402867,0.003813154174402867,0.003813154174402867,0.0034953913265359615,0.0034953913265359615,0.0034953913265359615,0.0031776284786690554,0.0028598656308021493,0.0028598656308021493,0.0025421027829352436,0.0022243399350683375,0.0022243399350683375,0.0022243399350683375,0.0019065770872014319,0.0019065770872014319,0.0019065770872014319,0.001588814239334526,0.001588814239334526,0.001588814239334526,0.001588814239334526,0.001588814239334526,0.001588814239334526,0.001588814239334526,0.001588814239334526,0.001588814239334526,0.00127105139146762,0.0009532885436007177,0.0009532885436007177,0.0009532885436007177,0.0009532885436007177,0.0009532885436007177,0.0006355256957338118,0.0006355256957338118,0.0006355256957338118,0.0006355256957338118,0.0003177628478669059,0.0003177628478669059,0.0003177628478669059,0.0003177628478669059,0.0003177628478669059,0.0003177628478669059,0.0003177628478669059,0.0003177628478669059,0.0003177628478669059,0.0003177628478669059,0.0003177628478669059,0.0,0.0,0.0,0.0,0.0,0.0,0.0,0.0,0.0,0.0,0.0,0.0,0.0,0.0003177628478669059,0.0003177628478669059,0.0003177628478669059,0.0003177628478669059,0.0003177628478669059,0.0003177628478669059,0.0003177628478669059,0.0006355256957338118,0.0009532885436007177,0.0009532885436007177,0.0009532885436007177,0.001588814239334526,0.001588814239334526,0.001588814239334526,0.00197012965677482,0.0025421027829352436,0.0025421027829352436,0.0028598656308021493,0.0031776284786690554,0.0034953913265359615,0.003813154174402867,0.004130917022269773,0.004130917022269773,0.004766442718003585,0.004766442718003585,0.004766442718003585,0.004766442718003585,0.004766442718003585,0.005084205565870491,0.005401968413737393,0.005719731261604299,0.006037494109471205,0.006355256957338111,0.006673019805205017,0.007308545500938828,0.00794407119667264,0.008897359740273359,0.009850648283874072,0.010486173979607884,0.011121699675341696,0.012710513914676225,0.014299328154010754,0.015888142393345277,0.018303140037133774,0.020654585111348864,0.023832213590017918,0.025484580398925837,0.027772472903567557,0.030187470547356036,0.031267864230103505,0.034636150417492705,0.036542727504694145,0.04035588167909701,0.04353351015776607,0.049253241419370375,0.05624402407244229,0.05973941539897828,0.07149664077005376,0.07829676571440554,0.0889100448331602,0.09945977138234145,0.1124880481448846,0.12456303636382701,0.1370193400002097,0.1541149812154492,0.16758812596500605,0.19758493880364195,0.22542096427678282,0.26946289499113596,0.3288845475422473,0.36066083232893786,0.424213401902319,0.46679362351648446,0.5195422562623907,0.5970763911419157,0.6441052926262177,0.6784236801958435,0.7419762497692246,0.7737525345559152,0.8055288193426058,0.8347630013463612,0.8690813889159869,0.8925958396581378,0.9300918557064328,0.9421668439253752,0.9644102432760586,0.9961865280627491,0.9961865280627491,0.9961865280627491,0.9993641565414182,0.9999996822371522,0.9961865280627491,0.9936444252798139,0.9644102432760586,0.9345405355765698,0.932633958489368,0.9199234445746919,0.9008576737026774,0.8690813889159869,0.8373051041292964,0.8055288193426058,0.7743880602516491,0.7457894039436276,0.7184617990270737,0.7019381309379945,0.6758815774129083,0.6250395217542034,0.5964408654461819,0.5735619403997646,0.5487764382661461,0.5195422562623907,0.4877659714757001,0.4725133547780886,0.4559896866890095,0.43438181303406004,0.424213401902319,0.3924371171156284,0.3835397573753551,0.36066083232893786,0.35112794689293064,0.3288845475422473,0.3066411481915639,0.29710826275555674,0.2843977488408805,0.269145132143269,0.2582140901766475,0.25090554467570864,0.2399109501395137,0.23037806470350658,0.22376859746787495,0.21455347487973467,0.21131229383149222,0.2049570368741541,0.19860177991681602,0.1922465229594779,0.18722586996318077,0.18271363752347072,0.17953600904480166,0.17318075208746353,0.16924049277391393,0.16523668089079088,0.16047023817278733,0.15608511087222401,0.15093735273678016,0.1477597242581111,0.14426433293157515,0.14013341590930534,0.13454078978684783,0.1316173715864723,0.1259611928944414,0.12519856205956081,0.12233869642875866,0.11916106795008961,0.11668251773672778,0.1134413366884853,0.11159831217085728,0.10962818251408243,0.10645055403541338,0.10327292555674432,0.10047661249551555,0.09818871999087385,0.09691766859940622,0.09437556581647097,0.09348582984244364,0.09119793733780192,0.0905624116420681,0.08833807170699977,0.08738478316339904,0.08611373177193142,0.0851604432283307,0.08420715468472999,0.08293610329326236,0.08166505190179475,0.08102952620606094,0.08102952620606094,0.07886873884056601,0.07785189772739189,0.07785189772739189,0.0750555846661631,0.07314900757896167,0.07149664077005376,0.07028914194815952,0.0683190122913847,0.06514138381271566,0.06482362096484874,0.0619637553340466,0.0619637553340466,0.06043849366428545,0.05884967942495092,0.05878612685537754,0.057197312616043015,0.0559262612245754,0.05560849837670848,0.05560849837670848,0.05433744698524086,0.053066395593773234,0.05274863274590633,0.052430869898039426,0.052113107050172525,0.0508420556587049,0.04988876711510419,0.049253241419370375,0.049253241419370375,0.049253241419370375,0.048617715723636566,0.04702890148430203,0.04607561294070132,0.04607561294070132,0.0455036398145409,0.043597062727339445,0.04289798446203226,0.04289798446203226,0.04130917022269772,0.0397203559833632,0.0397203559833632,0.03857640973104236,0.036542727504694145,0.036542727504694145,0.036288517226400634,0.03336509902602508,0.03336509902602508,0.03336509902602508,0.03209404763455746,0.030187470547356036,0.030187470547356036,0.030187470547356036,0.030187470547356036,0.030187470547356036,0.030187470547356036,0.030187470547356036,0.027009842068686975,0.027009842068686975,0.027009842068686975,0.027009842068686975,0.027009842068686975,0.025103264981485542,0.024213529007458205,0.023832213590017918,0.023832213590017918,0.023832213590017918,0.023832213590017918,0.022243399350683396,0.021290110807082676,0.020654585111348864,0.020654585111348864,0.020654585111348864,0.020654585111348864,0.02033682226348196,0.019065770872014335,0.017476956632679806,0.017476956632679806,0.017476956632679806,0.017476956632679806,0.016587220658652476,0.015252616697611465,0.01461709100187766,0.014299328154010754,0.014299328154010754,0.014299328154010754,0.014299328154010754,0.013663802458276943,0.013346039610410037,0.013028276762543131,0.011503015092781982,0.011121699675341696,0.011121699675341696,0.011121699675341696,0.011121699675341696,0.011121699675341696,0.011121699675341696,0.010549726549181272,0.010486173979607884,0.010168411131740978,0.009850648283874072,0.009850648283874072,0.009532885436007166,0.009532885436007166,0.00921512258814026,0.00921512258814026,0.008579596892406453,0.008579596892406453,0.008261834044539547,0.00794407119667264,0.00794407119667264,0.0076898609183791225,0.007308545500938828,0.006673019805205017,0.006673019805205017,0.006673019805205017
9035500,0.00025295104280121614,0.00025295104280121614,0.00021079253566767584,0.00021079253566767584,0.00021079253566767584,0.00021079253566767584,0.00021079253566767584,0.00021079253566767584,0.00021079253566767584,4.215850713354031e-05,0.0,0.0,0.0,4.215850713354031e-05,0.00021079253566767584,0.00021079253566767584,0.00021079253566767584,0.00021079253566767584,0.00021079253566767584,0.00021079253566767584,0.00021079253566767584,0.00021079253566767584,0.00021079253566767584,0.00021079253566767584,0.00021079253566767584,0.00021079253566767584,0.0,0.0,0.0,0.00021079253566767584,0.00021079253566767584,0.00021079253566767584,0.00021079253566767584,0.00021079253566767584,0.00021079253566767584,0.00021079253566767584,0.0004637435784688943,0.0006323776070030322,0.0006745361141365725,0.0006745361141365725,0.0006745361141365725,0.0011382796926054668,0.0014755477496737448,0.0017284987924749632,0.001939291328142639,0.001939291328142639,0.001939291328142639,0.0021079253566767793,0.0021079253566767793,0.0021079253566767793,0.0021079253566767793,0.0021079253566767793,0.0021079253566767793,0.0021079253566767793,0.0021079253566767793,0.0021079253566767793,0.0021079253566767793,0.0021079253566767793,0.0021079253566767793,0.0021079253566767793,0.0021079253566767793,0.0021079253566767793,0.0021079253566767793,0.0021079253566767793,0.0021079253566767793,0.0021079253566767793,0.0021079253566767793,0.0021079253566767793,0.0021079253566767793,0.0021079253566767793,0.0025295104280121357,0.0025295104280121357,0.0027403029636798113,0.002571668935145676,0.0025295104280121357,0.0027403029636798113,0.0027403029636798113,0.0027403029636798113,0.0031618880350151677,0.003372680570682846,0.003583473106350524,0.0037942656420182023,0.004215850713353559,0.004468801756154777,0.004848228320356593,0.0050590208560242714,0.0050590208560242714,0.005522764434493163,0.006323776070030338,0.006745361141365694,0.007166946212701051,0.007209104719834586,0.007799323819704085,0.00826306739817298,0.008642493962374796,0.009064079033710152,0.00927487156937783,0.00927487156937783,0.011214162897520474,0.01222596706872532,0.013490722282731389,0.013912307354066745,0.01559864763940817,0.016863402853414238,0.018338950603087982,0.01981449835276173,0.02133220460956902,0.02192242370943851,0.023650922501913467,0.024241141601782965,0.025295104280121355,0.026138274422792068,0.026138274422792068,0.02828835828660238,0.03035412513614563,0.032293416464288266,0.03456997584949919,0.03625631613484061,0.037310278813179,0.04051432535532771,0.04262225071200449,0.04300167727620631,0.04721752798955986,0.04932545334623664,0.051433378702913424,0.05564922941626699,0.05775715477294376,0.061973005486297326,0.06829678155632767,0.07251263226968122,0.07672848298303478,0.08102865071065543,0.08545529395967666,0.09085158287276922,0.09569981119312579,0.09894601624240802,0.10379424456276466,0.10796793676898465,0.11045528868986326,0.11467113940321681,0.11998311130204231,0.1258009852864702,0.13355815059904078,0.14460367946802713,0.1568296465367524,0.16779085839147168,0.1806070445600665,0.19671159428507706,0.22006740723705578,0.2411466608038236,0.2622259143705914,0.27782456200999966,0.28794260372204816,0.304384421504127,0.3254636750708948,0.3465429286376626,0.3494940241370102,0.3688869374184367,0.40556483862461246,0.43971322940277646,0.515176957171805,0.5699830164454015,0.6450251591430949,0.7403033852648851,0.8069138265358713,0.8946035213736253,0.9409778792205148,0.9999997892074642,0.9999997892074642,0.9999997892074642,0.9999997892074642,0.9578412820739287,0.8946035213736253,0.8313657606733219,0.7681279999730185,0.7470487464062507,0.7074197497007275,0.672428188779893,0.6222595652909855,0.5645024105180417,0.5177064675998174,0.4940977036050372,0.42748726233405104,0.3326306212835959,0.26686335015528034,0.22048899230839114,0.16753790734867047,0.12394601097259474,0.10573353589090727,0.09148396047977224,0.07752949461857199,0.07251263226968122,0.0665261242567192,0.06268970010756743,0.05969644610108641,0.05564922941626699,0.053541304059590206,0.05122258616724575,0.048903868274901285,0.04721752798955986,0.045362553675684314,0.04300167727620631,0.041315336990864884,0.038785826562852746,0.036677901206175964,0.03456997584949919,0.032757160042757166,0.031703197364418775,0.03035412513614563,0.028246199779468847,0.027655980679599356,0.026138274422792068,0.025505896815789034,0.024030349066115286,0.022849910866376288,0.02192242370943851,0.020910619538233654,0.01981449835276173,0.01981449835276173,0.0185919016458892,0.017706572996084947,0.01665261031774656,0.01559864763940817,0.01559864763940817,0.014966270032405136,0.014333892425402102,0.013490722282731389,0.013490722282731389,0.013490722282731389,0.012647552140060676,0.012057333040191177,0.011382796926054612,0.011382796926054612,0.011382796926054612,0.011382796926054612,0.011382796926054612,0.011382796926054612,0.010750419319051577,0.010118041712048543,0.009485664105045508,0.00927487156937783,0.00927487156937783,0.008642493962374796,0.008431701426707117,0.00826306739817298,0.007799323819704085,0.007377738748368729,0.007166946212701051,0.007166946212701051,0.007166946212701051,0.006956153677033373,0.006745361141365694,0.006323776070030338,0.0059443495058285195,0.005902190998694982,0.005902190998694982,0.005902190998694982,0.005902190998694982,0.005691398463027303,0.005691398463027303,0.005480605927359625,0.00526981339169195,0.005101179363157809,0.00526981339169195,0.005480605927359625,0.005480605927359625,0.005480605927359625,0.005522764434493163,0.005480605927359625,0.005480605927359625,0.005480605927359625,0.005522764434493163,0.005522764434493163,0.005522764434493163,0.005691398463027303,0.005691398463027303,0.005691398463027303,0.005691398463027303,0.005691398463027303,0.005691398463027303,0.005691398463027303,0.005691398463027303,0.005691398463027303,0.005691398463027303,0.005691398463027303,0.005691398463027303,0.005522764434493163,0.005480605927359625,0.005691398463027303,0.005691398463027303,0.005733556970160841,0.005902190998694982,0.005902190998694982,0.005902190998694982,0.005733556970160841,0.005691398463027303,0.005522764434493163,0.005480605927359625,0.0050590208560242714,0.0050590208560242714,0.0050590208560242714,0.004890386827490134,0.004679594291822453,0.004637435784688915,0.004637435784688915,0.004637435784688915,0.004637435784688915,0.004637435784688915,0.004637435784688915,0.004848228320356593,0.004848228320356593,0.004679594291822453,0.004637435784688915,0.004637435784688915,0.004426643249021237,0.004215850713353559,0.004215850713353559,0.004215850713353559,0.004215850713353559,0.0040050581776858805,0.0037942656420182023,0.003583473106350524,0.003583473106350524,0.0034148390778163864,0.003372680570682846,0.003372680570682846,0.0031618880350151677,0.0029510954993474895,0.0029510954993474895,0.0029510954993474895,0.0029510954993474895,0.0029510954993474895,0.0029510954993474895,0.0027403029636798113,0.002571668935145676,0.0025295104280121357,0.0025295104280121357,0.0023187178923444575,0.0023187178923444575,0.0023187178923444575,0.0021500838638103194,0.001939291328142639,0.001686340285341423,0.0014755477496737448,0.0014755477496737448,0.0014755477496737448,0.0014755477496737448,0.0013069137211396068,0.0012647552140060666,0.0010539626783383884,0.0008431701426707103,0.0008431701426707103,0.0006323776070030322,0.0008431701426707103,0.0006323776070030322,0.0006323776070030322,0.0006323776070030322,0.0006323776070030322,0.0006323776070030322,0.0006323776070030322,0.0006323776070030322,0.0006323776070030322,0.000421585071335354,0.000421585071335354,0.000421585071335354,0.000421585071335354
9035700,0.004575125425914991,0.004575125425914991,0.004575125425914991,0.004575125425914991,0.004575125425914991,0.004575125425914991,0.004575125425914991,0.004575125425914991,0.004575125425914991,0.004575125425914991,0.004575125425914991,0.004575125425914991,0.004575125425914991,0.004575125425914991,0.004575125425914991,0.0044985542890796015,0.0041922697417380046,0.003656271783890232,0.0033691300207574896,0.0027565609260743027,0.0026608470050300584,0.0026608470050300584,0.002431133594523866,0.0017037077945875963,0.0017037077945875963,0.0014357088156637015,0.001148567052530968,0.000765711368353973,0.0006699974473097285,0.00017228505787965029,0.00017228505787965029,9.5713921044253e-05,9.5713921044253e-05,0.0,0.0,0.0,0.0,1.91427842088557e-05,0.00017228505787965029,0.00017228505787965029,0.00017228505787965029,0.000478569605221248,0.0005551407420566368,0.0007465685841451258,0.0007465685841451258,0.0007465685841451258,0.000765711368353973,0.0007465685841451258,0.0007465685841451258,0.0007465685841451258,0.0007465685841451258,0.0007465685841451258,0.0008422825051893788,0.001148567052530968,0.0015122799524990987,0.0017037077945875963,0.0018185644998406966,0.002297134105061919,0.002584275868194661,0.0026608470050300584,0.0029479887681628,0.0032542733155043893,0.003349987236548634,0.003617986215472529,0.003617986215472529,0.003617986215472529,0.003617986215472529,0.0036371289996813844,0.003828556841769865,0.004115698604902607,0.0044985542890796015,0.004575125425914991,0.004575125425914991,0.004575125425914991,0.004575125425914991,0.004575125425914991,0.004575125425914991,0.004575125425914991,0.004575125425914991,0.004575125425914991,0.004785696052212335,0.005532264636357452,0.006317118788920282,0.007446543057242385,0.008403682267684856,0.008882251872906087,0.009705391593886618,0.01031796068856978,0.01127509989901225,0.012232239109454712,0.013189378319897183,0.014146517530339645,0.014146517530339645,0.014146517530339645,0.014146517530339645,0.015122799524990961,0.016845650103787406,0.0182813589194511,0.018989641935178523,0.021803631213879366,0.0237179096347643,0.02467504884520676,0.025766187545111178,0.028427034550141228,0.03137502331830402,0.033499872365486315,0.03711785858095882,0.038572710180831374,0.041099557696399475,0.0431286928225375,0.046957249664307366,0.051015519916583416,0.05243208594803826,0.057217782000250586,0.06200347805246292,0.06200347805246292,0.07157487015688757,0.07157487015688757,0.07540342699865743,0.08114626226131223,0.08133769010340072,0.09071765436573688,0.09071765436573688,0.10028904647016154,0.10028904647016154,0.10813758799578975,0.1127318562059136,0.11943183067901085,0.1232603875207807,0.1290032227834355,0.13857461488786016,0.14259459957171852,0.1481460069922848,0.1672887912011341,0.17686018330555878,0.18930299304131082,0.20557435961883272,0.2256742830381246,0.24385992803653134,0.26300271224538063,0.28042264587543353,0.29171688855865463,0.31277395118838885,0.3300024569763532,0.350102380395645,0.3723080100779102,0.3970022017073258,0.4259078058626883,0.4555791213864047,0.4777847510686699,0.502287514855997,0.531001691169271,0.558950156114191,0.5964700131635357,0.6267156122135175,0.6554297885267913,0.69371535694449,0.7233866724682065,0.781772164305197,0.8372862385108598,0.8583433011405942,0.8870574774538682,0.9253430458715668,0.9521429437639557,0.9617143358683803,0.9808571200772296,0.9999999042860789,0.9999999042860789,0.9999999042860789,0.9999999042860789,0.9808571200772296,0.9521429437639557,0.913857375346257,0.8430290737735145,0.7990006700931612,0.7230038167840295,0.69371535694449,0.6642354692628623,0.6278641792660484,0.5939814512163853,0.5501444753781203,0.5118589069604217,0.4831447306471477,0.4456248735978031,0.42571637802059975,0.4046593153908655,0.38743080960290116,0.3608223395526006,0.3491452411852025,0.33153387971306114,0.31889964213522065,0.3012882806630793,0.29171688855865463,0.28214549645423,0.2725741043498053,0.26300271224538063,0.25094275819380557,0.24309421666817738,0.23352282456375273,0.2229942932488856,0.21246576193401848,0.20557435961883272,0.1952372561460541,0.18643157540998342,0.17686018330555878,0.1672887912011341,0.15886596614924042,0.15484598146538206,0.1481460069922848,0.13857461488786016,0.13761747567741767,0.1318746404147629,0.1290032227834355,0.12421752673122317,0.11943183067901085,0.11943183067901085,0.11196614483755964,0.10986043857458619,0.10526617036446236,0.10028904647016154,0.09933190725971906,0.0956947782600377,0.09071765436573688,0.09071765436573688,0.088037664576498,0.08306054068219715,0.08114626226131223,0.08114626226131223,0.07731770541954235,0.07348914857777249,0.07157487015688757,0.07157487015688757,0.06793774115720619,0.06487489568379032,0.06200347805246292,0.06200347805246292,0.06200347805246292,0.06200347805246292,0.06200347805246292,0.05836634905278154,0.05549493142145417,0.05338922515848072,0.05243208594803826,0.05235551481120287,0.0514749467375958,0.05063266423240642,0.04979038172721706,0.048163245069464886,0.04688067852747198,0.04653610841171268,0.0459235393170295,0.04477497226449853,0.043358406233043684,0.042343838669974675,0.04219069639630388,0.04190355463317114,0.04171212679108265,0.040946415422728685,0.0399892762122862,0.03807499779140128,0.03711785858095882,0.036160719370516355,0.035299294081118135,0.03451443992855531,0.03424644094963141,0.03424644094963141,0.03424644094963141,0.03424644094963141,0.034169869812796023,0.03386358526545444,0.033365872876024355,0.03328930173918895,0.032983017191847375,0.032983017191847375,0.03321273060235355,0.033365872876024355,0.03371044299178363,0.03328930173918895,0.03328930173918895,0.03237044809716418,0.032255591391911094,0.03185359292352525,0.03185359292352525,0.031777021786689855,0.031757879002481004,0.031777021786689855,0.03185359292352525,0.03187273570773411,0.03187273570773411,0.032255591391911094,0.03233216252874649,0.03233216252874649,0.03233216252874649,0.032619304291879224,0.032542733155043836,0.032255591391911094,0.03185359292352525,0.03160473672881022,0.03137502331830402,0.031107024339380132,0.0307050258709943,0.03041788410786156,0.029460744897419087,0.029460744897419087,0.029460744897419087,0.029460744897419087,0.028503605686976626,0.02792932216071115,0.027546466476534165,0.027546466476534165,0.02678075510818019,0.026589327266091693,0.026493613345047448,0.025632188055649232,0.02545990299776959,0.024770762766251012,0.024502763787327117,0.0237179096347643,0.0237179096347643,0.0237179096347643,0.0237179096347643,0.023047912187454587,0.022473628661189095,0.02195677348755016,0.021803631213879366,0.021803631213879366,0.021612203371790876,0.02134420439286699,0.02103791984552539,0.02075077808239266,0.02008078063508293,0.019889352792994433,0.019889352792994433,0.019812781656159035,0.019123641424640462,0.018932213582551972,0.01845364397733074,0.017649647040559074,0.01749650476688827,0.01713279186692013,0.01694136402483164,0.016749936182743154,0.01609908151964228,0.015237656230244062,0.015103656740782106,0.014452802077681242,0.014146517530339645,0.014146517530339645,0.014146517530339645,0.014146517530339645,0.014146517530339645,0.014146517530339645,0.014146517530339645,0.014146517530339645,0.014146517530339645,0.014146517530339645,0.01374451906195381,0.01320852110410603,0.013112807183061785,0.012059954051575079,0.011294242683221097,0.010719959156955622,0.01031796068856978,0.009399107046545011,0.009016251362368034,0.008882251872906087
9035900,2.2552997005758883e-05,0.00011276498502875434,0.00011276498502875434,0.00013531798203451323,0.00013531798203451323,0.00011276498502875434,0.00011276498502875434,0.00011276498502875434,0.00011276498502875434,2.2552997005758883e-05,0.0,0.0,0.0,0.0,0.0,0.0,0.0,0.0,0.0,2.2552997005758883e-05,0.00011276498502875434,0.0,0.0,0.0,0.0,0.0,0.0,0.0,0.0,0.0,0.0,0.0,0.0,0.0,0.0,0.0,0.0,0.0,0.0,0.0,0.0,0.0,0.0,0.0,0.0,0.0,0.0,0.0,0.0,0.0,0.0,0.0,0.0,0.0,0.0,0.0,0.0,0.0,0.0,0.0,0.0,0.0,0.0,0.0,0.0,0.0,0.0,0.0,0.0,0.0,0.0,0.0,0.0,0.0,0.0,0.0,0.0,0.0,0.0008119078922070594,0.001375732817350841,0.0016914747754313553,0.0019395577424946228,0.002255299700575137,0.002255299700575137,0.0026612536466786665,0.0033829495508627006,0.004082092458040996,0.004510599401150274,0.0045557053951617715,0.005209742308328559,0.005638249251437837,0.005638249251437837,0.005751014236466592,0.006111862188558614,0.006765899101725401,0.006765899101725401,0.007622912987943968,0.008930986814277533,0.009021198802300538,0.010148848652588112,0.011276498502875675,0.011276498502875675,0.011750111439996472,0.013531798203450802,0.015787097904025948,0.016914747754313512,0.018064950601606834,0.021447900152469546,0.02255299700575135,0.024808296706326477,0.02931889610747675,0.033829495508627024,0.033829495508627024,0.0430762242809851,0.0451059940115027,0.0451059940115027,0.054127192813803245,0.05638249251437837,0.05638249251437837,0.06765899101725405,0.06765899101725405,0.07442489011897944,0.07893548952012973,0.07893548952012973,0.08457373877156757,0.0902119880230054,0.09382046754392565,0.10148848652588108,0.11050968532818162,0.11276498502875675,0.12404148353163243,0.1353179820345081,0.14659448053738378,0.16914747754313514,0.1898962347884264,0.20297697305176216,0.21425347155463784,0.23680646856038917,0.25935946556614053,0.29318896107476755,0.3157419580805189,0.3382949550862703,0.3721244505948973,0.4039241763730067,0.434821782270886,0.46955339765974313,0.5157870415215334,0.5529994865810232,0.5976544206524108,0.6319349761011529,0.6756877902923106,0.7104194056811676,0.767704018075776,0.8119078922070486,0.8403246684342954,0.8570138862185513,0.8795668832243027,0.902119880230054,0.9348217258883935,0.9472258742415567,0.969778871247308,0.986919148971679,0.999999887235015,0.9866936190016216,0.9792511299897239,0.9700044012173655,0.9479024641517293,0.9350472558584509,0.9115921389724696,0.8908433817271784,0.8464139776258482,0.8231843907099243,0.7893548952012972,0.7555253996926702,0.710644935651225,0.6723048407414476,0.6330626259514406,0.5992331304428133,0.5832205025687299,0.5572845560121159,0.5412719281380324,0.5110509121503256,0.484889435623654,0.4623364386179027,0.4397834416121513,0.4246729336182979,0.39648168736110867,0.38340094909777295,0.3662606713734019,0.34957145358914593,0.3382949550862703,0.32701845658339457,0.3125845384997138,0.30108251002678055,0.2886783616736173,0.27514656347016647,0.26635089463792344,0.25732969583562293,0.24808296706326485,0.242444717811827,0.23680646856038917,0.2255299700575135,0.22214702050665078,0.21425347155463784,0.20297697305176216,0.1986919036206694,0.18944517484831136,0.1804239760460108,0.17929632619572322,0.16914747754313514,0.16734323778267504,0.15787097904025946,0.15787097904025946,0.15787097904025946,0.14772213038767135,0.14659448053738378,0.13779881170514074,0.1353179820345081,0.1353179820345081,0.12652231320226506,0.12404148353163243,0.12404148353163243,0.12404148353163243,0.12404148353163243,0.117275584429907,0.11276498502875675,0.11276498502875675,0.11276498502875675,0.11276498502875675,0.10599908592703133,0.10148848652588108,0.10148848652588108,0.10058636664565104,0.09472258742415568,0.09133963787329297,0.0902119880230054,0.0902119880230054,0.0902119880230054,0.0902119880230054,0.08908433817271784,0.08479926874162508,0.08254396904104996,0.07893548952012973,0.07893548952012973,0.07893548952012973,0.07893548952012973,0.07893548952012973,0.07893548952012973,0.07893548952012973,0.07465042008903695,0.06878664086754162,0.06765899101725405,0.06765899101725405,0.06765899101725405,0.06765899101725405,0.06765899101725405,0.06765899101725405,0.06765899101725405,0.06765899101725405,0.06653134116696649,0.06314839161610378,0.059765442065241085,0.05751014236466594,0.05638249251437837,0.05638249251437837,0.05638249251437837,0.05638249251437837,0.05638249251437837,0.05638249251437837,0.05638249251437837,0.05638249251437837,0.05638249251437837,0.05638249251437837,0.05638249251437837,0.05638249251437837,0.05548037263414834,0.054127192813803245,0.05299954296351567,0.0518718931132281,0.049842123382710504,0.04848894356236541,0.047361293712077826,0.04623364386179026,0.0451059940115027,0.0451059940115027,0.0451059940115027,0.0451059940115027,0.0451059940115027,0.0451059940115027,0.0451059940115027,0.0451059940115027,0.0451059940115027,0.0451059940115027,0.0451059940115027,0.0451059940115027,0.0451059940115027,0.0451059940115027,0.0451059940115027,0.0451059940115027,0.0451059940115027,0.0451059940115027,0.0430762242809851,0.04059539461035243,0.0383400949097773,0.0363103251792597,0.033829495508627024,0.033829495508627024,0.033829495508627024,0.033829495508627024,0.033829495508627024,0.033829495508627024,0.033829495508627024,0.033829495508627024,0.033829495508627024,0.033829495508627024,0.03288226963438547,0.03220567972421295,0.031574195808051896,0.03094271189189085,0.030446545957764314,0.029882721032620543,0.02873251818532722,0.027063596406901622,0.025935946556614062,0.024808296706326477,0.024808296706326477,0.02471808471830348,0.023094268933889384,0.02255299700575135,0.022259808044676584,0.021222370182412038,0.020297697305176225,0.019846637365061186,0.018673881520762124,0.017613890661491816,0.016734323778267522,0.015787097904025948,0.014907531020801654,0.013644563188479576,0.013531798203450802,0.012471807344180515,0.012020747404065477,0.011276498502875675,0.011276498502875675,0.011276498502875675,0.011276498502875675,0.011276498502875675,0.011276498502875675,0.011276498502875675,0.011276498502875675,0.011276498502875675,0.011276498502875675,0.010870544556772156,0.010396931619651379,0.010148848652588112,0.009088857793317804,0.008141631919076221,0.007329724026869193,0.006901217083759914,0.006405051149633379,0.005863779221495346,0.005638249251437837,0.0047812353652193,0.004510599401150274,0.004330175425104263,0.0040595394610352465
9036000,0.005775895041359451,0.005775895041359451,0.005775895041359451,0.005775895041359451,0.005775895041359451,0.005775895041359451,0.005467847305820287,0.0053908353719354825,0.005005775702511527,0.005005775702511527,0.004697727966972363,0.004620716033087558,0.004620716033087558,0.004312668297548407,0.004235656363663603,0.004235656363663603,0.003850596694239634,0.003850596694239634,0.003465537024815665,0.00308047735539171,0.00308047735539171,0.0026954176859677412,0.001925298347119817,0.001925298347119817,0.001925298347119817,0.001925298347119817,0.001925298347119817,0.001925298347119817,0.001925298347119817,0.001925298347119817,0.001925298347119817,0.001925298347119817,0.001925298347119817,0.001925298347119817,0.001925298347119817,0.001925298347119817,0.001925298347119817,0.001925298347119817,0.001925298347119817,0.0015402386776958482,0.0015402386776958482,0.001155179008271893,0.001155179008271893,0.001155179008271893,0.001155179008271893,0.0008471312727327289,0.0007701193388479241,0.0007701193388479241,0.0003850596694239689,0.0003850596694239689,0.0,0.0,7.701193388480472e-05,0.0,0.0,0.0,0.0,0.0,0.0,0.0,0.0,0.0,0.0,0.0,0.0003850596694239689,0.0007701193388479241,0.0015402386776958482,0.0016172506115806529,0.001925298347119817,0.001925298347119817,0.001925298347119817,0.001925298347119817,0.001925298347119817,0.001925298347119817,0.001925298347119817,0.001925298347119817,0.001925298347119817,0.001925298347119817,0.001925298347119817,0.001925298347119817,0.002772429619852546,0.004235656363663603,0.005775895041359451,0.005775895041359451,0.005775895041359451,0.005775895041359451,0.005775895041359451,0.005775895041359451,0.005775895041359451,0.006931074049631344,0.008086253057903238,0.009626491735599086,0.009626491735599086,0.009626491735599086,0.00970350366948389,0.011936849752142872,0.01347708842983872,0.01347708842983872,0.01347708842983872,0.015864458380267295,0.017327685124078354,0.017327685124078354,0.021178281818317986,0.021178281818317986,0.024258759173709697,0.025028878512557622,0.027031188793562245,0.028879475206797255,0.03273007190103689,0.036580668595276526,0.040431265289516155,0.04428186198375579,0.04813245867799543,0.05198305537223506,0.05968424876071433,0.06738544214919359,0.07123603884343323,0.07747400548810146,0.08170966185176506,0.08663842562039177,0.0904890223146314,0.09819021570311066,0.1020408123973503,0.10974200578582957,0.11744319917430884,0.12514439256278811,0.13115132340580193,0.136696182645507,0.14054677933974666,0.14901809206707387,0.15910665540598168,0.16557565785230427,0.17273776770359003,0.19445513305910153,0.21771273709230893,0.23303811193538265,0.2560646801669357,0.2830958689604979,0.31413167831606936,0.34077780744020764,0.37158258099412467,0.3869849677710832,0.41393914463076065,0.4408933214904381,0.47169809504435517,0.49480167520979296,0.5140546586809912,0.537158238846429,0.5764343251276733,0.6141701727312217,0.6565267363678576,0.6988833000044936,0.7227569995087793,0.768194040500807,0.8151713201705305,0.8652290771956458,0.8914131347164753,0.9191374309150007,0.9414708917415905,0.9568732785185491,0.9761262619897473,0.9884481714113142,0.9999999614940331,0.9999999614940331,0.9999999614940331,0.9999999614940331,0.9992298421551851,0.9884481714113142,0.9768963813285954,0.9530226818243095,0.9299191016588716,0.8952637314107149,0.8698497932287335,0.8074701267820512,0.7543318924015444,0.725837476864171,0.6765498391779037,0.6426645882685951,0.6180207694254612,0.5949171892600235,0.5725837284334336,0.5525606256233875,0.5256064487637101,0.5102040619867515,0.48324988512707406,0.4647670209947239,0.44474391818467773,0.4177897413250003,0.3946861611595625,0.3754331776883643,0.3600307909114058,0.34462840413444723,0.33307661405172834,0.32152482396900944,0.30997303388629055,0.29842124380357166,0.2871004895225071,0.2792452722662582,0.2714670669438942,0.259299181390097,0.24743934357183892,0.23727376829904628,0.22911050330725824,0.22140930991877897,0.2137081165302997,0.2053908276707421,0.19653445527399094,0.19060453636486188,0.18066999689372365,0.17520214958790334,0.16780900393496329,0.16149402535641028,0.15594916611670517,0.15209856942246555,0.1482479727282259,0.14439737603398628,0.136696182645507,0.1317674188768803,0.12868694152148857,0.12514439256278811,0.12098574813300932,0.11744319917430884,0.11405467408337798,0.11359260248006921,0.10974200578582957,0.10635348069489871,0.10558336135605077,0.1020408123973503,0.09973045438080652,0.09819021570311066,0.09518675028160375,0.09210627292621205,0.0904890223146314,0.09018097457909224,0.08663842562039177,0.08663842562039177,0.08517519887658072,0.08278782892615213,0.08278782892615213,0.08009241124018437,0.0789372322319125,0.0789372322319125,0.07862918449637334,0.07778205322364062,0.07554870714098164,0.07508663553767286,0.0747785878021337,0.07208317011616597,0.07123603884343323,0.07123603884343323,0.07015787176904616,0.06738544214919359,0.06738544214919359,0.06669233474423046,0.06484404833099545,0.06353484545495396,0.06353484545495396,0.06353484545495396,0.062456678380566885,0.060531380033447074,0.05976126069459913,0.05968424876071433,0.05968424876071433,0.059376201025175164,0.058144010083018484,0.05706584300863138,0.056218711735898666,0.05583365206647469,0.05583365206647469,0.0546784730582028,0.05244512697554382,0.05198305537223506,0.05198305537223506,0.05136695990115673,0.05013476895900005,0.04890257801684335,0.048517518347419394,0.04813245867799543,0.04813245867799543,0.04813245867799543,0.04813245867799543,0.04813245867799543,0.04813245867799543,0.04813245867799543,0.04813245867799543,0.04813245867799543,0.04813245867799543,0.04813245867799543,0.047824410942456264,0.04774739900857146,0.047362339339147505,0.047824410942456264,0.04774739900857146,0.047439351273032296,0.04628417226476041,0.045899112595336446,0.04505198132260372,0.04474393358706455,0.04428186198375579,0.04428186198375579,0.04428186198375579,0.04389680231433182,0.04281863523994474,0.04081632495894013,0.040431265289516155,0.040431265289516155,0.040431265289516155,0.039276086281244266,0.03735078793412445,0.036580668595276526,0.036580668595276526,0.03588756119031339,0.03427031057873274,0.03273007190103689,0.03273007190103689,0.03273007190103689,0.03195995256218897,0.030034654215069147,0.028879475206797255,0.028879475206797255,0.028879475206797255,0.028109355867949333,0.027031188793562245,0.025028878512557622,0.025028878512557622,0.025028878512557622,0.025028878512557622,0.024335771107594488,0.023103580165437804,0.022025413091050702,0.02125529375220279,0.021178281818317986,0.021178281818317986,0.021178281818317986,0.021178281818317986,0.021178281818317986,0.021178281818317986,0.02079322214889402,0.020408162479470065,0.020023102810046094,0.018482864132350247,0.017327685124078354,0.017327685124078354,0.017327685124078354,0.017327685124078354,0.017327685124078354,0.017327685124078354,0.01701963738853919,0.01617250611580646,0.015402386776958536,0.01347708842983872,0.01347708842983872,0.01347708842983872,0.01347708842983872,0.01347708842983872,0.01347708842983872,0.01347708842983872,0.01347708842983872,0.011628802016603707,0.010781670743870979,0.010781670743870979,0.00970350366948389,0.009626491735599086,0.009626491735599086,0.009626491735599086,0.009626491735599086
9037500,0.06294642576132028,0.06249999720982155,0.06249999720982155,0.06249999720982155,0.06249999720982155,0.06249999720982155,0.06249999720982155,0.06249999720982155,0.06249999720982155,0.06249999720982155,0.06249999720982155,0.06249999720982155,0.06249999720982155,0.06249999720982155,0.06249999720982155,0.06249999720982155,0.06249999720982155,0.06249999720982155,0.06249999720982155,0.06249999720982155,0.06249999720982155,0.06249999720982155,0.06249999720982155,0.06249999720982155,0.06249999720982155,0.06249999720982155,0.06249999720982155,0.06249999720982155,0.06249999720982155,0.06249999720982155,0.06249999720982155,0.06249999720982155,0.06249999720982155,0.06249999720982155,0.06249999720982155,0.06249999720982155,0.06249999720982155,0.06249999720982155,0.06249999720982155,0.06249999720982155,0.06249999720982155,0.06249999720982155,0.06249999720982155,0.06249999720982155,0.06249999720982155,0.06249999720982155,0.06249999720982155,0.06249999720982155,0.06249999720982155,0.06249999720982155,0.06249999720982155,0.06249999720982155,0.06249999720982155,0.06249999720982155,0.06249999720982155,0.06249999720982155,0.06249999720982155,0.06249999720982155,0.06249999720982155,0.06249999720982155,0.06249999720982155,0.06249999720982155,0.06249999720982155,0.06249999720982155,0.06249999720982155,0.06348214002311875,0.06428571141581645,0.06473213996731518,0.06517856851881391,0.06562499707031262,0.06562499707031262,0.06562499707031262,0.06607142562181136,0.06696428272480881,0.06696428272480881,0.06696428272480881,0.06696428272480881,0.06785713982780626,0.06830356837930497,0.07098213968829732,0.07142856823979606,0.07142856823979606,0.07142856823979606,0.07232142534279352,0.07589285375478332,0.07589285375478332,0.07767856796077821,0.08035713926977056,0.08035713926977056,0.08035713926977056,0.08169642492426674,0.08482142478475782,0.08491071049505758,0.08928571029974508,0.09026785311304229,0.09374999581473233,0.09508928146922849,0.09821428132971959,0.09821428132971959,0.10267856684470683,0.10267856684470683,0.10714285235969409,0.10866070943478977,0.113482137790976,0.1160714233896686,0.12053570890465586,0.1249999944196431,0.13392856544961762,0.1428571364795921,0.14732142199457937,0.15178570750956663,0.16232142132493657,0.16928570672831666,0.1741071350845029,0.18749999162946465,0.1919642771444519,0.20535713368941366,0.21714284744898002,0.2321428467793372,0.2410714178093117,0.2499999888392862,0.2589285598692607,0.26339284538424795,0.2723214164142225,0.2767857019292097,0.2857142729591842,0.30357141501913326,0.32142855707908224,0.33267855657685014,0.35267855568399303,0.3660714122289548,0.38839283980389105,0.4107142673788273,0.42499998102678666,0.44642855149872535,0.4732142645886489,0.5044642631935596,0.536607118901468,0.5678571175063788,0.6035714016262768,0.6616071133211111,0.7008928258529988,0.7276785389429223,0.7544642520328458,0.7723213940927949,0.7901785361527439,0.8178571063456649,0.8535713904655629,0.8758928180404991,0.8937499601004482,0.9124999592633948,0.9383928152503207,0.9464285291772978,0.9598213857222595,0.9651785283402442,0.9830356704001932,0.9964285269451549,0.9999999553571448,0.9999999553571448,0.9999999553571448,0.9955356698421576,0.9749999564732164,0.9651785283402442,0.9428571007653079,0.9196428160873743,0.8803571035554864,0.8446428194355884,0.7660713943718129,0.733035681560907,0.6741071127630753,0.616071401068241,0.5901785450813151,0.5312499762834832,0.50089283478157,0.45089283701371263,0.3776785545679218,0.32928569958545983,0.30526784351482844,0.2767857019292097,0.24660713184789593,0.22419641856265987,0.19241070569595067,0.16392856411033202,0.14732142199457937,0.13035713703762788,0.11249999497767887,0.08928571029974508,0.08035713926977056,0.07142856823979606,0.06249999720982155,0.058571425956632776,0.05580356893734067,0.053571426179847045,0.04830356927216209,0.045357140832270514,0.04464285514987254,0.043928569467474594,0.04017856963488528,0.03892856969068885,0.03571428411989803,0.03571428411989803,0.03571428411989803,0.033482141362404405,0.031249998604910775,0.031249998604910775,0.02687499880022328,0.026785713089923523,0.024553570332429896,0.02232142757493627,0.02232142757493627,0.02232142757493627,0.02232142757493627,0.02232142757493627,0.02232142757493627,0.02124999905133935,0.02089285621014038,0.02089285621014038,0.02232142757493627,0.02232142757493627,0.02232142757493627,0.02232142757493627,0.0201785705277424,0.019196427714445193,0.018303570611447748,0.017857142059949014,0.017857142059949014,0.01660714211575258,0.015714285012755146,0.013482142255261521,0.013392856544961761,0.013392856544961761,0.012142856600765325,0.010803570946269162,0.009464285291772997,0.008928571029974507,0.008928571029974507,0.008928571029974507,0.008928571029974507,0.008571428188775534,0.008124999637276803,0.005892856879783176,0.005089285487085488,0.004553571225287013,0.0044642855149872535,0.0044642855149872535,0.0044642855149872535,0.0044642855149872535,0.0044642855149872535,0.0044642855149872535,0.0044642855149872535,0.003571428411989806,0.0026785713089923584,0.0008928571029974475,0.0,0.0,0.0,0.0,0.0,0.0005357142617984907,0.0009821428132972066,0.002321428467793386,0.0044642855149872535,0.0044642855149872535,0.0054464283282844445,0.008928571029974507,0.013392856544961761,0.019196427714445193,0.02232142757493627,0.02508928459422837,0.026785713089923523,0.03044642721221307,0.03312499852120543,0.03571428411989803,0.04116071244818247,0.05767856885363533,0.06705356843510857,0.07151785395009581,0.07589285375478332,0.07589285375478332,0.07812499651227695,0.08035713926977056,0.08035713926977056,0.08035713926977056,0.08098213924186878,0.08482142478475782,0.08624999614955374,0.08928571029974508,0.08928571029974508,0.09196428160873743,0.09383928152503208,0.09651785283402445,0.09821428132971959,0.09821428132971959,0.10267856684470683,0.10267856684470683,0.10321428110650532,0.10410713820950276,0.10714285235969409,0.10714285235969409,0.10714285235969409,0.10714285235969409,0.10714285235969409,0.10812499517299128,0.10803570946269156,0.1073214237802936,0.1073214237802936,0.10714285235969409,0.10714285235969409,0.10714285235969409,0.10714285235969409,0.10714285235969409,0.10714285235969409,0.10464285247130124,0.10312499539620557,0.10267856684470683,0.10267856684470683,0.10267856684470683,0.10267856684470683,0.10267856684470683,0.10223213829320811,0.09821428132971959,0.09741070993702187,0.09517856717952825,0.09303571013233439,0.08982142456154356,0.08928571029974508,0.08928571029974508,0.08928571029974508,0.0879464246452489,0.08660713899075272,0.08580356759805505,0.08482142478475782,0.08482142478475782,0.08482142478475782,0.08482142478475782,0.08482142478475782,0.08482142478475782,0.08482142478475782,0.08482142478475782,0.08392856768176035,0.08392856768176035,0.08258928202726419,0.08098213924186878,0.08035713926977056,0.08035713926977056,0.08035713926977056,0.08035713926977056,0.08035713926977056,0.08035713926977056,0.08035713926977056,0.08035713926977056,0.07776785367107797,0.07589285375478332,0.07589285375478332,0.07374999670758944,0.07142856823979606,0.07142856823979606,0.07142856823979606,0.07142856823979606,0.06964285403380116,0.06785713982780626,0.06705356843510857,0.06696428272480881,0.06696428272480881,0.06696428272480881,0.06696428272480881
9038500,0.3953744057957703,0.3953744057957703,0.39118938423024396,0.3887664770080972,0.38766515554348513,0.38590304120010566,0.38325986968503634,0.38325986968503634,0.38325986968503634,0.3821585482204242,0.3821585482204242,0.3803964338770448,0.37885458382658777,0.37268718362475955,0.37224665503891463,0.33920701110054946,0.3292951179190399,0.317180581808306,0.3118942387781676,0.3063876314551067,0.30176208130373555,0.29295150958683813,0.2874449022637774,0.2810572377690267,0.28083697347610426,0.2799559163044146,0.2691629659512152,0.2687224373653704,0.2687224373653704,0.2687224373653704,0.2687224373653704,0.2687224373653704,0.2687224373653704,0.2687224373653704,0.2687224373653704,0.2687224373653704,0.2687224373653704,0.2687224373653704,0.2687224373653704,0.26784138019368064,0.264977944385689,0.25374446544664503,0.24669600807312697,0.2455946866085147,0.2455946866085147,0.2455946866085147,0.2455946866085147,0.2455946866085147,0.2455946866085147,0.2455946866085147,0.2455946866085147,0.2455946866085147,0.2455946866085147,0.2455946866085147,0.2455946866085147,0.2455946866085147,0.2455946866085147,0.2455946866085147,0.2455946866085147,0.2455946866085147,0.2455946866085147,0.2455946866085147,0.2455946866085147,0.2455946866085147,0.2455946866085147,0.2455946866085147,0.2455946866085147,0.24669600807312697,0.26740085160783594,0.2755506304459658,0.2786343305468799,0.2786343305468799,0.2786343305468799,0.2786343305468799,0.27687221620350044,0.2764316876176555,0.2764316876176555,0.2764316876176555,0.2764316876176555,0.2764316876176555,0.2764316876176555,0.2764316876176555,0.2764316876176555,0.2764316876176555,0.2764316876176555,0.27444930898135367,0.27422904468843123,0.2733479875167415,0.27202640175920684,0.27202640175920684,0.2689427016582928,0.2618942442847748,0.2568281655475589,0.2555065797900242,0.24757706524481668,0.23193830044732397,0.22356825731627122,0.22356825731627122,0.22356825731627122,0.22356825731627122,0.21651979994275347,0.1409691474703582,0.1356828044402199,0.077533031108697,0.05484580893768632,0.028634358079916527,0.028634358079916527,0.028634358079916527,0.023127750756855737,0.02202642929224347,0.006607928787673057,0.006607928787673057,0.006607928787673057,0.006607928787673057,0.006607928787673057,0.005506607323060867,0.004625550151371186,0.0033039643938365284,0.0024229072221468085,0.0022026429292243393,0.0022026429292243393,0.0022026429292243393,0.0022026429292243393,0.0011013214646121892,0.00022026429292246912,0.0,0.0,0.0,0.0,0.0,0.0,0.0,0.0,0.0013215857575346191,0.0022026429292243393,0.0033039643938365284,0.0035242286867589972,0.0035242286867589972,0.0035242286867589972,0.0035242286867589972,0.0035242286867589972,0.0033039643938365284,0.0033039643938365284,0.0033039643938365284,0.0033039643938365284,0.0033039643938365284,0.0035242286867589972,0.006607928787673057,0.006607928787673057,0.006607928787673057,0.008810571716897395,0.06387664494750607,0.0660792878767306,0.07709250252285234,0.08590307423974954,0.08590307423974954,0.08590307423974954,0.08810571716897407,0.09691628888587128,0.09691628888587128,0.09691628888587128,0.09691628888587128,0.10792950353199302,0.10792950353199302,0.10792950353199302,0.10792950353199302,0.0991189318150958,0.0991189318150958,0.0991189318150958,0.0991189318150958,0.0991189318150958,0.0991189318150958,0.10792950353199302,0.10792950353199302,0.10792950353199302,0.10792950353199302,0.10792950353199302,0.10792950353199302,0.10792950353199302,0.10792950353199302,0.10792950353199302,0.10792950353199302,0.10792950353199302,0.10792950353199302,0.10792950353199302,0.11013214646121755,0.12995593282423648,0.21806164999321037,0.24669600807312697,0.3077092172126424,0.3942730843311581,0.4096915848357286,0.5198237312969463,0.5499999394273196,0.622246627505878,0.6585902358380797,0.6696034504842014,0.6918501440693673,0.7039646801801013,0.7070483802810155,0.7367840598255442,0.7984580618438258,0.8288545342671216,0.8753303000737557,0.8969162007801545,0.9118941726988796,0.9229073873450013,0.9229073873450013,0.9251100302742259,0.9339206019911231,0.9449338166372448,0.9559470312833666,0.9559470312833666,0.9581496742125911,0.9669602459294883,0.9779734605756101,0.9779734605756101,0.9779734605756101,0.9779734605756101,0.9801761035048345,0.9889866752217318,0.9911893181509563,0.9999998898678535,0.9999998898678535,0.9999998898678535,0.9999998898678535,0.9999998898678535,0.9999998898678535,0.9999998898678535,0.9999998898678535,0.9999998898678535,0.9999998898678535,0.9999998898678535,0.9999998898678535,0.9999998898678535,0.9999998898678535,0.9999998898678535,0.9999998898678535,0.9999998898678535,0.9999998898678535,0.9999998898678535,0.9999998898678535,0.9999998898678535,0.9999998898678535,0.9889866752217318,0.9889866752217318,0.9779734605756101,0.9779734605756101,0.9779734605756101,0.9779734605756101,0.9779734605756101,0.9779734605756101,0.9779734605756101,0.9779734605756101,0.9669602459294883,0.9559470312833666,0.9559470312833666,0.9559470312833666,0.9449338166372448,0.9339206019911231,0.9339206019911231,0.9251100302742259,0.9118941726988796,0.9118941726988796,0.9101320583555002,0.8790747930534368,0.8486783206301409,0.7914096044703081,0.7577091676531753,0.7466959530070536,0.7370043241184667,0.7110131375536195,0.7110131375536195,0.7050660016447134,0.7039646801801013,0.7026430944225667,0.7026430944225667,0.7026430944225667,0.7026430944225667,0.7026430944225667,0.7026430944225667,0.7026430944225667,0.7026430944225667,0.7026430944225667,0.7026430944225667,0.7026430944225667,0.7026430944225667,0.7083699660385502,0.7396474956335358,0.7577091676531753,0.7762113682586599,0.7797355969454188,0.7898677544198508,0.7907488115915405,0.8101320693687152,0.8352421987618724,0.8372245773981742,0.8392069560344763,0.8539646636602792,0.8451540919433823,0.8383258988627864,0.8154184123988536,0.7907488115915405,0.7797355969454188,0.7480175387645882,0.6938325227056694,0.6724668862921932,0.6508809855857944,0.6411893566972076,0.6387664494750607,0.6387664494750607,0.6378853923033707,0.6356827493741467,0.6290748205864736,0.6105726199809891,0.5892069835675128,0.5892069835675128,0.5629955327097431,0.5440528035184136,0.5418501605891894,0.5385461961953527,0.5374448747307407,0.526431660084619,0.5189426741252562,0.5154184454384971,0.5154184454384971,0.5110131595800486,0.5066078737215998,0.49559465907547806,0.48237880150013196,0.48127748003551984,0.4768721941770711,0.47599113700538137,0.473788494076157,0.4674008295814064,0.44933915756176673,0.43832594291564503,0.42731272826952327,0.42731272826952327,0.42731272826952327,0.42731272826952327,0.42731272826952327,0.42731272826952327,0.42731272826952327,0.42731272826952327,0.42731272826952327,0.42731272826952327,0.42731272826952327,0.42731272826952327,0.42731272826952327,0.42731272826952327,0.42731272826952327,0.42731272826952327,0.42731272826952327,0.4286343140270581,0.42731272826952327,0.42731272826952327,0.42731272826952327,0.42731272826952327,0.42731272826952327,0.42731272826952327,0.42731272826952327,0.42731272826952327,0.41629951362340156,0.41629951362340156,0.41629951362340156
9046600,0.013789472958448797,0.013684209806094229,0.013684209806094229,0.013263157196675953,0.013157894044321366,0.013157894044321366,0.012631578282548503,0.012210525673130228,0.01210526252077566,0.011578946759002798,0.011578946759002798,0.011578946759002798,0.011578946759002798,0.011052630997229956,0.01063157838781168,0.010526315235457093,0.010105262626038818,0.009473683711911388,0.008947367950138525,0.007999999578947406,0.006842104903047114,0.0057894733795014084,0.005263157617728546,0.005263157617728546,0.004736841855955684,0.004210526094182841,0.0037894734847645473,0.0036842103324099787,0.0031578945706371353,0.0031578945706371353,0.0031578945706371353,0.0031578945706371353,0.0027368419612188604,0.002631578808864273,0.002631578808864273,0.002631578808864273,0.002631578808864273,0.002631578808864273,0.0022105261994459983,0.002105263047091411,0.002105263047091411,0.002105263047091411,0.002105263047091411,0.002105263047091411,0.0015789472853185676,0.0015789472853185676,0.0015789472853185676,0.0011578946759002741,0.0010526315235457055,0.0006315789141274495,0.0005263157617728621,0.0005263157617728621,0.00010526315235458739,0.0,0.0,0.0,0.0,0.0,0.0,0.0,0.0,0.0,0.0005263157617728621,0.0005263157617728621,0.0005263157617728621,0.0010526315235457055,0.0010526315235457055,0.0010526315235457055,0.0010526315235457055,0.0010526315235457055,0.0010526315235457055,0.0010526315235457055,0.0015789472853185676,0.0015789472853185676,0.0015789472853185676,0.0031578945706371353,0.004210526094182841,0.005263157617728546,0.005263157617728546,0.005263157617728546,0.005263157617728546,0.006842104903047114,0.007473683817174545,0.008421052188365682,0.009473683711911388,0.010526315235457093,0.012210525673130228,0.013684209806094229,0.01578947285318564,0.01642105176731307,0.020105262099723048,0.021052630470914185,0.021052630470914185,0.021052630470914185,0.024421051346260478,0.02631578808864273,0.02631578808864273,0.029473682659279868,0.03157894570637128,0.03157894570637128,0.03526315603878126,0.036842103324099824,0.036842103324099824,0.038526313761772964,0.04210526094182837,0.043263155617728644,0.04736841855955692,0.05263157617728546,0.05789473379501401,0.06315789141274256,0.06842104903047111,0.0789473642659282,0.08789473221606674,0.09473683711911383,0.10052631049861524,0.11052630997229948,0.11431578345706402,0.11957894107479257,0.1263157828254851,0.13410525609972335,0.1449473607922442,0.16315788614958493,0.17368420138504204,0.1789473590027706,0.18947367423822767,0.19999998947368477,0.2157894623268704,0.23157893518005604,0.24757893433795086,0.2578947232686988,0.26610524915235534,0.28073682732964067,0.29999998421052715,0.3147368255401671,0.3222105093573416,0.3337894561163444,0.3473684027700841,0.36357892823268806,0.3825262956565108,0.4105262941828266,0.4694736595013864,0.510526288919669,0.5473683922437689,0.5842104955678686,0.6263157565096971,0.6684210174515254,0.7010525946814424,0.7526315393351821,0.8021052209418307,0.8326315351246562,0.8578946916897531,0.8894736373961243,0.9168420570083127,0.9315788983379527,0.9473683711911384,0.9642104755678697,0.9842104745152381,0.9947367897506952,0.9957894212742409,0.9999999473684238,0.9947367897506952,0.9905262636565124,0.9842104745152381,0.973684159279781,0.9684210016620526,0.9526315288088669,0.9368420559556813,0.8999999526315814,0.8789473221606673,0.8526315340720245,0.822105219889199,0.8010525894182848,0.7789473274238249,0.7578946969529107,0.7315789088642679,0.7157894360110824,0.6999999631578967,0.6894736479224396,0.6684210174515254,0.6526315445983397,0.6315789141274256,0.6105262836565114,0.5894736531855972,0.5736841803324115,0.5526315498614973,0.532631550914129,0.5157894465373976,0.5052631313019404,0.4894736584487548,0.4842105008310263,0.4736841855955692,0.4631578703601121,0.4578947127423835,0.4473683975069264,0.4421052398891979,0.4315789246537408,0.42631576703601226,0.41873682006648316,0.4117894520110814,0.4105262941828266,0.39999997894736955,0.38947366371191244,0.37894734847645534,0.3736841908587268,0.3663157701939069,0.3627368230138514,0.3578947180055412,0.3526315603878126,0.34252629776177385,0.33684208753462697,0.3352631402493084,0.33073682469806187,0.3210526146814413,0.31263156249307567,0.3052631418282557,0.29999998421052715,0.29273682669806167,0.2859999849473692,0.27947366950138586,0.27894735373961294,0.27368419612188444,0.2684210385041559,0.26315788088642733,0.25999998631579024,0.2564210391357348,0.2526315656509702,0.25168419727977914,0.24736840803324167,0.24284209248199512,0.24115788204432204,0.2368420927977846,0.2321052509418289,0.23157893518005604,0.22905261952354636,0.22631577756232749,0.22294735668698126,0.22105261994459896,0.21915788320221669,0.2157894623268704,0.2157894623268704,0.21073683101385102,0.2096841994903053,0.2052631470914133,0.20368419980609476,0.19999998947368477,0.19852630534072077,0.19326314772299222,0.19010525315235513,0.18631577966759053,0.18378946401108084,0.1789473590027706,0.17726314856509748,0.17368420138504204,0.1706315699667595,0.16736841224376775,0.1623157809307484,0.15799999168421097,0.15684209700831067,0.15284209721883701,0.15115788678116385,0.1473684132963993,0.14536841340166248,0.14221051883102534,0.14010525578393393,0.13842104534626076,0.13684209806094222,0.13631578229916935,0.1344210455567871,0.13231578250969567,0.13157894044321367,0.12947367739612226,0.12789473011080366,0.12694736173961257,0.1263157828254851,0.1263157828254851,0.1263157828254851,0.12536841445429397,0.12368420401662084,0.1227368356454297,0.12221051988365685,0.12105262520775657,0.12105262520775657,0.11999999368421084,0.11799999378947401,0.11578946759002802,0.11536841498060975,0.11263157301939089,0.11052630997229948,0.11052630997229948,0.11052630997229948,0.10905262583933552,0.10842104692520806,0.10736841540166234,0.10642104703047124,0.10526315235457093,0.10378946822160696,0.10052631049861524,0.09999999473684239,0.09789473168975096,0.09473683711911383,0.09473683711911383,0.09473683711911383,0.09263157407202242,0.08999999526315815,0.0894736795013853,0.08852631113019416,0.08589473232132988,0.08421052188365674,0.08421052188365674,0.0801052589418285,0.0789473642659282,0.07684210121883678,0.07368420664819965,0.07263157512465393,0.07052631207756252,0.06842104903047111,0.06842104903047111,0.06578947022160683,0.06368420717451542,0.06315789141274256,0.06221052304155142,0.05842104955678687,0.05789473379501401,0.05736841803324115,0.05526315498614974,0.05368420770083117,0.05263157617728546,0.05263157617728546,0.05263157617728546,0.05063157628254862,0.04894736584487548,0.04736841855955692,0.04684210279778406,0.04526315551246551,0.043157892465374076,0.04221052409418296,0.04210526094182837,0.04210526094182837,0.04157894518005551,0.041052629418282666,0.03999999789473696,0.03842105060941839,0.037368419085872684,0.036842103324099824,0.036842103324099824,0.03526315603878126,0.034210524515235555,0.03168420885872587,0.03157894570637128,0.03157894570637128,0.03157894570637128,0.03157894570637128,0.030526314182825573,0.029473682659279868,0.0278947353739613,0.02631578808864273,0.02631578808864273,0.02631578808864273,0.02631578808864273,0.02631578808864273,0.02421052504155132,0.02157894623268705,0.021052630470914185,0.021052630470914185,0.021052630470914185,0.021052630470914185
9047700,0.02589283402425532,0.02589283402425532,0.02589283402425532,0.02517854894772418,0.02428569260206018,0.02428569260206018,0.023392836256396224,0.02232140864159941,0.02142855229593545,0.020535695950271455,0.018928554528076312,0.01785712691327954,0.01785712691327954,0.01785712691327954,0.01785712691327954,0.01785712691327954,0.01785712691327954,0.01785712691327954,0.01785712691327954,0.01785712691327954,0.01785712691327954,0.01785712691327954,0.01785712691327954,0.01785712691327954,0.01785712691327954,0.01785712691327954,0.01785712691327954,0.016964270567615562,0.015178557876287605,0.01339284518495965,0.011607132493631694,0.00892856345663976,0.00892856345663976,0.00892856345663976,0.00892856345663976,0.00892856345663976,0.00892856345663976,0.008214278380108577,0.006428565688780661,0.006249994419647846,0.006249994419647846,0.006249994419647846,0.005357138073983868,0.005357138073983868,0.001964283960460791,0.0001785712691327956,0.0,0.0,0.0,0.0,0.0,0.0,0.0,0.0,0.0,0.0,0.0,0.0,0.0,0.0,0.0,0.0,0.0,0.0,0.0,0.0,0.0,0.0,0.0,0.0,0.0,0.0,0.0,0.0,0.0,0.0,0.0,0.0,0.0,0.0,0.0,0.001964283960460791,0.008035707110975782,0.00892856345663976,0.00892856345663976,0.010714276147967716,0.012499988839295671,0.01339284518495965,0.016964270567615562,0.01785712691327954,0.01785712691327954,0.01785712691327954,0.01785712691327954,0.01785712691327954,0.01785712691327954,0.01785712691327954,0.02142855229593545,0.02517854894772418,0.02678569036991932,0.028571403061247277,0.030357115752575232,0.033928541135231145,0.0357142538265591,0.0357142538265591,0.03857139413268383,0.04464281728319884,0.05267852439417466,0.053571380739838616,0.0624999441964784,0.0624999441964784,0.0624999441964784,0.06267851546561118,0.07142850765311817,0.08035707110975795,0.08857134948986652,0.0892856345663977,0.09821419802303748,0.1041070499044198,0.11017847305493476,0.11803560889677776,0.12499988839295681,0.13696416342485415,0.14285701530623635,0.15178557876287613,0.15839271572078958,0.1644641388713046,0.16964270567615566,0.1805355530932562,0.19321411320168463,0.21464266549762018,0.2321426498726341,0.2414283558675394,0.2598211965882174,0.27678546715583296,0.29392830899258127,0.31178543590586083,0.32321399713035975,0.33785684119924897,0.3549996830359973,0.37357109502580815,0.40178535554878975,0.4251781918051859,0.4553567362886284,0.4853567095029381,0.5535709343116658,0.5971423239800681,0.6437494252237277,0.7232136399878215,0.791070722258284,0.821427838010859,0.821427838010859,0.8839277822073373,0.9107134725772567,0.9303563121818643,0.983927692921703,0.9999991071436544,0.9999991071436544,0.9999991071436544,0.9999991071436544,0.9999991071436544,0.9999991071436544,0.9821419802303749,0.9464277264038158,0.9107134725772567,0.9107134725772567,0.8607135172200744,0.821427838010859,0.821427838010859,0.741070766901101,0.7233922112569542,0.6874993861612625,0.6496422771051098,0.6312494363844318,0.6071423150515045,0.5896423306764905,0.5624994977683057,0.5360709499366519,0.5151781114481149,0.49999955357182724,0.48232099792768046,0.46482101355266653,0.4528567385207693,0.44428531760239504,0.42857104591870904,0.4242853354595219,0.4196424824620693,0.41071391900542953,0.40178535554878975,0.39285679209214996,0.38107108832938547,0.37428538010233925,0.3660711017222307,0.3564282531890597,0.33928541135231133,0.3289282777426093,0.31732114524897753,0.31249972098239204,0.30357115752575226,0.2948211653382453,0.28767831457293347,0.27678546715583296,0.27357118431144267,0.2678569036991931,0.2589283402425534,0.250535490593312,0.24857120663285132,0.24107121332927386,0.23232122114176695,0.22535694164558792,0.2232140864159943,0.21482123676675297,0.21428552295935455,0.2055355307718475,0.2037498180805196,0.1999998214287309,0.19642839604607498,0.19124982924122394,0.18749983258943517,0.18749983258943517,0.178928411671061,0.17857126913279542,0.17857126913279542,0.1716069896366164,0.16964270567615566,0.16624985156263253,0.16071414221951588,0.15803557318252395,0.15178557876287613,0.1503570086098138,0.14285701530623635,0.14285701530623635,0.13767844850138528,0.13392845184959656,0.12535703093122244,0.12499988839295681,0.12499988839295681,0.12160703427943372,0.11785703762764499,0.11607132493631704,0.11607132493631704,0.11607132493631704,0.11607132493631704,0.1092856167092708,0.10714276147967726,0.1033927648278886,0.09910705436870147,0.09821419802303748,0.09821419802303748,0.0941070588329832,0.0892856345663977,0.0892856345663977,0.08785706441333534,0.08232135507021873,0.08035707110975795,0.08035707110975795,0.08035707110975795,0.07874992968756282,0.07857135841843,0.07696421699623486,0.07178565019138376,0.07142850765311817,0.07142850765311817,0.07142850765311817,0.07142850765311817,0.07142850765311817,0.07142850765311817,0.07142850765311817,0.07142850765311817,0.070714222576587,0.07053565130745418,0.07053565130745418,0.070714222576587,0.07142850765311817,0.07142850765311817,0.07142850765311817,0.07142850765311817,0.07142850765311817,0.07142850765311817,0.07142850765311817,0.07142850765311817,0.07142850765311817,0.07142850765311817,0.07160707892225099,0.07321422034444613,0.07321422034444613,0.07499993303577408,0.07607136065057087,0.07785707334189881,0.07857135841843,0.07857135841843,0.07857135841843,0.07964278603322678,0.08035707110975795,0.08035707110975795,0.08035707110975795,0.08035707110975795,0.08035707110975795,0.08035707110975795,0.08035707110975795,0.08035707110975795,0.08035707110975795,0.08035707110975795,0.08035707110975795,0.08035707110975795,0.08035707110975795,0.08035707110975795,0.08035707110975795,0.08035707110975795,0.08035707110975795,0.08035707110975795,0.08035707110975795,0.08035707110975795,0.08035707110975795,0.08035707110975795,0.08035707110975795,0.08035707110975795,0.08035707110975795,0.08035707110975795,0.07892850095669564,0.07857135841843,0.07428564795924299,0.07160707892225099,0.07142850765311817,0.07142850765311817,0.07142850765311817,0.07142850765311817,0.07142850765311817,0.07142850765311817,0.07142850765311817,0.07142850765311817,0.07142850765311817,0.07142850765311817,0.07142850765311817,0.07142850765311817,0.07142850765311817,0.07053565130745418,0.06714279719393108,0.06607136957913431,0.06446422815693913,0.0624999441964784,0.0624999441964784,0.0624999441964784,0.0624999441964784,0.0624999441964784,0.0624999441964784,0.0624999441964784,0.0624999441964784,0.0624999441964784,0.0624999441964784,0.0624999441964784,0.0624999441964784,0.06071423150515044,0.05892851881382249,0.05803566246815853,0.05464280835463543,0.053571380739838616,0.05089281170284671,0.047499957589323606,0.044821388552331656,0.04464281728319884,0.04464281728319884,0.041964248246206926,0.0357142538265591,0.0357142538265591,0.0357142538265591,0.0357142538265591
9050100,0.0,0.00014561339113166653,0.0007280669556582809,0.0008008736512241076,0.0010921004334874212,0.001164907129053248,0.0015289406068824014,0.001892974084711542,0.0025482343448039895,0.0025482343448039895,0.0025482343448039895,0.0025482343448039895,0.0025482343448039895,0.0025482343448039895,0.0025482343448039895,0.0025482343448039895,0.0025482343448039895,0.0025482343448039895,0.0025482343448039895,0.0025482343448039895,0.0025482343448039895,0.0025482343448039895,0.0025482343448039895,0.0025482343448039895,0.0025482343448039895,0.0025482343448039895,0.0025482343448039895,0.0026938477359356562,0.0032763013004622706,0.0034947213871597766,0.004441208429515538,0.004441208429515538,0.004441208429515538,0.004805241907344685,0.005169275385173819,0.00582453564526626,0.006188569123095407,0.006188569123095407,0.006188569123095407,0.006188569123095407,0.006188569123095407,0.006188569123095407,0.006188569123095407,0.006261375818661247,0.0066254092964903935,0.0066254092964903935,0.006261375818661247,0.006698215992056221,0.008445576685636101,0.009464870423557677,0.009464870423557677,0.009828903901386825,0.009828903901386825,0.009828903901386825,0.009828903901386825,0.009828903901386825,0.009828903901386825,0.009828903901386825,0.009828903901386825,0.010265744074781811,0.010921004334874251,0.011721877986098373,0.01208591146392752,0.013105205201849095,0.013469238679678242,0.013469238679678242,0.013469238679678242,0.013469238679678242,0.013469238679678242,0.014270112330902349,0.01528940606882395,0.01572624624221894,0.01674553998014051,0.01674553998014051,0.017109573457969658,0.017109573457969658,0.017109573457969658,0.017109573457969658,0.017109573457969658,0.017109573457969658,0.017109573457969658,0.017473606935798806,0.01783764041362794,0.018201673891457087,0.01856570736928622,0.01936658102051034,0.02038587475843193,0.020749908236261078,0.020749908236261078,0.022570075625406784,0.024390243014552494,0.024390243014552494,0.0251911166657766,0.027375317532751457,0.02803057779284391,0.028103384488409752,0.03167091257113533,0.03167091257113533,0.03531124734942675,0.03603931430508503,0.037131414738572455,0.03858754864988902,0.03895158212771816,0.04040771603903472,0.04259191690600958,0.04259191690600958,0.046232251684301,0.05278485428522555,0.05715325601917525,0.06079359079746667,0.0680742603540495,0.07171459513234092,0.07535492991063233,0.07899526468892376,0.08263559946721517,0.08991626902379801,0.09537677119123514,0.10302147422564714,0.10811794291525509,0.11539861247183793,0.12267928202842078,0.12741171724019962,0.14088095591987787,0.1509282799079622,0.16272296458962637,0.17364396892450062,0.18289041926136085,0.1918456428159577,0.19912631237254055,0.2100473167074148,0.21732798626399763,0.2374226342401663,0.2575172822163349,0.2897706483519969,0.3074626753744931,0.32653802961274014,0.34838003828248865,0.37022204695223715,0.3964324573559354,0.43210773818319126,0.45759008163123116,0.4910811615915122,0.5158354380838938,0.5449581163102252,0.5704404597582651,0.6068438075411793,0.6621768961712088,0.7124135161116303,0.7786676090765341,0.8179832246820814,0.8507462376867042,0.8798689159130355,0.8951583219818596,0.922096799341216,0.9526756114788639,0.967965017547688,0.9825263566608536,0.9825263566608536,0.9825263566608536,0.9970876957740193,0.9999999635966523,0.9905350931730947,0.9672369505920295,0.9526756114788639,0.9271932680308239,0.8980705898044926,0.8689479115781613,0.8296322959726139,0.7961412160123329,0.7713869395199513,0.7422642612936199,0.7124135161116303,0.6905715074418818,0.6650891639938419,0.6468874901023848,0.6068438075411793,0.5748088614922148,0.5376774467536423,0.5158354380838938,0.48380049203492936,0.4612304164095226,0.43574807296148266,0.4182744660256839,0.3993447251785685,0.3891517877993526,0.37750271650882,0.3556607078390715,0.34473970350419725,0.31998542701181565,0.3119766904995745,0.2974881580819746,0.28889696800520687,0.2755733427166603,0.2682926731600775,0.26028393664783633,0.25045503274644954,0.24281032971203756,0.23218055215942665,0.22824899059887188,0.22096832104228906,0.2136876514857062,0.20640698192912338,0.19956315254593548,0.1920640629026552,0.18580268708399403,0.18201673891457087,0.1784492108318453,0.17364396892450062,0.16636329936791777,0.16497997215216706,0.15544229503304352,0.1519475736458838,0.1481616254764607,0.1417546362666678,0.13724062114158644,0.1352748403613091,0.13330905958103173,0.12995995158500362,0.12850381767368702,0.1263196168067122,0.12267928202842078,0.12049508116144589,0.11874772046786605,0.11539861247183793,0.11175827769354651,0.10811794291525509,0.10629777552610939,0.10280305413894965,0.1001820130985798,0.09617764484245923,0.09355660380208942,0.09180924310850956,0.08853294180804729,0.08627593424550659,0.08598470746324328,0.08263559946721517,0.08154349903372776,0.07899526468892376,0.07899526468892376,0.07797597095100219,0.07535492991063233,0.07535492991063233,0.07535492991063233,0.07426282947714492,0.07360756921705247,0.07171459513234092,0.07171459513234092,0.07105933487224847,0.0680742603540495,0.0680742603540495,0.06698215992056208,0.06479795905358723,0.06443392557575808,0.06443392557575808,0.06232253140434907,0.06079359079746667,0.06079359079746667,0.05868219662605765,0.057517289497004395,0.05715325601917525,0.05715325601917525,0.0564979957590828,0.05351292124088383,0.05351292124088383,0.05351292124088383,0.05351292124088383,0.05249362750296223,0.051328720373908975,0.05030942663598739,0.04987258646259241,0.04987258646259241,0.04987258646259241,0.04914451950693413,0.04666909185769597,0.046232251684301,0.046232251684301,0.046232251684301,0.046232251684301,0.04594102490203769,0.044120857512891985,0.04302875707940455,0.04259191690600958,0.04259191690600958,0.04259191690600958,0.04259191690600958,0.04259191690600958,0.04259191690600958,0.0398252624745081,0.03895158212771816,0.03895158212771816,0.03895158212771816,0.03829632186762571,0.03531124734942675,0.03531124734942675,0.03531124734942675,0.03400072682924185,0.03247178622235944,0.03174371926670117,0.03167091257113533,0.03167091257113533,0.031306879093306185,0.029195484921897167,0.028394611270673057,0.02803057779284391,0.02803057779284391,0.026283217099264043,0.024463049710118333,0.024390243014552494,0.024390243014552494,0.023370949276630894,0.02220604214757764,0.02147797519191936,0.020749908236261078,0.020749908236261078,0.02038587475843193,0.018929740847115368,0.017109573457969658,0.017109573457969658,0.017109573457969658,0.016454313197877206,0.01601747302448223,0.01601747302448223,0.015653439546653096,0.014925372590994803,0.013978885548639054,0.013469238679678242,0.013469238679678242,0.013469238679678242,0.013469238679678242,0.013469238679678242,0.013469238679678242,0.013469238679678242,0.013469238679678242,0.013105205201849095,0.012741171724019961,0.01244994494175664,0.012377138246190814,0.01208591146392752,0.012377138246190814,0.01244994494175664,0.012813978419585788,0.013178011897414934,0.013105205201849095,0.012741171724019961,0.011430651203835053,0.010993811030440078,0.010993811030440078,0.009828903901386825,0.009828903901386825,0.009828903901386825,0.009828903901386825,0.009828903901386825,0.009828903901386825,0.009828903901386825,0.009828903901386825,0.009828903901386825,0.009828903901386825,0.008736803467899396,0.0066254092964903935,0.006188569123095407,0.006188569123095407,0.006188569123095407,0.004222788342818058,0.0029850745181989762,0.0029122678226331366,0.0029122678226331366
9050700,0.0,0.0,0.0003110419422952364,0.001555209711475961,0.001555209711475961,0.001555209711475961,0.001555209711475961,0.001555209711475961,0.001555209711475961,0.001555209711475961,0.001555209711475961,0.001555209711475961,0.001555209711475961,0.001555209711475961,0.001555209711475961,0.001555209711475961,0.001555209711475961,0.001555209711475961,0.001555209711475961,0.001555209711475961,0.001555209711475961,0.001555209711475961,0.001555209711475961,0.001555209711475961,0.001555209711475961,0.001555209711475961,0.001555209711475961,0.001555209711475961,0.001555209711475961,0.0034214613652471582,0.01710730682623535,0.01710730682623535,0.01710730682623535,0.01710730682623535,0.01710730682623535,0.01710730682623535,0.01866251653771131,0.01866251653771131,0.02021772624918727,0.020528768191482395,0.021772935960663122,0.021772935960663122,0.021772935960663122,0.02208397790295836,0.024883355383615042,0.025505439268205515,0.030171068402633287,0.03265940394099474,0.03265940394099474,0.03265940394099474,0.03265940394099474,0.035147739479356184,0.04043545249837443,0.04416795580591672,0.04821150105575412,0.04821150105575412,0.04821150105575412,0.04821150105575412,0.04821150105575412,0.04821150105575412,0.04821150105575412,0.04821150105575412,0.04821150105575412,0.04821150105575412,0.04821150105575412,0.04821150105575412,0.04821150105575412,0.04821150105575412,0.04821150105575412,0.04821150105575412,0.04821150105575412,0.04821150105575412,0.06594089176657983,0.0793156952852729,0.11041988951479167,0.11041988951479167,0.11073093145708691,0.11290822505315312,0.11726281224528588,0.11726281224528588,0.11975114778364733,0.11975114778364733,0.11975114778364733,0.11975114778364733,0.11975114778364733,0.11290822505315312,0.08242611470822493,0.050077752709525324,0.049766710767230084,0.050077752709525324,0.05194400436329641,0.050077752709525324,0.049766710767230084,0.049766710767230084,0.049766710767230084,0.03265940394099474,0.031104194229518774,0.031104194229518774,0.031104194229518774,0.031104194229518774,0.031104194229518774,0.031104194229518774,0.023950229556729555,0.01710730682623535,0.01710730682623535,0.013996887403283427,0.013996887403283427,0.011508551864921978,0.009331258268855655,0.0021772935960664335,0.001555209711475961,0.001555209711475961,0.001555209711475961,0.001555209711475961,0.001555209711475961,0.001555209711475961,0.001555209711475961,0.001555209711475961,0.0018662516537711973,0.003110419422951922,0.003110419422951922,0.003110419422951922,0.0034214613652471582,0.006531880788198969,0.011508551864921978,0.013996887403283427,0.013996887403283427,0.013996887403283427,0.013996887403283427,0.015863139057054623,0.01710730682623535,0.01710730682623535,0.01710730682623535,0.01710730682623535,0.01710730682623535,0.02021772624918727,0.026438565095091,0.031104194229518774,0.03265940394099474,0.04074649444066978,0.04821150105575412,0.049766710767230084,0.049766710767230084,0.049766710767230084,0.049766710767230084,0.049766710767230084,0.049766710767230084,0.049766710767230084,0.06034213680526735,0.14463450316726592,0.318817990852568,0.3437013462361825,0.3437013462361825,0.3530326045050389,0.39035763758046066,0.5956453194952849,0.6702953856461297,0.6889579021838411,0.7480558712199266,0.7636079683346859,0.7791600654494454,0.7791600654494454,0.7791600654494454,0.7791600654494454,0.7822704848723975,0.7947121625642047,0.7947121625642047,0.8413684539084829,0.8880247452527611,0.9346810365970393,0.9813373279413173,0.9844477473642695,0.9999998444790288,0.9844477473642695,0.9813373279413173,0.9377914560199914,0.9346810365970393,0.9097976812134247,0.8880247452527611,0.8880247452527611,0.8880247452527611,0.8724726481380016,0.8413684539084829,0.8413684539084829,0.8258163567937236,0.7822704848723975,0.7791600654494454,0.7636079683346859,0.6951787410297452,0.6329703525707074,0.5620527897274044,0.561430705842814,0.561430705842814,0.561430705842814,0.5654742510926515,0.5654742510926515,0.5654742510926515,0.5738723835346218,0.5738723835346218,0.5654742510926515,0.5654742510926515,0.5654742510926515,0.561430705842814,0.561430705842814,0.5620527897274044,0.5654742510926515,0.5654742510926515,0.5735613415923267,0.591290732303152,0.5934680258992183,0.6121305424369298,0.6553653724159609,0.6914462377222024,0.7013995798756484,0.7013995798756484,0.7013995798756484,0.7107308381445047,0.7480558712199266,0.7480558712199266,0.7480558712199266,0.7511662906428788,0.7636079683346859,0.7636079683346859,0.7636079683346859,0.7636079683346859,0.7636079683346859,0.7480558712199266,0.7480558712199266,0.7480558712199266,0.7480558712199266,0.7480558712199266,0.7480558712199266,0.7480558712199266,0.7480558712199266,0.7480558712199266,0.7356141935281193,0.7325037741051672,0.7013995798756484,0.7013995798756484,0.7013995798756484,0.676516224492034,0.6547432885313702,0.641057443070382,0.608086997187092,0.608086997187092,0.5676515446887183,0.5514773636893682,0.5514773636893682,0.5340590149208377,0.5340590149208377,0.5576982025352724,0.5576982025352724,0.5340590149208377,0.4933125204801683,0.4167962026755517,0.3779159598886532,0.3779159598886532,0.3779159598886532,0.3779159598886532,0.3779159598886532,0.3779159598886532,0.3440123881784776,0.3437013462361825,0.3281492491214231,0.3135302778335493,0.30979777452600715,0.306687355103055,0.30637631316075986,0.30637631316075986,0.30637631316075986,0.30637631316075986,0.30637631316075986,0.30637631316075986,0.30637631316075986,0.30637631316075986,0.30637631316075986,0.30637631316075986,0.2970450548919043,0.2970450548919043,0.28149295777714495,0.2503887635476262,0.23483666643286677,0.23483666643286677,0.2192845693181074,0.20684289162630015,0.18818037508858862,0.18818037508858862,0.18818037508858862,0.18818037508858862,0.16516327135874487,0.15583201308988912,0.15396576143611793,0.15147742589775648,0.1508553420131661,0.14339033539808166,0.13468116101381636,0.12752719634102702,0.12161739943741842,0.12006218972594257,0.11975114778364733,0.11975114778364733,0.0793156952852729,0.06220838845903755,0.060964220689856824,0.050699836594115796,0.04821150105575412,0.06065317874756159,0.06065317874756159,0.06065317874756159,0.060964220689856824,0.06220838845903755,0.06220838845903755,0.06220838845903755,0.06220838845903755,0.060964220689856824,0.06065317874756159,0.06065317874756159,0.06065317874756159,0.06065317874756159,0.06065317874756159,0.05940901097838087,0.057853801266905015,0.057853801266905015,0.057542759324609775,0.05349921407477237,0.05349921407477237,0.05349921407477237,0.05349921407477237,0.05163296242100117,0.04821150105575412,0.04821150105575412,0.04821150105575412,0.04821150105575412,0.03576982336394666,0.03265940394099474,0.03265940394099474,0.03265940394099474,0.03265940394099474,0.029548984518042814,0.018973558480006546,0.01710730682623535,0.01710730682623535,0.01710730682623535,0.01710730682623535,0.01710730682623535,0.01710730682623535,0.01710730682623535,0.01710730682623535,0.001555209711475961,0.001555209711475961,0.001555209711475961,0.001555209711475961,0.001555209711475961,0.001555209711475961,0.001555209711475961,0.001555209711475961,0.001555209711475961,0.001555209711475961,0.001555209711475961,0.001555209711475961,0.001555209711475961,0.001555209711475961,0.001555209711475961,0.001555209711475961,0.001555209711475961,0.001555209711475961
9057500,0.29141103549562786,0.29141103549562786,0.2893660457728515,0.28885479834215744,0.28885479834215744,0.28885479834215744,0.286298561188687,0.28425357146591074,0.2837423240352166,0.2837423240352166,0.2816973343124403,0.2811860868817462,0.2811860868817462,0.2811860868817462,0.2811860868817462,0.27862984972827576,0.27862984972827576,0.27862984972827576,0.27862984972827576,0.27862984972827576,0.27862984972827576,0.27862984972827576,0.27862984972827576,0.2765848600054995,0.27607361257480534,0.27607361257480534,0.27607361257480534,0.27607361257480534,0.2735173754213349,0.2735173754213349,0.2735173754213349,0.27147238569855864,0.2709611382678645,0.2709611382678645,0.2709611382678645,0.2684049011143941,0.2684049011143941,0.2663599113916178,0.26584866396092366,0.26584866396092366,0.26584866396092366,0.26584866396092366,0.26584866396092366,0.26329242680745324,0.26329242680745324,0.25869119993120654,0.2561349627777361,0.255623715347042,0.24795500388663072,0.24335377701038402,0.24028629242621946,0.23773005527274904,0.23773005527274904,0.23773005527274904,0.23773005527274904,0.23773005527274904,0.23773005527274904,0.23773005527274904,0.23517381811927862,0.23517381811927862,0.23517381811927862,0.23517381811927862,0.23312882839650234,0.23312882839650234,0.23517381811927862,0.23517381811927862,0.23517381811927862,0.23517381811927862,0.23517381811927862,0.23517381811927862,0.23517381811927862,0.23517381811927862,0.23517381811927862,0.23517381811927862,0.23517381811927862,0.23517381811927862,0.23517381811927862,0.23568506554997276,0.23773005527274904,0.23773005527274904,0.23773005527274904,0.24028629242621946,0.24028629242621946,0.24028629242621946,0.24028629242621946,0.24028629242621946,0.24028629242621946,0.23824130270344318,0.23773005527274904,0.23773005527274904,0.23773005527274904,0.23773005527274904,0.23773005527274904,0.23568506554997276,0.2239263746440089,0.21267893116873898,0.20756645686179814,0.20501021970832772,0.20449897227763358,0.20194273512416316,0.19989774540138688,0.19734150824791646,0.1942740236637519,0.18200408532709395,0.17382412643598855,0.10991819759922805,0.10736196044575763,0.10480572329228721,0.10224948613881679,0.09713701183187595,0.09713701183187595,0.09458077467840553,0.09202453752493511,0.08946830037146469,0.08486707349521798,0.08271983428630279,0.07586911871500208,0.07208588772786588,0.06901840314370133,0.06901840314370133,0.06426380203824636,0.06186093911398421,0.04698363888078663,0.03885480473275043,0.0383435573020563,0.035582821176308246,0.03415132837036481,0.016922289955974154,0.015593046636169547,0.015337422920822519,0.015337422920822519,0.013343557941115589,0.009815950669326421,0.00511247430694084,0.00511247430694084,0.00511247430694084,0.00511247430694084,0.00511247430694084,0.00511247430694084,0.00255623715347042,0.00255623715347042,0.00255623715347042,0.00255623715347042,0.00255623715347042,0.00255623715347042,0.00255623715347042,0.0019427402366375321,0.0003578732014858966,0.0,0.0005112474306941275,0.0005112474306941275,0.00255623715347042,0.00255623715347042,0.00255623715347042,0.00255623715347042,0.00255623715347042,0.002607361896539818,0.0047034763623855814,0.005470347508426736,0.007668711460411259,0.01022494861388168,0.01022494861388168,0.01022494861388168,0.01022494861388168,0.011298568218339296,0.012576686795074506,0.013548056913393218,0.013548056913393218,0.013599181656462653,0.016155418809933073,0.01671779098369656,0.02044989722776336,0.02990797469560392,0.04498977390107952,0.061349691683290075,0.07413087745064217,0.07413087745064217,0.07924335175758301,0.08179958891105343,0.09253578495562924,0.10582821815367548,0.11860940392102758,0.16359917782210687,0.17893660074292939,0.2024539825548573,0.30521471612436823,0.3471370054412832,0.39826174851069157,0.44325152241177107,0.503578719233673,0.5337423176446239,0.5705521326545978,0.5853783081447261,0.6058282053724895,0.6165644014170654,0.6288343397537233,0.6467279998280162,0.6543967112884275,0.6646216599023091,0.6774028456696612,0.6799590828231317,0.6876277942835429,0.6952965057439542,0.7029652172043654,0.7131901658182471,0.7208588772786584,0.7259713515855992,0.7315950733232341,0.7361963001994809,0.7469324962440568,0.7515337231203034,0.7540899602737738,0.7617586717341851,0.7694273831945964,0.7847648061154189,0.8006134764669358,0.8205521262640048,0.8358895491848273,0.8435582606452385,0.8512269721056498,0.856850693843285,0.864519405303696,0.8793455807938244,0.8895705294077061,0.9023517151750582,0.9130879112196343,0.9330265610167032,0.9514314685216906,0.9637014068583483,0.9739263554722299,0.9815950669326412,0.984662551516806,0.9897750258237469,0.9943762526999933,0.9943762526999933,0.9948875001306877,0.9948875001306877,0.9969324898534637,0.9974437372841578,0.9999999744376286,0.9999999744376286,0.9969324898534637,0.9943762526999933,0.9918200155465229,0.984662551516806,0.9718813657494539,0.9642126542890427,0.956032695397937,0.9345603033087856,0.913599158650328,0.8875255396849301,0.8619631681502259,0.8537832092591202,0.846114497798709,0.8364007966155217,0.8205521262640048,0.8154396519570639,0.8057259507738767,0.797545991882771,0.7878322906995837,0.7745398575015372,0.7571574448579387,0.748977485966833,0.7413087745064217,0.7361963001994809,0.7269938464469876,0.7157464029717175,0.7080776915113063,0.700408980050895,0.6978527428974246,0.6952965057439542,0.6952965057439542,0.6927402685904838,0.6855828045607667,0.6610429278874507,0.6416155255210754,0.6313905769071937,0.6262781026002529,0.6160531539863712,0.6114519271101245,0.6012269784962428,0.5910020298823612,0.5833333184219499,0.5802658338377853,0.5731083698080682,0.5521472251496107,0.5398772868129528,0.5393660393822586,0.5316973279218473,0.5189161421544952,0.5138036678475544,0.511247430694084,0.5061349563871431,0.5035787192336727,0.4938650180504852,0.48568505915937976,0.48312882200590934,0.47290387339202766,0.4652351619316164,0.4427402749810767,0.414110418862208,0.3987729959413855,0.38343557302056297,0.3604294386393292,0.35531696433238835,0.3476482528719771,0.3450920157185067,0.3404907888422599,0.33997954141156583,0.3374233042580954,0.334867067104625,0.3323108299511546,0.32975459279768415,0.3277096030749078,0.32719835564421373,0.32004089161449656,0.31697340703033206,0.31441716987686164,0.3118609327233912,0.3098159430006149,0.3067484584164504,0.3021472315402036,0.2995909943867332,0.2990797469560391,0.2965235098025687,0.29192228292632194,0.29141103549562786,0.28885479834215744,0.286298561188687,0.286298561188687,0.2837423240352166,0.2837423240352166,0.2816973343124403,0.27862984972827576,0.27862984972827576,0.27862984972827576,0.27402862285202906,0.2735173754213349,0.2709611382678645,0.2684049011143941,0.2684049011143941,0.2684049011143941,0.2663599113916178,0.2663599113916178,0.2663599113916178,0.2684049011143941,0.2684049011143941,0.2684049011143941,0.2684049011143941,0.2684049011143941,0.2709611382678645,0.2709611382678645,0.2709611382678645,0.2735173754213349,0.2735173754213349,0.27607361257480534,0.27862984972827576,0.27862984972827576,0.27862984972827576,0.27862984972827576,0.2811860868817462,0.2811860868817462,0.2811860868817462,0.2811860868817462,0.2816973343124403,0.2837423240352166
9058000,0.038179147610514726,0.038179147610514726,0.038179147610514726,0.038179147610514726,0.03524229010201354,0.03267253978207508,0.03267253978207508,0.03083700383926186,0.03083700383926186,0.027165931953635425,0.02569750319938504,0.02533039601082221,0.023861967256571824,0.021659324125195775,0.021659324125195775,0.01982378818238256,0.014684287542505737,0.008810572525503255,0.005506607828439443,0.00513950063987682,0.0036710718856264343,0.003303964697063603,0.003303964697063603,0.003303964697063603,0.003303964697063603,0.003303964697063603,0.003303964697063603,0.003303964697063603,0.003303964697063603,0.003303964697063603,0.003303964697063603,0.003303964697063603,0.003303964697063603,0.003303964697063603,0.003303964697063603,0.003303964697063603,0.003303964697063603,0.0018355359428132172,0.0018355359428132172,0.003303964697063603,0.003303964697063603,0.0018355359428132172,0.0014684287542503858,0.0014684287542503858,0.0014684287542503858,0.0,0.0014684287542503858,0.0014684287542503858,0.0018355359428132172,0.003303964697063603,0.003303964697063603,0.0036710718856264343,0.005506607828439443,0.008810572525503255,0.010646108468316472,0.011013215656879302,0.01248164441112969,0.01248164441112969,0.01248164441112969,0.01248164441112969,0.014317180353942907,0.014684287542505737,0.016519823485318955,0.02349486006800899,0.02349486006800899,0.02533039601082221,0.029001467896448644,0.03083700383926186,0.03267253978207508,0.03267253978207508,0.034508075724888294,0.03854625479907756,0.04001468355332795,0.04001468355332795,0.041850219496141164,0.04772393451314365,0.05102789921020725,0.05469897109583368,0.05837004298146012,0.06387665080989977,0.0675477226955262,0.07121879458115264,0.07709250959815513,0.0877386180664716,0.09361233308347387,0.10609397749460377,0.11527165720866984,0.12114537222567233,0.1395007316538045,0.14647576823649455,0.15234948325349681,0.16666666360743992,0.18135095114994568,0.1941997027496382,0.20154184652089105,0.21402349093202105,0.22980910004021476,0.24045520850853125,0.2529368529196611,0.2676211404621669,0.27349485547916924,0.2826725351932353,0.2896475717759255,0.30800293120405764,0.3153450749753105,0.32488986187793933,0.33773861347763184,0.34544786443744746,0.35058736507732435,0.3527900082087003,0.35646108009432675,0.3527900082087003,0.35646108009432675,0.3619676879227664,0.3649045454312674,0.3759177610881467,0.3814243689165863,0.38509544080221275,0.3854625479907755,0.3872980839335887,0.39133626300777785,0.40014683553328123,0.40381790741890766,0.4052863361731582,0.4052863361731582,0.4052863361731582,0.4111600511901605,0.41446401588722426,0.41483112307578696,0.4199706237156639,0.426211445921229,0.43832598314379606,0.45117473474348857,0.482745952959876,0.49412627580531804,0.49779734769094425,0.513582956799138,0.5279001371530814,0.5554331762952794,0.5708516782149105,0.5730543213462862,0.5767253932319129,0.5822320010603527,0.5925110023401063,0.5925110023401063,0.5866372873231042,0.580763572306102,0.5730543213462862,0.5466226037697761,0.5143171711762632,0.49412627580531804,0.4779735595085616,0.4607195216461174,0.4530102706863018,0.4478707700464249,0.44419969816079846,0.4390601975209213,0.4350220184467324,0.43465491125816963,0.4151982302643497,0.4093245152473473,0.3964757636476548,0.3854625479907755,0.38325990485939954,0.37408222514533346,0.35976504479139043,0.3476505075688234,0.3450807572488847,0.3432452213060715,0.3476505075688234,0.35976504479139043,0.3623347951113291,0.3744493323338962,0.38509544080221275,0.39133626300777785,0.41593244464147494,0.4361233400124203,0.46218795040036786,0.47503670200006043,0.497063133313819,0.5172540286847644,0.541483103129899,0.5818648938717897,0.6149045408424276,0.6222466846136805,0.6431717943617511,0.6552863315843184,0.6674008688068856,0.6934654791948335,0.7143905889429041,0.733847269936724,0.7488986646677923,0.7650513809645487,0.7801027756956171,0.7911159913524964,0.7944199560495602,0.8021292070093758,0.8091042435920659,0.8149779586090683,0.8223201023803209,0.8329662108486378,0.8388399258656402,0.8458149624483303,0.8531571062195832,0.8549926421623963,0.860499249990836,0.8660058578192756,0.8696769297049021,0.8715124656477153,0.8737151087790913,0.8806901453617814,0.8828927884931573,0.8898678250758475,0.8972099688471004,0.9085902916925424,0.919236400160859,0.9258443295549866,0.9401615099089294,0.94713654649162,0.9504405111886838,0.9526431543200597,0.9544786902628725,0.9559471190171234,0.9581497621484993,0.963656369976939,0.9687958706168159,0.9816446222165085,0.9816446222165085,0.9853156941021349,0.9926578378733878,0.9985315528903901,0.9999999816446407,0.9985315528903901,0.9948604810047637,0.994493373816201,0.9853156941021349,0.9732011568795674,0.963656369976939,0.9559471190171234,0.9438325817945563,0.9247430079892986,0.9118942563896061,0.9030836838641028,0.8917033610186607,0.8726137872134033,0.8586637140480228,0.846182069636893,0.8348017467914509,0.8186490304946947,0.8072687076492527,0.78744491946687,0.7782672397528038,0.7672540240959247,0.7577092371932959,0.7485315574792297,0.7411894137079769,0.7305433052396603,0.7176945536399678,0.7063142307945258,0.6934654791948333,0.6861233354235804,0.6787811916523275,0.665932440052635,0.6512481525101292,0.6383994009104368,0.623715113367931,0.6127018977110517,0.6071952898826121,0.5998531461113592,0.5961820742257328,0.5888399304544799,0.5833333226260402,0.5708516782149105,0.5635095344436576,0.550660782843965,0.5378120312442726,0.5172540286847644,0.5099118849135116,0.48972098954256615,0.4823788457713133,0.47503670200006043,0.46585902228599435,0.45704844976049097,0.454845806629115,0.44933919880067535,0.4438325909722357,0.4350220184467324,0.4111600511901605,0.39610865645909205,0.3887665126878392,0.38325990485939954,0.37408222514533346,0.3667400813740806,0.3575624016600145,0.3428781141175088,0.330396469706379,0.32488986187793933,0.31754771810668647,0.31167400308968407,0.3043318593184312,0.29515417960436513,0.28414096394748584,0.27349485547916924,0.260278996690914,0.25146842416541065,0.23861967256571823,0.23274595754871574,0.22026431313758607,0.2147577053091464,0.20778266872645615,0.20007341776664067,0.1927312739953878,0.18685755897838532,0.1831864870927589,0.17804698645288206,0.1725403786244424,0.16519823485318955,0.15969162702474968,0.15381791200774741,0.14867841136787058,0.14831130417930777,0.14317180353943093,0.13729808852242845,0.12812040880836237,0.1207782650371095,0.11527165720866984,0.11343612126585663,0.1082966206259796,0.10425844155179055,0.0954478690262873,0.09508076183772446,0.0877386180664716,0.08443465336940799,0.08039647429521872,0.07488986646677907,0.07121879458115264,0.06314243643277452,0.05837004298146012,0.053230542341583295,0.045888398570330426,0.041850219496141164,0.03854625479907756,0.034508075724888294,0.03267253978207508,0.03267253978207508,0.03083700383926186,0.029001467896448644,0.029001467896448644,0.027533039142198047,0.027533039142198047,0.027533039142198047,0.027165931953635425,0.02569750319938504,0.02569750319938504,0.02569750319938504,0.02533039601082221,0.02533039601082221,0.027165931953635425,0.027165931953635425,0.027165931953635425,0.027165931953635425,0.027165931953635425,0.029001467896448644,0.029001467896448644,0.029001467896448644,0.03083700383926186
9059500,0.0019762844873377245,0.0019762844873377245,0.0019762844873377245,0.0019762844873377245,0.0019762844873377245,0.0019762844873377245,0.0019762844873377245,0.0019762844873377245,0.0019762844873377245,0.0019762844873377245,0.0019762844873377245,0.0019762844873377245,0.0019762844873377245,0.0019762844873377245,0.0019762844873377245,0.0019762844873377245,0.0019762844873377245,0.0019762844873377245,0.0019762844873377245,0.0019762844873377245,0.0019762844873377245,0.0019762844873377245,0.0019762844873377245,0.0019762844873377245,0.0019762844873377245,0.0019762844873377245,0.0019762844873377245,0.0019762844873377245,0.0019762844873377245,0.0019762844873377245,0.0019762844873377245,0.0019762844873377245,0.0019762844873377245,0.0019762844873377245,0.0019762844873377245,0.0019762844873377245,0.0015810275898701885,0.0010869564680357595,0.0004940711218344289,0.0005928853462013305,9.881422436688403e-05,0.0,9.881422436688403e-05,0.0,0.0,0.0,0.0,0.0009881422436688668,0.0009881422436688668,0.0014822133655032956,0.0014822133655032956,0.0015810275898701885,0.0019762844873377245,0.0019762844873377245,0.0019762844873377245,0.0019762844873377245,0.0019762844873377245,0.0019762844873377245,0.0019762844873377245,0.0019762844873377245,0.0019762844873377245,0.0019762844873377245,0.0019762844873377245,0.0019762844873377245,0.0019762844873377245,0.0020750987117046085,0.00345849785284102,0.0049407112183443075,0.0069169957056820315,0.0069169957056820315,0.0069169957056820315,0.0069169957056820315,0.0069169957056820315,0.0069169957056820315,0.010375493558523043,0.011857706924026339,0.011857706924026339,0.011857706924026339,0.013833991411364063,0.01531620477686735,0.016798418142370646,0.016798418142370646,0.016798418142370646,0.018280631507873943,0.021739129360714954,0.021739129360714954,0.021739129360714954,0.021837943585081836,0.024209484969887108,0.026284583681591724,0.026679840579059262,0.026679840579059262,0.029150196188231413,0.03162055179740357,0.032608694041072424,0.036067191893913435,0.03656126301574787,0.038636361727452495,0.04150197423409218,0.04150197423409218,0.04644268545243649,0.049505926407809965,0.0513833966707808,0.056324107889125105,0.06126481910746941,0.06877470015935278,0.07213438378782688,0.08102766398084663,0.09090908641753524,0.10079050885422386,0.11067193129091248,0.1226284524393057,0.1358695585044685,0.15019762103766693,0.16996046591104416,0.18853754009201878,0.20177864615718155,0.22282607594732826,0.23913042296786446,0.25889326784124167,0.27618575710544674,0.2944663886133208,0.3141304192623311,0.33083002318033483,0.3557312077207902,0.37747033708150507,0.392292470736538,0.418379425969396,0.437450571272205,0.4664031390117026,0.49110669510342414,0.5256916736318343,0.5513833719672248,0.5899209194703103,0.6057311953690122,0.6442687428720977,0.6749011524258325,0.713438699928918,0.7579051008940167,0.7885375104477516,0.8320157691691814,0.8577074675045717,0.8873517348146376,0.9021738684696705,0.9160078598810346,0.9219367133430477,0.9377469892417497,0.9664031143081464,0.9762845367448351,0.9901185281561992,0.991106670399868,0.9999999505928878,0.9999999505928878,0.9901185281561992,0.9802371057195106,0.9802371057195106,0.9654149720644777,0.9456521271911004,0.9209485710993789,0.906126437444346,0.8715414589159358,0.8428853338495388,0.8171936355141485,0.7875493682040826,0.7588932431376857,0.7233201223656066,0.684782574862521,0.6452568851157666,0.6146244755620318,0.5859683504956349,0.5563240831855691,0.5167983934388146,0.49110669510342414,0.4664031390117026,0.4369565001503706,0.40859681775707424,0.38201579140238184,0.3518774529704816,0.33300393611640633,0.3145256761597986,0.29841895758799614,0.27865611271461893,0.26027666698237817,0.23913042296786446,0.22687745914637064,0.21581026601727937,0.2045454444394543,0.19634386381700278,0.18507904223917776,0.1723320072958494,0.16501975469269986,0.16007904347435556,0.15375493311487481,0.14525690981932263,0.14031619860097833,0.1304347761642897,0.1254940649459454,0.12055335372760109,0.11067193129091248,0.10345849291212982,0.09930829548872058,0.09496046961657757,0.09090908641753524,0.08596837519919094,0.08102766398084663,0.07608695276250234,0.07322134025586265,0.07114624154415802,0.06620553032581372,0.06571145920397928,0.06126481910746941,0.058794463498297256,0.056324107889125105,0.05543477986982313,0.0513833966707808,0.0513833966707808,0.04644268545243649,0.04644268545243649,0.04150197423409218,0.04150197423409218,0.03962450397112137,0.03656126301574787,0.03656126301574787,0.03656126301574787,0.03320157938727375,0.03162055179740357,0.03162055179740357,0.03162055179740357,0.0272727259252606,0.026679840579059262,0.026679840579059262,0.026185769457224832,0.025197627213555965,0.023320156950585143,0.022233200482549384,0.021739129360714954,0.021739129360714954,0.021739129360714954,0.021739129360714954,0.021739129360714954,0.021739129360714954,0.021739129360714954,0.021739129360714954,0.021739129360714954,0.021739129360714954,0.021245058238880524,0.019466402200276595,0.017786560386039506,0.016798418142370646,0.016798418142370646,0.016798418142370646,0.016798418142370646,0.016798418142370646,0.016798418142370646,0.01640316124490311,0.01630434702053622,0.01630434702053622,0.01531620477686735,0.01531620477686735,0.014426876757565377,0.014426876757565377,0.014426876757565377,0.014426876757565377,0.014822133655032921,0.01531620477686735,0.01531620477686735,0.01581027589870179,0.016798418142370646,0.016798418142370646,0.016798418142370646,0.016798418142370646,0.016798418142370646,0.016798418142370646,0.016798418142370646,0.016798418142370646,0.016798418142370646,0.016798418142370646,0.016798418142370646,0.016798418142370646,0.016798418142370646,0.016798418142370646,0.016798418142370646,0.016798418142370646,0.016798418142370646,0.01689723236673753,0.017786560386039506,0.018873516854075265,0.01976284487337723,0.020750987117046097,0.021343872463247416,0.021739129360714954,0.021739129360714954,0.021739129360714954,0.021739129360714954,0.021739129360714954,0.021739129360714954,0.021739129360714954,0.021739129360714954,0.021739129360714954,0.021739129360714954,0.021739129360714954,0.021837943585081836,0.022233200482549384,0.02272727160438381,0.02272727160438381,0.02272727160438381,0.022826085828750713,0.022826085828750713,0.022826085828750713,0.022826085828750713,0.02272727160438381,0.02272727160438381,0.022233200482549384,0.021739129360714954,0.021739129360714954,0.021739129360714954,0.021739129360714954,0.021739129360714954,0.021739129360714954,0.021245058238880524,0.01976284487337723,0.017885374610406405,0.016798418142370646,0.016798418142370646,0.016798418142370646,0.016798418142370646,0.016798418142370646,0.01630434702053622,0.014822133655032921,0.012944663392062098,0.011857706924026339,0.011857706924026339,0.011857706924026339,0.011857706924026339,0.011857706924026339,0.011857706924026339,0.011857706924026339,0.01136363580219191,0.01086956468035748,0.009980236661055499,0.008893280193019756,0.007509881051883345,0.0069169957056820315,0.0069169957056820315,0.0069169957056820315,0.0069169957056820315,0.0069169957056820315,0.0069169957056820315,0.0069169957056820315,0.0069169957056820315,0.0069169957056820315,0.005928853462013174,0.005928853462013174,0.005928853462013174,0.005434782340178736,0.004545454320876763,0.00345849785284102,0.0029644267310065826,0.0029644267310065826,0.0024703556091721537,0.0019762844873377245,0.0019762844873377245,0.0019762844873377245,0.0019762844873377245,0.0019762844873377245,0.0019762844873377245
9063000,0.007357888716644,0.007357888716644,0.007357888716644,0.006998967315832117,0.007357888716644,0.006998967315832117,0.006998967315832117,0.007357888716644,0.007357888716644,0.007357888716644,0.007357888716644,0.007357888716644,0.007357888716644,0.007357888716644,0.007357888716644,0.006909236965629131,0.006909236965629131,0.00625869192665756,0.006236259339106809,0.006236259339106809,0.005967068288497871,0.005406253599729285,0.0038135398836264536,0.0029386689691474678,0.001861904766711739,0.0017497418289580218,0.0017497418289580218,0.0017497418289580218,0.0017497418289580218,0.0017497418289580218,0.0017497418289580218,0.0017497418289580218,0.0017497418289580218,0.0017497418289580218,0.0017497418289580218,0.0017497418289580218,0.0017497418289580218,0.0017497418289580218,0.0017497418289580218,0.0017497418289580218,0.0017497418289580218,0.0017497418289580218,0.0016375788912043046,0.0010094664397834845,0.0007402753891745473,0.00017946070040595146,0.0,0.0,0.00017946070040595146,0.00017946070040595146,0.0002916236381596786,0.0010094664397834845,0.0016375788912043046,0.0017497418289580218,0.0017497418289580218,0.0017497418289580218,0.0017497418289580218,0.0017497418289580218,0.0017497418289580218,0.0017497418289580218,0.0027816408562922478,0.0037911072960757223,0.003993000584032405,0.004262191634641342,0.004553815272801011,0.005024899611366631,0.005114629961569616,0.005114629961569616,0.005338955837077051,0.00547355136238152,0.006124096401353091,0.006236259339106809,0.006797074027875394,0.007357888716644,0.007357888716644,0.007582214592151434,0.008479518094181192,0.009601147471718384,0.010722776849255595,0.010790074611907828,0.012315490565358406,0.012966035604329977,0.012966035604329977,0.01408766498186717,0.015209294359404362,0.016330923736941574,0.017452553114478766,0.018574182492015957,0.018574182492015957,0.01969581186955315,0.021939070624627553,0.023083132589715474,0.024182329379701935,0.024182329379701935,0.024182329379701935,0.024182329379701935,0.02799586926332844,0.03539862315507389,0.03539862315507389,0.03539862315507389,0.03539862315507389,0.03539862315507389,0.04437165817537146,0.046614916930445845,0.046614916930445845,0.05446632257320621,0.0578312107058178,0.0578312107058178,0.06904750448118976,0.07151508911177162,0.08026379825656171,0.09148009203193366,0.10269638580730563,0.11391267958267758,0.125353299233557,0.13858852588849588,0.15002914553937527,0.16909684495750762,0.1812104422349093,0.19242673601028126,0.20364302978565324,0.22293505507929298,0.2372919111117691,0.24850820488714107,0.259724498662513,0.27228674769092964,0.2924760764865991,0.30257074088443386,0.31221675353125383,0.326124957812715,0.3516981076205631,0.37188743641623256,0.39432002396697646,0.4167526115177204,0.4391851990684643,0.469693518137476,0.517699255496068,0.5621157788465411,0.6089998868275959,0.651397477298502,0.6861679880021547,0.7308088372281353,0.7736550794500562,0.8133607594148728,0.8443177302348995,0.8674232954121659,0.9048857166219081,0.9452643742132473,0.9775673002863183,0.9991025843350325,0.9999998878370622,0.9999998878370622,0.9999998878370622,0.9999998878370622,0.9892322458127052,0.9775673002863183,0.9663510065109463,0.9369643168194718,0.9008478508627742,0.8654043625325988,0.8429717749818548,0.8205391874311109,0.7803848557152795,0.7438197380075668,0.7083762496773912,0.6760733236043199,0.6469109597883531,0.6168512924703562,0.5737807243729278,0.5504508333201541,0.517699255496068,0.48651795880053395,0.4616177866192082,0.4391851990684643,0.40912553175046745,0.39432002396697646,0.38310373019160454,0.36358737902245736,0.34945484886548867,0.3355466445840275,0.31692759691691,0.3050383255150158,0.2924760764865991,0.2821570862132569,0.270940792437885,0.259724498662513,0.24850820488714107,0.2372919111117691,0.22944050546900874,0.22069179632421865,0.2103728060508764,0.20364302978565324,0.19242673601028126,0.1812104422349093,0.17896718347983492,0.16999414845953736,0.1637130239453291,0.15877785468416541,0.15877785468416541,0.15115077491691248,0.14756156090879344,0.14756156090879344,0.14105611051907774,0.1363452671334215,0.1363452671334215,0.12871818736616855,0.12512897335804954,0.12512897335804954,0.11727756771528917,0.11391267958267758,0.10942616207252881,0.10269638580730563,0.10269638580730563,0.09596660954208243,0.09148009203193366,0.09148009203193366,0.09148009203193366,0.08699357452178488,0.08026379825656171,0.08026379825656171,0.08026379825656171,0.08026379825656171,0.07487997724438317,0.06904750448118976,0.06904750448118976,0.06904750448118976,0.06904750448118976,0.06792587510365257,0.06568261634857817,0.06343935759350378,0.0611960988384294,0.0578312107058178,0.0578312107058178,0.0578312107058178,0.0578312107058178,0.0578312107058178,0.05670958132828061,0.05356901907117645,0.052223063818131826,0.04997980506305744,0.047960872183490474,0.046614916930445845,0.046614916930445845,0.046614916930445845,0.046614916930445845,0.046614916930445845,0.046614916930445845,0.046614916930445845,0.046614916930445845,0.046614916930445845,0.046614916930445845,0.046614916930445845,0.046614916930445845,0.046614916930445845,0.046614916930445845,0.046614916930445845,0.046614916930445845,0.046614916930445845,0.046614916930445845,0.046614916930445845,0.046614916930445845,0.046614916930445845,0.046614916930445845,0.046614916930445845,0.046614916930445845,0.046614916930445845,0.046614916930445845,0.046614916930445845,0.046614916930445845,0.046614916930445845,0.046614916930445845,0.046614916930445845,0.046614916930445845,0.046614916930445845,0.046614916930445845,0.046614916930445845,0.04549328755290866,0.04549328755290866,0.04549328755290866,0.04549328755290866,0.04347435467334173,0.04325002879783425,0.04325002879783425,0.04100677004275987,0.039885140665222675,0.03876351128768549,0.03764188191014827,0.03652025253261108,0.03539862315507389,0.03539862315507389,0.03539862315507389,0.03539862315507389,0.03539862315507389,0.03539862315507389,0.03539862315507389,0.03539862315507389,0.03539862315507389,0.03539862315507389,0.03539862315507389,0.03539862315507389,0.03539862315507389,0.03539862315507389,0.03539862315507389,0.0342769937775367,0.0320337350224623,0.030912105644925105,0.030912105644925105,0.029790476267387914,0.028668846889850722,0.028668846889850722,0.02754721751231353,0.02754721751231353,0.02642558813477632,0.02642558813477632,0.025528284632746562,0.024182329379701935,0.024182329379701935,0.024182329379701935,0.024182329379701935,0.024182329379701935,0.024182329379701935,0.024182329379701935,0.024182329379701935,0.024182329379701935,0.024002868679296,0.02350935175317961,0.02332989105277366,0.023105565177266228,0.02283637412665731,0.022499885313396136,0.021939070624627553,0.021512851461163413,0.020593115371582905,0.01969581186955315,0.01969581186955315,0.01969581186955315,0.01861904766711744,0.018574182492015957,0.018574182492015957,0.017452553114478766,0.016016867511231152,0.015209294359404362,0.015119564009201395,0.013414687355344847,0.01330252441759113,0.012966035604329977,0.012966035604329977,0.012966035604329977,0.012966035604329977,0.012966035604329977,0.012966035604329977,0.012966035604329977,0.012966035604329977,0.012966035604329977,0.012966035604329977,0.012966035604329977,0.012966035604329977,0.012966035604329977,0.011732243289039069,0.011732243289039069,0.011395754475777897,0.010722776849255595,0.00971331040947212,0.009488984533964667,0.009488984533964667,0.008479518094181192
9063900,0.011343794638922646,0.010645714968835126,0.01047119505131322,0.01047119505131322,0.008725995876094348,0.008725995876094348,0.008725995876094348,0.008725995876094348,0.008725995876094348,0.008027916206006808,0.007853396288484912,0.007155316618397383,0.006980796700875477,0.006980796700875477,0.006980796700875477,0.006980796700875477,0.006980796700875477,0.006980796700875477,0.006980796700875477,0.006980796700875477,0.006980796700875477,0.006980796700875477,0.006108197113266041,0.005410117443178511,0.005235597525656605,0.005235597525656605,0.005235597525656605,0.004537517855569076,0.004362997938047169,0.004362997938047169,0.0034903983504377335,0.0034903983504377335,0.0034903983504377335,0.0034903983504377335,0.0034903983504377335,0.0026177987628282977,0.0026177987628282977,0.0026177987628282977,0.0017451991752188618,0.0017451991752188618,0.0017451991752188618,0.0017451991752188618,0.0008725995876094261,0.0008725995876094261,0.0008725995876094261,0.0008725995876094261,0.0008725995876094261,0.00017451991752190653,0.0,0.0,0.0,0.0,0.0,0.0,0.0,0.0,0.0008725995876094261,0.0008725995876094261,0.0008725995876094261,0.0010471195051313326,0.0017451991752188618,0.0017451991752188618,0.0019197190927407685,0.0034903983504377335,0.0034903983504377335,0.0034903983504377335,0.0034903983504377335,0.0034903983504377335,0.004537517855569076,0.005235597525656605,0.006980796700875477,0.006980796700875477,0.008725995876094348,0.008725995876094348,0.008900515793616254,0.01047119505131322,0.012216394226532081,0.012216394226532081,0.012216394226532081,0.012216394226532081,0.015706792576969823,0.016579392164579262,0.019197190927407567,0.020069790515017002,0.02094239010262644,0.02094239010262644,0.02094239010262644,0.02094239010262644,0.02094239010262644,0.021814989690235875,0.022862109195367197,0.024432788453064173,0.02705058721589248,0.027923186803501917,0.029668385978720787,0.029668385978720787,0.032286184741549095,0.03595110300950873,0.038394381854815134,0.038394381854815134,0.040139581030034004,0.04537517855569062,0.04712037773090949,0.04973817649373778,0.055846373607003834,0.05933677195744165,0.06457236948309819,0.07329836535919253,0.07609068403954272,0.08202436123528689,0.08638735917333407,0.09633499447208162,0.09947635298747558,0.10820234886356994,0.11692834473966428,0.12495626094567108,0.134380336491853,0.14310633236794734,0.1598602444500485,0.1692843199962304,0.1867363117484191,0.20506090308821723,0.23036629112889084,0.2418846056853354,0.2565442787571739,0.2668409538909652,0.28272226638545694,0.2942405809419015,0.3151829710445279,0.33682344081724197,0.36404854795065633,0.3982544517849463,0.44851618803124965,0.4753922553296202,0.4991269641125969,0.5144847168545229,0.5321112285242335,0.5509593796165972,0.5739960087294863,0.6144846295945641,0.6483414935938102,0.6678877243562615,0.6895281941289758,0.7385682909526257,0.7888300271989291,0.8230359310332191,0.8429312016307143,0.8760899859598726,0.9040131727633748,0.91099396946425,0.9127391686394689,0.9371719570925332,0.9633499447208161,0.9982539282251935,0.9982539282251935,0.9982539282251935,0.9982539282251935,0.9982539282251935,0.9982539282251935,0.9982539282251935,0.9982539282251935,0.9999991274004124,0.9982539282251935,0.9982539282251935,0.9982539282251935,0.9982539282251935,0.9825471356482239,0.9127391686394689,0.91099396946425,0.884815981835967,0.8237340107033065,0.806282018951118,0.7739958342095687,0.7467707270761544,0.7190220601901745,0.7015700684379856,0.684118076685797,0.6753920808097027,0.6579400890575139,0.6537516110369888,0.6492140931814195,0.6336818205219718,0.6286207429138371,0.6230361055531366,0.6027917951205978,0.5968581179248535,0.5837691241107121,0.576264767657271,0.5678878116162203,0.5593363356576478,0.5446766625858093,0.5417098239879372,0.5272246708336206,0.523559752565661,0.5183241550400044,0.5104707587515195,0.50959815916391,0.5012212031228594,0.4959856055972028,0.4914480877416339,0.4834201715356269,0.4746941756595326,0.4724254167317481,0.4659681797834383,0.45724218390734395,0.4486907079487714,0.43821951289745825,0.42879543735127634,0.4178006825473975,0.4109944057640438,0.4020938899704277,0.3947640534345083,0.38254765920797634,0.37434522308444756,0.36125622927030615,0.35340283298182124,0.3438042375181174,0.3385686399924608,0.3326349627967166,0.3263522457659287,0.31762624988983434,0.30890025401373994,0.30017425813764564,0.2914482622615513,0.28272226638545694,0.27329819083927503,0.26527027463326824,0.2558461990870864,0.24607308370586065,0.23909228700498517,0.227050412695975,0.2216402952527965,0.21291429937670214,0.2045373433356516,0.19842914622238556,0.19546230762451342,0.1867363117484191,0.18516563249072213,0.17818483578984665,0.17801031587232474,0.1692843199962304,0.1692843199962304,0.16596844156331456,0.16404872247057378,0.16055832412013601,0.1598602444500485,0.1554972465120013,0.15375204733678244,0.15183232824404166,0.1504361689038666,0.14432797179060058,0.14310633236794734,0.14310633236794734,0.13891785434742207,0.134380336491853,0.13280965723415603,0.12600338045080245,0.12321106177045221,0.11989518333753636,0.11692834473966428,0.11692834473966428,0.11605574515205484,0.11273986671913902,0.11099466754392015,0.10820234886356994,0.10820234886356994,0.10401387084304467,0.10034895257508501,0.09947635298747558,0.09947635298747558,0.09528787496695029,0.09092487702890314,0.09075035711138124,0.0898777575237718,0.08638735917333407,0.08289696082289633,0.08202436123528689,0.07853396288484914,0.07329836535919253,0.07329836535919253,0.07329836535919253,0.07242576577158309,0.0699824869262767,0.06806276783353593,0.0671901682459265,0.06474688940062008,0.06457236948309819,0.06457236948309819,0.06457236948309819,0.06457236948309819,0.06457236948309819,0.06282717030787932,0.06195457072026988,0.061081971132660444,0.05951129187496348,0.057591572782222704,0.05671897319461327,0.055846373607003834,0.055846373607003834,0.055846373607003834,0.055846373607003834,0.055846373607003834,0.055846373607003834,0.051832415504000424,0.05061077608134722,0.04886557690612837,0.04712037773090949,0.04712037773090949,0.04712037773090949,0.04712037773090949,0.044502578968081186,0.04362997938047175,0.040314100947555914,0.038394381854815134,0.038394381854815134,0.038394381854815134,0.038394381854815134,0.03682370259711817,0.034903983504377394,0.034903983504377394,0.033158784329158524,0.03246070465907101,0.03141358515393966,0.03141358515393966,0.03071550548385214,0.029668385978720787,0.027923186803501917,0.027923186803501917,0.027225107133414386,0.02705058721589248,0.02635250754580494,0.026177987628283043,0.025479907958195516,0.02530538804067361,0.024432788453064173,0.024432788453064173,0.024432788453064173,0.024432788453064173,0.024432788453064173,0.023734708782976635,0.02356018886545474,0.022862109195367197,0.0226875892778453,0.0226875892778453,0.0226875892778453,0.0226875892778453,0.0226875892778453,0.0226875892778453,0.021814989690235875,0.021814989690235875,0.021814989690235875,0.02094239010262644,0.02094239010262644,0.02094239010262644,0.019197190927407567,0.019197190927407567,0.018324591339798132,0.017451991752188697,0.017451991752188697,0.017451991752188697,0.016579392164579262,0.015706792576969823,0.015706792576969823,0.015008712906882295,0.014834192989360388,0.013961593401750953
9064000,0.007878149191662496,0.007878149191662496,0.007878149191662496,0.007983191180884662,0.007983191180884662,0.008613443116217687,0.008613443116217687,0.008508401126995496,0.008508401126995496,0.00903361107310633,0.009611342013828265,0.010294114943772331,0.010504198922216665,0.010294114943772331,0.00903361107310633,0.007878149191662496,0.007878149191662496,0.007878149191662496,0.007878149191662496,0.007878149191662496,0.0061449563694967735,0.0052520994611083265,0.0052520994611083265,0.0052520994611083265,0.0052520994611083265,0.0052520994611083265,0.0052520994611083265,0.0052520994611083265,0.0052520994611083265,0.0052520994611083265,0.0052520994611083265,0.0052520994611083265,0.0052520994611083265,0.0052520994611083265,0.0052520994611083265,0.0026260497305541693,0.0026260497305541693,0.0026260497305541693,0.0026260497305541693,0.0026260497305541693,0.0026260497305541693,0.0026260497305541693,0.0018907558059990017,0.0011029408868327452,0.0,0.0,0.0,0.0,0.0,0.0,0.0,0.0,0.0,0.0,0.0005777309407219113,0.002205881773665514,0.0026260497305541693,0.0026260497305541693,0.0026260497305541693,0.0026260497305541693,0.0052520994611083265,0.0052520994611083265,0.0052520994611083265,0.006355040347941083,0.007930670186273584,0.010084030965327997,0.010504198922216665,0.01286764367971541,0.014233189539603591,0.015756298383325002,0.016334029324046925,0.01838234811387916,0.020325624914489263,0.02100839784443334,0.02205881773665501,0.02342436359654319,0.023634447574987498,0.023634447574987498,0.023634447574987498,0.025735287359430835,0.026260497305541655,0.026260497305541655,0.026313018300152733,0.028886547036095837,0.030462176874428325,0.03151259676665,0.03172268074509435,0.03371847854031551,0.035189066389425844,0.03676469622775833,0.03939074595831249,0.041596627731978,0.04464284541942083,0.04779410509608583,0.052520994611083324,0.05777309407219166,0.06565124326385416,0.0709033427249625,0.078781491916625,0.08928569083884166,0.08928569083884166,0.09506300024606085,0.1024159394916125,0.10766803895272083,0.11554618814438335,0.12095585058932493,0.12867643679715418,0.1350839981397064,0.14196424843375827,0.1538865142104742,0.16397054517580217,0.17069323248602083,0.19432768006100834,0.2053570889293359,0.22058817736655,0.2447478348876484,0.2683822824626359,0.2925419399837343,0.30567218863650514,0.3413864649720417,0.3518906638942584,0.3781511611998,0.4044116585053417,0.41544106737366926,0.4306721558108833,0.4516805536553167,0.46586122220030923,0.5047267582125108,0.5309872555180525,0.5619746423385916,0.5992645485124609,0.6386552944707734,0.6670166315607583,0.6932771288663,0.7195376261718417,0.7510502229384918,0.7862392893279176,0.8193275159329,0.8251048253401193,0.85084011269955,0.8771006100050917,0.90126026752619,0.9217434554245126,0.929621604616175,0.9558821019217166,0.9558821019217166,0.9821425992272583,0.9821425992272583,0.9821425992272583,0.9879199086344775,0.9999997373950269,0.9999997373950269,0.9852938589039235,0.9821425992272583,0.9821425992272583,0.9564073118678276,0.9495795825683868,0.929621604616175,0.9227938753167344,0.9033611073106333,0.8965333780111927,0.8771006100050917,0.8771006100050917,0.85084011269955,0.8434871734539985,0.8245796153940084,0.804096427495686,0.7983191180884667,0.772058620782925,0.7457981234773834,0.7436972836929401,0.7195376261718417,0.71218468692629,0.6932771288663,0.6670166315607583,0.6512603331774333,0.6407561342552167,0.6255250458180025,0.614495636949675,0.6118695872191208,0.6024158081891259,0.5961132888357958,0.5934872391052416,0.5882351396441333,0.5882351396441333,0.5777309407219167,0.570378001476365,0.5619746423385916,0.5619746423385916,0.5567225428774834,0.5519956533624859,0.5462183439552666,0.5435922942247126,0.53571414503305,0.53571414503305,0.5283612057874983,0.5225838963802791,0.519957846649725,0.5120796974580625,0.5094536477275083,0.5094536477275083,0.5068275979969541,0.5042015482664,0.488445249883075,0.48319315042196664,0.4810923106375234,0.46533601225419835,0.456932653116425,0.4332982055414375,0.4306721558108833,0.4201679568886667,0.4044116585053417,0.38918057006812756,0.3781511611998,0.3518906638942584,0.3518906638942584,0.3314074759959359,0.3256301665887167,0.3098738682053917,0.29936966928317504,0.29936966928317504,0.28886547036095833,0.27573522170818754,0.27310917197763335,0.267857072516525,0.2547268238637542,0.24684867467209168,0.24684867467209168,0.23634447574987502,0.22636548677376925,0.22058817736655,0.22058817736655,0.2153360779054417,0.20483187898322502,0.19747893973767333,0.19432768006100834,0.19432768006100834,0.19432768006100834,0.1917016303304542,0.18644953086934585,0.17857138167768336,0.1759453319471292,0.1680671827554667,0.1680671827554667,0.1680671827554667,0.16307768826741384,0.1625524783213029,0.16024155455841527,0.15756298383325001,0.15367643023202984,0.14978987663080973,0.148109204803255,0.14443273518047917,0.14191172743914718,0.13918063571937087,0.1365545859888167,0.13613441803192802,0.13340332631215168,0.13130248652770835,0.12867643679715418,0.1267856809911552,0.125420135131267,0.12347685833065697,0.12342433733604587,0.12321425335760151,0.11827727986415966,0.11706929698810481,0.11554618814438335,0.11554618814438335,0.11502097819827253,0.1129201384138292,0.11029408868327499,0.11008400470483068,0.10845585387188711,0.10766803895272083,0.10766803895272083,0.10766803895272083,0.10766803895272083,0.10719535000122112,0.10420165330838933,0.10283610744850119,0.1024684604862236,0.1024159394916125,0.10094535164250219,0.0999999737395027,0.09978988976105835,0.09978988976105835,0.09978988976105835,0.09978988976105835,0.10042014169639137,0.1015756035778352,0.1024159394916125,0.10273106545927899,0.1024159394916125,0.1024159394916125,0.10042014169639137,0.09978988976105835,0.09978988976105835,0.09978988976105835,0.09978988976105835,0.09978988976105835,0.09763652898200391,0.09721636102511524,0.09595585715444924,0.09453779029995,0.09453779029995,0.09453779029995,0.09453779029995,0.09453779029995,0.09390753836461703,0.0929621604616175,0.09191174056939583,0.09065123669872982,0.08928569083884166,0.08907560686039734,0.08665964110828751,0.08461132231845528,0.08403359137773334,0.0823003985555676,0.078781491916625,0.07615544218607083,0.07352939245551668,0.07100838471418468,0.06853989796746375,0.06565124326385416,0.06281510955485567,0.05903359794285769,0.055409649314692916,0.052888641573360935,0.052520994611083324,0.050787801788917605,0.05015754985358458,0.04989494488052917,0.048634441009863166,0.04726889514997501,0.04726889514997501,0.04464284541942083,0.042542005634977516,0.042016795688866675,0.042016795688866675,0.042016795688866675,0.041281501764311515,0.0397583929205901,0.039128140985257076,0.03676469622775833,0.03676469622775833,0.034821419427148254,0.034138646497204175,0.032352932680427327,0.03151259676665,0.03151259676665,0.028939068030706915,0.027415959186985524,0.026260497305541655,0.026260497305541655,0.026260497305541655,0.02526259840793109,0.023634447574987498,0.023634447574987498,0.023634447574987498,0.022899153650432342,0.02100839784443334,0.02100839784443334,0.02016806193065603,0.01869747408154567,0.01838234811387916
9065100,0.0027832460265259647,0.0027832460265259647,0.0027153619770985005,0.0025252866387016084,0.0025117098288161143,0.0024845562090451325,0.0024574025892741473,0.0025388634485870995,0.0025795938782435753,0.0025795938782435753,0.0025795938782435753,0.0025795938782435753,0.0026339011177855484,0.0027153619770985005,0.0025795938782435753,0.002375941729961189,0.0021044055322513387,0.0021044055322513387,0.0021044055322513387,0.0021044055322513387,0.0021044055322513387,0.0021044055322513387,0.0021044055322513387,0.0017649852851140274,0.0014255650379767129,0.0014255650379767129,0.0010182607414119373,0.000746724543702087,0.000746724543702087,0.000746724543702087,0.000746724543702087,0.000746724543702087,0.000746724543702087,0.000746724543702087,0.000746724543702087,0.000746724543702087,0.000746724543702087,0.000746724543702087,0.000746724543702087,0.0006788404942746259,0.00033942024713731446,0.00013576809885492517,6.78840494274641e-05,6.78840494274641e-05,0.0,0.0,0.0,0.0,0.0,6.78840494274641e-05,6.78840494274641e-05,6.78840494274641e-05,0.00033942024713731446,0.0006788404942746259,0.000746724543702087,0.000746724543702087,0.000746724543702087,0.0014255650379767129,0.0014255650379767129,0.0016971012356865633,0.0020365214828238776,0.0021044055322513387,0.0021044055322513387,0.0021044055322513387,0.0021044055322513387,0.0021044055322513387,0.0021044055322513387,0.0027832460265259647,0.0027832460265259647,0.0034620865208005907,0.0034620865208005907,0.004140927015075214,0.004548231311639989,0.004819767509349839,0.005498608003624466,0.005498608003624466,0.005770144201334316,0.006177448497899091,0.006856288992173717,0.00753512948644834,0.008213969980722966,0.008892810474997593,0.008892810474997593,0.009571650969272216,0.010250491463546844,0.010454143611829232,0.011608172452096095,0.012287012946370718,0.012287012946370718,0.01296585344064534,0.01364469393491997,0.014934490874041756,0.015681215417743845,0.01636005591201847,0.01914330193854443,0.021044055322513387,0.0224696203604901,0.02314846085476472,0.024506141843313973,0.025592286634153374,0.028443416710106795,0.03197338728033486,0.03529970570228051,0.03794718362995155,0.04283483518872886,0.048265559142925865,0.05573280457994674,0.06184236902841837,0.06320005001696762,0.06998845495971387,0.07677685990246012,0.08356526484520638,0.09035366978795263,0.1025727986848959,0.1086823631333675,0.11547076807611376,0.11954381104176151,0.12768989697305702,0.1358359829043525,0.143982068835648,0.1514493142726689,0.15688003822686591,0.16366844316961215,0.17045684811235842,0.1813182960207524,0.1921797439291464,0.20575655381463892,0.21933336370013146,0.23291017358562396,0.24309278099974332,0.2532753884138627,0.26685219829935525,0.28382321065622085,0.3007942230130865,0.31844407586422674,0.34288233365811327,0.3815762418317669,0.40533565913137876,0.4257008739596176,0.44199304582220855,0.45896405817907415,0.4772927515244891,0.5030886903069248,0.5248115861237128,0.5682573777572889,0.5994840404939216,0.6334260652076529,0.6741564948641304,0.7013101146351154,0.7352521393488467,0.7759825690053243,0.8031361887763092,0.850655023375533,0.8845970480892642,0.904962262917503,0.932115882688488,0.9456926925739805,0.9592695024594731,0.9660579074022193,0.9796347172877118,0.986423122230458,0.9932115271732043,0.9999999321159505,0.986423122230458,0.9796347172877118,0.9796347172877118,0.9728463123449655,0.9592695024594731,0.9389042876312342,0.9117506678602493,0.8913854530320106,0.8642318332610255,0.850655023375533,0.8235014036045479,0.8031361887763092,0.7624057591198317,0.7284637344061005,0.7013101146351154,0.6741564948641304,0.6198492553221604,0.5974475190110977,0.5723304207229366,0.5383883960092053,0.5180231811809666,0.4976579663527278,0.4772927515244891,0.45081797224777864,0.42705855494816675,0.406693340119928,0.38836464677451316,0.368678272440549,0.35510146255505654,0.341524652669564,0.3279478427840715,0.31029798993293123,0.2940058180703402,0.28042900818484773,0.27173984985813254,0.26006379335660895,0.25028849023905436,0.23901973803409557,0.2261217686428777,0.21933336370013146,0.21254495875738516,0.20575655381463892,0.19828930837761805,0.18539133898640017,0.1786029340436539,0.17629487636312022,0.17045684811235842,0.1650261241581614,0.15878079161083483,0.15525082104060678,0.1514493142726689,0.14561128602190715,0.1433032283413734,0.13787250438717638,0.1362432872009173,0.13271331663068922,0.13108409944443014,0.12497453499595852,0.12429569450168389,0.11750728955893763,0.11750728955893763,0.11071888461619138,0.1080035226390929,0.10393047967344514,0.10121511769634664,0.09714207473069889,0.09714207473069889,0.09374787225932575,0.09035366978795263,0.09035366978795263,0.08831714830512875,0.08682369921772458,0.08356526484520638,0.08220758385665713,0.08017106237383326,0.07745570039673474,0.07677685990246012,0.07677685990246012,0.07677685990246012,0.07541917891391088,0.07474033841963625,0.07406149792536162,0.07324688933223207,0.07066729545398849,0.06998845495971387,0.06998845495971387,0.06998845495971387,0.06795193347688999,0.06523657149979149,0.06387889051124224,0.06320005001696762,0.06320005001696762,0.06320005001696762,0.06184236902841837,0.059805847545594495,0.058448166557045246,0.05709048556849599,0.05641164507422137,0.05641164507422137,0.05641164507422137,0.05641164507422137,0.05641164507422137,0.05641164507422137,0.05641164507422137,0.054375123591397484,0.05152399351544406,0.049623240131475115,0.049623240131475115,0.04924308945468133,0.048265559142925865,0.04758671864865123,0.046283344899643954,0.045767426123995245,0.044667704523270346,0.043988864028995725,0.043255716295179124,0.04215599469445424,0.04127350205189722,0.040119473211630355,0.0396714384854091,0.039413479097584754,0.03876179222308111,0.03876179222308111,0.038055798109035505,0.03737695761476087,0.037064690987394545,0.03633154325357796,0.03599212300644064,0.03520466803308205,0.03468874925743335,0.03400990876315873,0.033724795755563385,0.0331545697403727,0.03231280752747216,0.03197338728033486,0.03129454678606022,0.030737897580755038,0.0306157062917856,0.029991173037052954,0.029719636839343096,0.029258025303236353,0.028986489105526498,0.027900344314687096,0.026542663326137847,0.025863822831863226,0.025320750436443523,0.02513067509804663,0.024506141843313973,0.023827301349039348,0.02380014772926837,0.023012692755909798,0.0224696203604901,0.021926547965070396,0.02136989875976521,0.021111939371940846,0.020976171273085924,0.020324484398582282,0.019822142432819063,0.019686374333964134,0.019075417889116972,0.01873599764197966,0.018396577394842347,0.018247232486101928,0.017364739843544922,0.017038896406293098,0.015681215417743845,0.015681215417743845,0.015681215417743845,0.015409679220033995,0.01482587639495782,0.014323534429194594,0.013169505588927731,0.01296585344064534,0.012287012946370718,0.012287012946370718,0.012287012946370718,0.011608172452096095,0.010929331957821467,0.010250491463546844,0.010250491463546844,0.010250491463546844,0.009571650969272216,0.009367998820989832,0.008892810474997593,0.008892810474997593,0.008892810474997593,0.008213969980722966,0.008213969980722966,0.008213969980722966,0.007630167155646795,0.00753512948644834,0.00748082224690637,0.0069377498514866754,0.006856288992173717,0.0063267934066395075,0.006177448497899091,0.006177448497899091,0.005512184813509956,0.005498608003624466,0.005498608003624466,0.004969112418090265,0.004887651558777304,0.004819767509349839
9065500,0.002264492497226843,0.002264492497226843,0.002264492497226843,0.002264492497226843,0.002264492497226843,0.002264492497226843,0.002264492497226843,0.0019927533975596314,0.0019474635476150893,0.0019248186226428182,0.0016304345980033305,0.0013586954983361038,0.00115489117358569,0.0011322462486134189,0.0011322462486134189,0.001019021623752079,0.0009057969988907342,0.0007925723740293943,0.0004528984994453696,0.0004528984994453696,0.0002264492497226848,0.0002264492497226848,0.00013586954983361087,0.0,0.0,0.0,0.0,0.0,0.0,0.0,0.0,0.0,0.0,0.0,0.0,0.0,0.0,0.0,0.0,0.0,0.0,0.0,0.0,0.0,0.0,0.0,0.0,0.0,0.0,0.0,0.0,0.0,0.0,0.0,0.0,0.0,0.0,0.0,0.0,0.0,2.2644924972270993e-05,0.0002490941746949558,0.0003396738745840247,0.0006114129742512515,0.0009057969988907342,0.0011322462486134189,0.0012681157984470348,0.0017436592228646755,0.002264492497226843,0.002264492497226843,0.0028306156215335576,0.003396738745840267,0.003396738745840267,0.003396738745840267,0.0035326082956738778,0.004528984994453691,0.004528984994453691,0.004528984994453691,0.005661231243067115,0.00658967316693012,0.007246375991125904,0.007925723740293957,0.009057969988907382,0.009057969988907382,0.009057969988907382,0.009057969988907382,0.010076991612659462,0.01132246248613423,0.012794382609331679,0.013586954983361073,0.014153078107667787,0.014719201231974496,0.014719201231974496,0.01596467210544926,0.016983693729201346,0.018115939977814764,0.019474635476150873,0.02038043247504161,0.021512678723655032,0.02377717122088188,0.02604166371810873,0.026902170867054934,0.029891300963394363,0.03387680775851363,0.03736412620424295,0.04076086495008322,0.04528984994453692,0.05095108118760403,0.0543478199334443,0.058876804927898,0.061141297425124835,0.06567028241957854,0.06793477491680537,0.07149002813745153,0.07821557085421527,0.08541665699539665,0.08831520739184699,0.09963766987798123,0.10212861162493078,0.11096013236411546,0.11458332035967841,0.12228259485024968,0.12228259485024968,0.1279438260933168,0.13360505733638392,0.14062498407778712,0.14492751982251814,0.1562499823086524,0.1675724447947866,0.17889490728092083,0.19021736976705506,0.20289852775152542,0.21716483048405463,0.23777171220881882,0.25815214468386044,0.29211953214226316,0.3057064871256244,0.32857786134761535,0.34873184457293427,0.370470972546312,0.38836046327440404,0.40353256300582396,0.43002712522337816,0.48596008990488126,0.5412137068372161,0.586503556781753,0.6204709442401558,0.6630434031880206,0.7042571666375491,0.7239582513634226,0.7572462910726574,0.8016303440183035,0.8358241807264287,0.8582426564489746,0.880887581421243,0.9037589556432342,0.92617743136578,0.9479165593391577,0.9522190950838887,0.9714672813103169,0.9941122062825853,0.9999998867753751,0.995018003281476,0.9714672813103169,0.9522190950838887,0.9488223563380485,0.9277625761138389,0.9148549688796458,0.8770379441759574,0.8582426564489746,0.8251810659894627,0.778985419046035,0.7472825240848592,0.7124093396275658,0.6884057191569611,0.656929273445508,0.6204709442401558,0.586503556781753,0.5663495735564341,0.5412137068372161,0.5072463193788135,0.47871371391375517,0.4506340069481423,0.4261774879780924,0.4053441570036054,0.38269923203133693,0.366847784550749,0.34873184457293427,0.3260869196006658,0.311594167618414,0.2934782276405993,0.2807970696561289,0.26947460716999466,0.25543475368718827,0.235507219711592,0.22418475722545775,0.21195649774043282,0.19814309350734902,0.18931157276816435,0.17889490728092083,0.17096918354062687,0.1675724447947866,0.1619112135517195,0.1562499823086524,0.147192012319745,0.14492751982251814,0.14039853482806444,0.13360505733638392,0.13020831859054363,0.12228259485024968,0.12228259485024968,0.11684781285690525,0.11096013236411546,0.11096013236411546,0.10326085787354419,0.09963766987798123,0.09963766987798123,0.0930706416360234,0.0896739028901831,0.08831520739184699,0.08423912089683867,0.08188404869972277,0.07946104172769004,0.07755886803001948,0.074818832108375,0.07359600615987248,0.07133151366264565,0.06997281816430954,0.06709691269283144,0.06571557226952306,0.06340578992235169,0.06227354367373827,0.06057517430081812,0.059239123727454296,0.057857783304145906,0.05661231243067115,0.05511774738250142,0.05362318233433171,0.05129075506218806,0.05086050148771497,0.04993205956385195,0.04981883493899061,0.04868658869037719,0.047554342441763764,0.046671190367845304,0.04542571949437053,0.04420289354586803,0.043500900871727706,0.04234600969814202,0.041802531498807576,0.040194741825776516,0.03883604632744041,0.03829256812810596,0.03736412620424295,0.03657155383021356,0.03605072055585139,0.03509963370701611,0.03423912655806991,0.03387680775851363,0.03353713388392959,0.03342390925906825,0.03319746000934556,0.032971010759622874,0.032857786134761535,0.03283514120978926,0.03283514120978926,0.03274456150990019,0.03226901808548255,0.03170289496117584,0.031363221086591814,0.030910322587146443,0.030344199462839734,0.029664851713671683,0.029438402463948993,0.029438402463948993,0.029211953214226313,0.02878169963975322,0.028306156215335575,0.028079706965612884,0.027740033091028866,0.027309779516555763,0.027060685341860805,0.026562496992470905,0.02604166371810873,0.02604166371810873,0.02604166371810873,0.025837859393358323,0.025701989843524696,0.025362315968940678,0.024909417469495307,0.024909417469495307,0.024252714645299513,0.024026265395576844,0.02400362047060457,0.023799816145854146,0.02377717122088188,0.023007243771824764,0.02264492497226846,0.02230525109768443,0.021761772898349987,0.021512678723655032,0.021082425149181936,0.020720106349625643,0.02038043247504161,0.02038043247504161,0.02038043247504161,0.02038043247504161,0.019950178900568518,0.019497280401123144,0.01924818622642819,0.01924818622642819,0.019021736976705502,0.018297099377592923,0.018115939977814764,0.018115939977814764,0.017096918354062685,0.016983693729201346,0.016304345980033292,0.01585144748058792,0.015557063455948433,0.014741846156946762,0.014719201231974496,0.014719201231974496,0.013586954983361073,0.01340579558358293,0.012454708734747648,0.012364129034858574,0.01179800591055187,0.01132246248613423,0.01132246248613423,0.011209237861272885,0.0109827886115502,0.010643114736966176,0.010303440862382145,0.010190216237520805,0.010190216237520805,0.009850542362936776,0.009646738038186362,0.009284419238630067,0.009057969988907382,0.009057969988907382,0.009057969988907382,0.009057969988907382,0.009057969988907382,0.009057969988907382,0.009057969988907382,0.009057969988907382,0.008718296114323357,0.008061593290127574,0.007925723740293957,0.007925723740293957,0.007812499115432618,0.007472825240848588,0.006906702116541878,0.006793477491680534,0.006793477491680534,0.006793477491680534,0.0065670282419578495,0.00600090511765114,0.005661231243067115,0.005661231243067115,0.005208332743621745,0.004891303794009996,0.004642209619315031,0.004642209619315031,0.004528984994453691
9066000,0.0,8.841731025259383e-05,0.0017683462050516801,0.001856763515304274,0.0022104327563146004,0.0022104327563146004,0.0022104327563146004,0.0022104327563146004,0.0022104327563146004,0.0024314760319460553,0.0025198933421986492,0.0033156491344718954,0.0033598577895981824,0.0036251097203559347,0.0040229876164925675,0.00442086551262919,0.00442086551262919,0.00442086551262919,0.00442086551262919,0.00442086551262919,0.00442086551262919,0.005747125166417951,0.006631298268943791,0.006631298268943791,0.006631298268943791,0.006631298268943791,0.006631298268943791,0.006631298268943791,0.006631298268943791,0.006631298268943791,0.006719715579196385,0.008134392543237738,0.008841731025258391,0.009195400266268756,0.010698494540562665,0.010698494540562665,0.009195400266268756,0.008841731025258391,0.008841731025258391,0.008841731025258391,0.008841731025258391,0.008841731025258391,0.008841731025258391,0.008841731025258391,0.008134392543237738,0.008134392543237738,0.00795755792273255,0.006896550199701562,0.006631298268943791,0.006631298268943791,0.006631298268943791,0.005305038615155031,0.00442086551262919,0.00442086551262919,0.00442086551262919,0.00442086551262919,0.00442086551262919,0.00442086551262919,0.00442086551262919,0.00442086551262919,0.00442086551262919,0.00442086551262919,0.00442086551262919,0.00442086551262919,0.00442086551262919,0.00442086551262919,0.00442086551262919,0.00442086551262919,0.00442086551262919,0.00442086551262919,0.004597700133134369,0.005305038615155031,0.005791333821544248,0.006631298268943791,0.006631298268943791,0.006631298268943791,0.006631298268943791,0.006631298268943791,0.00795755792273255,0.00795755792273255,0.008841731025258391,0.008841731025258391,0.008841731025258391,0.008841731025258391,0.008841731025258391,0.008841731025258391,0.008841731025258391,0.008841731025258391,0.010831120505941526,0.01105216378157299,0.011273207057204465,0.012599466710993207,0.013262596537887592,0.015473029294202183,0.01728558415438018,0.01790450532614825,0.0193633909453159,0.01989389480683138,0.01989389480683138,0.020335981358094304,0.02210432756314598,0.024314760319460584,0.028735625832089773,0.030946058588404372,0.037577356857348164,0.04199822236997736,0.04641908788260657,0.05083995339523577,0.055260818907864946,0.0583996334218317,0.06149423928067214,0.06410254993312335,0.06852341544575255,0.07294428095838175,0.07740935512613724,0.08567637363475383,0.09283817576521311,0.1038903395467861,0.11622455432702156,0.1259946671099321,0.1320954615173604,0.14106981850799769,0.1480989946730781,0.1562333872163158,0.16357202396728027,0.16887706258243532,0.17462418774885327,0.19672851531199925,0.20335981358094307,0.21883284287514523,0.24093717043829121,0.2608310652451226,0.2767461810905877,0.3072501531277292,0.32935448069087514,0.36251097203559407,0.3912465978676839,0.40406710785430877,0.439876118506605,0.4805480812227937,0.522546303592771,0.5579132276938047,0.588417199730946,0.6198053448706135,0.6609193941380649,0.7015913568542536,0.7586205219671701,0.7953137057219926,0.8580899960013271,0.8819626697695246,0.907603689742774,0.9323605366134977,0.9703799800221086,0.9924843075852546,0.9999997789567243,0.9946947403415692,0.9924843075852546,0.9703799800221086,0.9703799800221086,0.9482756524589626,0.9208662862806617,0.8996461318200414,0.8819626697695246,0.8377540146432327,0.7966399653757815,0.7493367043906488,0.6874445872138403,0.6388150665749188,0.5946064114486269,0.5508398428735979,0.5282934287591889,0.484084773632897,0.46021209986469935,0.41777179094345906,0.39566746338031306,0.3691422703045379,0.34748002929265487,0.32935448069087514,0.3072501531277292,0.2895666910772124,0.26790445006532937,0.2502209880148126,0.24093717043829121,0.22634831424661495,0.21883284287514523,0.20335981358094307,0.19672851531199925,0.19451808255568467,0.17462418774885327,0.17152958189001283,0.16357202396728027,0.15694072569833648,0.15039784473964526,0.14588856191676347,0.13704683089150513,0.13063657589819275,0.1260388757650584,0.12157380159730291,0.1178602745666944,0.11525196391424317,0.11198052343489756,0.10627760692360592,0.10331562703014431,0.09946947403415692,0.09725904127784234,0.09288238442033941,0.08961094394099382,0.08620687749626933,0.08399644473995474,0.07957557922732554,0.07736514647101093,0.07294428095838175,0.07055701358156197,0.06631298268943794,0.06631298268943794,0.06410254993312335,0.06198053448706135,0.06091952676403033,0.059681684420494145,0.05747125166417956,0.055260818907864946,0.055260818907864946,0.053050386151550354,0.05083995339523577,0.05083995339523577,0.048629520638921155,0.04641908788260657,0.04641908788260657,0.044208655126291956,0.04274976950712434,0.04199822236997736,0.03978778961366276,0.039168868441894676,0.037577356857348164,0.03717947896121154,0.03536692410103357,0.03536692410103357,0.03315649134471897,0.03315649134471897,0.03275861344858235,0.030946058588404372,0.030769223967899214,0.030503972037141454,0.029619798934615613,0.028735625832089773,0.028735625832089773,0.02745357483342731,0.026525193075775173,0.026348358455270005,0.02519893342198642,0.024314760319460584,0.024314760319460584,0.023430587216934744,0.02210432756314598,0.02210432756314598,0.02188328428751452,0.020557024633725756,0.01989389480683138,0.01989389480683138,0.01989389480683138,0.01989389480683138,0.01949601691069476,0.01861184380816892,0.018169757256905998,0.017683462050516782,0.017683462050516782,0.017683462050516782,0.017683462050516782,0.017683462050516782,0.017683462050516782,0.017683462050516782,0.01679928894799094,0.016136159121096567,0.015561446604454776,0.015473029294202183,0.015473029294202183,0.015473029294202183,0.015473029294202183,0.015473029294202183,0.015473029294202183,0.015251986018570727,0.014588856191676342,0.014367812916044886,0.014146769640413432,0.013925726364781966,0.013483639813519046,0.013262596537887592,0.013262596537887592,0.013262596537887592,0.013262596537887592,0.013262596537887592,0.013085761917382423,0.012820509986624672,0.012599466710993207,0.011980545539225129,0.011538458987962198,0.01105216378157299,0.01105216378157299,0.01105216378157299,0.01105216378157299,0.01105216378157299,0.01105216378157299,0.01105216378157299,0.010831120505941526,0.010610077230310072,0.009946947403415686,0.008841731025258391,0.008841731025258391,0.008841731025258391,0.008841731025258391,0.008841731025258391,0.008841731025258391,0.008664896404753233,0.008620687749626935,0.007736514647101096,0.0071175934753330075,0.006631298268943791,0.006631298268943791,0.006631298268943791,0.006631298268943791,0.006631298268943791,0.005570290545912793,0.005526081890786495,0.004907160719018408,0.00442086551262919,0.00442086551262919,0.004199822236997735,0.0035366924101033507,0.0022546414114408973,0.0022104327563146004,0.0022104327563146004,0.0022104327563146004,0.0022104327563146004,0.0022104327563146004,0.0022104327563146004,0.0022104327563146004,0.0022104327563146004,0.0022104327563146004,0.0022104327563146004,0.0022104327563146004,0.0022104327563146004,0.0022104327563146004,0.0022104327563146004,0.0022104327563146004,0.0022104327563146004,0.0007957557922732757,0.00044208655126292003,0.00044208655126292003,0.00044208655126292003,8.841731025259383e-05,0.0,0.0,0.0,0.0,0.0,0.0,0.0,0.0,0.0,0.0,0.0,0.0,0.0,0.00044208655126292003,0.00044208655126292003,0.00044208655126292003
9066300,0.005042013982064996,0.005042013982064996,0.005042013982064996,0.005042013982064996,0.005042013982064996,0.005042013982064996,0.004481790206279997,0.004481790206279997,0.004481790206279997,0.004481790206279997,0.004481790206279997,0.004033611185652002,0.003921566430494997,0.003921566430494997,0.003921566430494997,0.003361342654709997,0.003361342654709997,0.003361342654709997,0.0028011188789249988,0.0028011188789249988,0.0028011188789249988,0.0028011188789249988,0.0028011188789249988,0.0028011188789249988,0.0028011188789249988,0.0028011188789249988,0.0028011188789249988,0.0028011188789249988,0.0028011188789249988,0.0028011188789249988,0.0028011188789249988,0.0022408951031399984,0.0022408951031399984,0.0022408951031399984,0.0016806713273549985,0.0016806713273549985,0.0016806713273549985,0.00112044755157,0.00112044755157,0.00112044755157,0.00112044755157,0.000560223775785,0.000560223775785,0.000560223775785,0.000560223775785,0.000560223775785,0.000560223775785,0.0,0.0,0.0,0.0,0.0,0.0,0.0,0.0,0.0,0.0,0.0,0.0,0.0,0.0,0.0,0.0,0.0,0.0,0.0,0.0,0.000560223775785,0.000560223775785,0.000560223775785,0.000560223775785,0.00112044755157,0.00112044755157,0.0016806713273549985,0.0016806713273549985,0.0022408951031399984,0.0022408951031399984,0.0028011188789249988,0.0028011188789249988,0.003361342654709997,0.003921566430494997,0.003921566430494997,0.004481790206279997,0.004481790206279997,0.005042013982064996,0.005042013982064996,0.005042013982064996,0.005602237757849996,0.005602237757849996,0.006162461533634996,0.006722685309419996,0.007843132860989992,0.008515401391932,0.009523804188344993,0.009523804188344993,0.009523804188344993,0.010196072719287002,0.011764699291484989,0.01232492306726999,0.01344537061883999,0.014565818170409988,0.015686265721979988,0.01736693704933499,0.019047608376689982,0.020168055928259983,0.021848727255614982,0.024089622358754975,0.025210069910324977,0.025770293686109978,0.028571412565034978,0.03081230766817497,0.03417365032288497,0.03697476920180997,0.04044815661167698,0.04268905171481698,0.04593834961436996,0.04963582653455098,0.055013974782086944,0.058823496457424955,0.06442573421527495,0.07002797197312494,0.07350135938299196,0.08033608944756895,0.08683468524667493,0.09254896775968192,0.10364139852022491,0.10924363627807492,0.11484587403592492,0.1260503495516249,0.1316525873094749,0.1428570628251749,0.1513724642171069,0.16638646140814486,0.18106432433371192,0.19327720264582485,0.21254890053282882,0.23092424037857676,0.2605040557400248,0.2923247662046128,0.31092419556067474,0.33445359414364473,0.36739475215980266,0.38845916612931863,0.4287952779858386,0.4702518373939286,0.5089072779230936,0.5453218233491185,0.6078427967267245,0.6638651743052244,0.7198875518837243,0.7422965029151244,0.7759099294622244,0.8095233560093242,0.8330527545922942,0.8879546846192242,0.9271703489241743,0.9439770621977243,0.9439770621977243,0.9439770621977243,0.9775904887448243,0.9899154118120943,0.9999994397762242,0.9999994397762242,0.9999994397762242,0.9831927265026742,0.9439770621977243,0.9439770621977243,0.8879546846192242,0.8700275237941048,0.8319323070407243,0.7669463490496645,0.7098035239195944,0.6537811463410945,0.6078427967267245,0.5462181813903746,0.4973666681419226,0.45759078006118775,0.4171426234495107,0.3927168668252847,0.3671706626494887,0.3389353843499247,0.3173107466046237,0.29512588508353776,0.27843121656514475,0.25310910189966285,0.2403359998117648,0.2268906291929248,0.21568615367722482,0.2052659914476239,0.19798308236241888,0.18991585999111485,0.18162454810949688,0.17647048937227486,0.1657141928772029,0.15966377609872487,0.1485713453381819,0.1439775103767449,0.1422968390493899,0.1346777956987139,0.1284032894099219,0.12448172297942692,0.12044811179377489,0.11484587403592492,0.10924363627807492,0.10644251739914991,0.10364139852022491,0.09915960831394492,0.09803916076237491,0.09254896775968192,0.09030807265654194,0.08683468524667493,0.08201676077492395,0.08123244748882494,0.07731088105832994,0.07563020973097494,0.07350135938299196,0.07002797197312494,0.06946774819733995,0.06509800274621698,0.06442573421527495,0.06218483911213495,0.058823496457424955,0.058823496457424955,0.05770304890585495,0.05322125869957496,0.05322125869957496,0.05165263212737698,0.048963558003608985,0.04717084192109697,0.04593834961436996,0.04481790206279996,0.04324927549060197,0.042016783183874966,0.040896335632304964,0.039215664304949965,0.038095216753379964,0.03697476920180997,0.03596636640539698,0.03585432165023997,0.03529409787445497,0.03417365032288497,0.033165247526471986,0.03305320277131497,0.03249297899552997,0.03193275521974497,0.03137253144395997,0.03137253144395997,0.03081230766817497,0.03025208389238997,0.03025208389238997,0.029691860116604976,0.029131636340819975,0.029131636340819975,0.029131636340819975,0.028571412565034978,0.028011188789249977,0.028011188789249977,0.028011188789249977,0.02756300976862199,0.027450965013464976,0.026890741237679976,0.026890741237679976,0.026890741237679976,0.026890741237679976,0.026890741237679976,0.026890741237679976,0.026890741237679976,0.026890741237679976,0.02756300976862199,0.02756300976862199,0.027450965013464976,0.027450965013464976,0.026890741237679976,0.026890741237679976,0.026890741237679976,0.026890741237679976,0.026890741237679976,0.026890741237679976,0.026890741237679976,0.026890741237679976,0.026890741237679976,0.026890741237679976,0.027450965013464976,0.028011188789249977,0.02756300976862199,0.02756300976862199,0.028011188789249977,0.028011188789249977,0.028011188789249977,0.028011188789249977,0.028011188789249977,0.028011188789249977,0.028011188789249977,0.027450965013464976,0.027450965013464976,0.026890741237679976,0.026330517461894975,0.026330517461894975,0.02588233844126699,0.025210069910324977,0.024089622358754975,0.023081219562341996,0.022969174807184984,0.022408951031399983,0.021848727255614982,0.02128850347982998,0.02072827970404498,0.019607832152474983,0.019607832152474983,0.019047608376689982,0.019047608376689982,0.017927160825119984,0.017927160825119984,0.01736693704933499,0.01680671327354999,0.01624648949776499,0.015686265721979988,0.015686265721979988,0.015126041946194988,0.015126041946194988,0.014565818170409988,0.014005594394624989,0.014005594394624989,0.014005594394624989,0.014005594394624989,0.014005594394624989,0.014005594394624989,0.014005594394624989,0.014005594394624989,0.014005594394624989,0.01344537061883999,0.01344537061883999,0.01344537061883999,0.01288514684305499,0.012436967822427002,0.01232492306726999,0.01232492306726999,0.01232492306726999,0.01232492306726999,0.011764699291484989,0.011764699291484989,0.011764699291484989,0.011764699291484989,0.01120447551569999,0.01120447551569999,0.01120447551569999,0.01120447551569999,0.010644251739914993,0.010644251739914993,0.010644251739914993,0.010644251739914993,0.010084027964129993,0.010084027964129993,0.010084027964129993,0.009523804188344993,0.009523804188344993,0.008963580412559992,0.008403356636774993,0.008403356636774993,0.008403356636774993,0.008403356636774993,0.007843132860989992,0.007282909085204996,0.007282909085204996,0.006722685309419996,0.006722685309419996
9067000,0.0034705872145331814,0.003235293166090241,0.0030588226297580527,0.0029999991176473274,0.003235293166090241,0.003176469653979516,0.002941175605536589,0.002941175605536589,0.002941175605536589,0.002941175605536589,0.002941175605536589,0.002941175605536589,0.002941175605536589,0.002941175605536589,0.002941175605536589,0.002941175605536589,0.002941175605536589,0.002941175605536589,0.002941175605536589,0.0026470580449829235,0.002058822923875606,0.0017647053633219533,0.001470587802768288,0.0017647053633219533,0.0011764702422146355,0.0008823526816609702,0.0008823526816609702,0.0008823526816609702,0.0005882351211073177,0.0,0.0,0.0,0.0,0.0,0.0,0.0,0.0,0.0,0.0,0.0,0.0,0.0,0.0,0.0,0.0,0.0,0.0,0.0,0.0,0.0,0.0,0.0005882351211073177,0.0011764702422146355,0.001470587802768288,0.001705881851211228,0.0026470580449829235,0.002941175605536589,0.002941175605536589,0.002941175605536589,0.004058822335640499,0.005882351211073178,0.005882351211073178,0.005882351211073178,0.005882351211073178,0.005882351211073178,0.005882351211073178,0.005882351211073178,0.00617646877162683,0.0076470565743951184,0.008823526816609754,0.008823526816609754,0.008823526816609754,0.009411761937717072,0.00999999705882439,0.011176467301039024,0.011764702422146342,0.013294113737025381,0.014411760467129279,0.014705878027682931,0.014705878027682931,0.014705878027682931,0.017117642024222942,0.01764705363321952,0.018411759290659042,0.020588229238756108,0.020588229238756108,0.023235287283739033,0.023529404844292685,0.024058816453289292,0.026705874498272216,0.029411756055365862,0.029411756055365862,0.03235293166090245,0.03529410726643904,0.03705881262976098,0.03823528287197562,0.04011763525951904,0.04129410550173367,0.04411763408304879,0.04705880968858538,0.049999985294121974,0.05241174929066197,0.05588233650519514,0.058823512110731724,0.0617646877162683,0.0647058633218049,0.06764703892734147,0.07058821453287809,0.07588233062284393,0.07970585891004149,0.08529409256056102,0.09352938425606344,0.09705879498270735,0.10529408667820979,0.11176467301039028,0.11764702422146345,0.1264705510380732,0.13529407785468295,0.14117642906575614,0.1499999558823659,0.16088230562285127,0.1685293621972464,0.17823524169551713,0.18823523875434153,0.19735288313150498,0.2117646435986342,0.22352934602078056,0.22941169723185376,0.2352940484429269,0.255882277681683,0.2647058044982928,0.2941175605536586,0.3088234385813416,0.3235293166090245,0.35294107266439034,0.38235282871975623,0.41176458477512207,0.43235281401387815,0.4558822188581709,0.47352927249139043,0.511764555363366,0.5382351358131953,0.561764540657488,0.5999998235294636,0.6382351064014392,0.6764703892734149,0.7058821453287807,0.7352939013841466,0.7647056574395125,0.7941174134948783,0.8235291695502441,0.8529409256056101,0.8823526816609759,0.9117644377163417,0.9411761937717076,0.9588232474049272,0.9705879498270735,0.9705879498270735,0.9705879498270735,0.9705879498270735,0.9999997058824394,0.9970585302769027,0.9705879498270735,0.9705879498270735,0.9411761937717076,0.932352666955098,0.9117644377163417,0.902940910899732,0.8676468036332929,0.8235291695502441,0.782352711072732,0.7352939013841466,0.7058821453287807,0.6764703892734149,0.6411762820069759,0.6147057015571465,0.5882351211073172,0.5529410138408782,0.5294116089965856,0.4999998529412197,0.4705880968858538,0.44117634083048796,0.4205881115917319,0.4029410579585123,0.38235282871975623,0.35294107266439034,0.34705872145331723,0.3235293166090245,0.3088234385813416,0.2941175605536586,0.2794116825259757,0.2647058044982928,0.2647058044982928,0.2529411020761464,0.23823522404846348,0.2352940484429269,0.22735287430797813,0.2176469948097074,0.2117646435986342,0.20294111678202448,0.1935293548443074,0.18588229826991226,0.17941171193773175,0.17235289048444397,0.1649999514706025,0.15882348269897567,0.15470583685122444,0.1470587802768293,0.14411760467129275,0.13823525346021956,0.13529407785468295,0.13117643200693174,0.1279411388408415,0.12352937543253663,0.12058819982700003,0.11676467153980247,0.11323526081315856,0.11176467301039028,0.1088234974048537,0.1058823217993171,0.10176467595156588,0.09882350034602931,0.09647055986160004,0.09352938425606344,0.08999997352941953,0.08823526816609759,0.08529409256056102,0.08294115207613174,0.08117644671280978,0.07735291842561222,0.07411762525952197,0.07235291989620002,0.07058821453287809,0.07058821453287809,0.06999997941177075,0.06764703892734147,0.06764703892734147,0.0667646862456805,0.0647058633218049,0.0647058633218049,0.06352939307959027,0.0617646877162683,0.0617646877162683,0.058823512110731724,0.058235276989624406,0.05588233650519514,0.054117631141873186,0.05294116089965855,0.05294116089965855,0.05117645553633661,0.049705867733568304,0.04705880968858538,0.04676469212803172,0.04441175164360245,0.04411763408304879,0.04411763408304879,0.043235281401387826,0.04294116384083416,0.04117645847751221,0.04117645847751221,0.040882340916958554,0.040823517404847826,0.03999998823529757,0.03823528287197562,0.03823528287197562,0.03823528287197562,0.03823528287197562,0.03823528287197562,0.03823528287197562,0.037764694775089765,0.03705881262976098,0.03641175399654295,0.03617645994810001,0.03588234238754636,0.035411754290660506,0.03529410726643904,0.03529410726643904,0.03529410726643904,0.03499998970588537,0.03482351916955319,0.034705872145331725,0.034705872145331725,0.034705872145331725,0.034705872145331725,0.034117637024224406,0.034117637024224406,0.034588225121110275,0.034705872145331725,0.034705872145331725,0.03476469565744246,0.03499998970588537,0.035058813217996115,0.03499998970588537,0.034705872145331725,0.03388234297578148,0.03323528434256342,0.03264704922145611,0.03241175517301319,0.03235293166090245,0.03235293166090245,0.03235293166090245,0.03235293166090245,0.03235293166090245,0.03088234385813415,0.029705873615919514,0.029411756055365862,0.029411756055365862,0.02911763849481221,0.028529403373704892,0.02823528581315123,0.027411756643600994,0.026470580449829275,0.025882345328721957,0.024999992647060987,0.02441175752595367,0.023529404844292685,0.023529404844292685,0.023235287283739033,0.02235293460207805,0.021529405432527817,0.020588229238756108,0.020588229238756108,0.01911764143598781,0.017941171193773173,0.01764705363321952,0.017352936072665855,0.016764700951558537,0.015941171782008292,0.014999995588236585,0.014705878027682931,0.014705878027682931,0.014470583979240018,0.013235290224914644,0.011764702422146342,0.011764702422146342,0.011764702422146342,0.010941173252596111,0.00999999705882439,0.00911764437716342,0.008823526816609754,0.008823526816609754,0.008823526816609754,0.008529409256056102,0.007941174134948784,0.007705880086505856,0.006235292283737569,0.005882351211073178,0.005882351211073178,0.005882351211073178,0.005588233650519512,0.00529411608996586,0.004411763408304877,0.004411763408304877,0.0045294104325263405,0.004999998529412195,0.004999998529412195,0.004999998529412195,0.004999998529412195,0.004235292871972688,0.004117645847751225,0.0038235282871975592,0.0038235282871975592,0.0037058812629761086,0.0035294107266439067,0.003235293166090241,0.003235293166090241
9070000,0.006825938508311105,0.006825938508311105,0.006143344657480009,0.005972696194772217,0.006143344657480009,0.005972696194772217,0.005972696194772217,0.005119453881233329,0.005119453881233329,0.005119453881233329,0.005119453881233329,0.005119453881233329,0.005119453881233329,0.005119453881233329,0.004436860030402233,0.004266211567694441,0.004266211567694441,0.004266211567694441,0.0034129692541555526,0.0034129692541555526,0.0034129692541555526,0.0034129692541555526,0.0034129692541555526,0.0025597269406166644,0.0025597269406166644,0.0017064846270777763,0.0017064846270777763,0.0017064846270777763,0.0017064846270777763,0.0017064846270777763,0.0017064846270777763,0.0017064846270777763,0.0017064846270777763,0.0017064846270777763,0.0017064846270777763,0.0008532423135388881,0.0008532423135388881,0.0008532423135388881,0.0008532423135388881,0.00017064846270779216,0.0,0.0,0.0,0.0,0.0,0.0,0.0,0.0,0.0,0.0,0.0,0.0,0.0,0.0,0.0,0.00017064846270779216,0.0008532423135388881,0.0,0.0008532423135388881,0.0008532423135388881,0.0008532423135388881,0.0008532423135388881,0.0008532423135388881,0.0008532423135388881,0.0008532423135388881,0.0017064846270777763,0.0017064846270777763,0.0025597269406166644,0.0034129692541555526,0.004266211567694441,0.005119453881233329,0.005119453881233329,0.005290102343941121,0.005972696194772217,0.006143344657480009,0.006825938508311105,0.007679180821849993,0.008532423135388881,0.00938566544892777,0.011092150076005546,0.012116040852252225,0.01365187701662221,0.01467576779286889,0.015358361643699987,0.016211603957238873,0.017064846270777763,0.018088737047024444,0.019624573211394426,0.01979522167410222,0.020648463987641107,0.023037542465549978,0.023890784779088868,0.025767917868874435,0.028156996346783307,0.030716723287399973,0.03156996560093886,0.03327645022801664,0.0358361771686333,0.03771331025841885,0.040102388736327745,0.04368600645319106,0.04692832724463885,0.04948805418525551,0.052047781125872175,0.056313992693566614,0.061433446574799946,0.06569965814249439,0.07098976048643549,0.07764505053203882,0.08276450441327216,0.08976109138429102,0.09812286605697214,0.10597269534152995,0.11535836079045772,0.12645051086646325,0.1365187701662221,0.14351535713724103,0.15529010106407765,0.16501706343842096,0.1725255957975632,0.18259385509732207,0.19300341132249657,0.20494880371204102,0.21928327457949426,0.22866894002842203,0.23737201162651878,0.24744027092627754,0.26109214794289975,0.2766211580493076,0.2883959019761442,0.3088737175010775,0.32935153302601083,0.36399317095568967,0.3892491434364408,0.4138225220663607,0.4426621122639751,0.4813993132986407,0.5187713266316439,0.5581911215171406,0.5890784932672485,0.632423202795024,0.6604095506790995,0.6812286631294483,0.7022184240425049,0.7354948742705215,0.7696245668120771,0.8054607439807104,0.846416375030577,0.8720136444367437,0.9061433369782992,0.9146757601136881,0.9402730295198547,0.9658702989260214,0.9744027220614102,0.9829351451967991,0.991467568332188,0.9999999914675769,0.9999999914675769,0.991467568332188,0.991467568332188,0.991467568332188,0.991467568332188,0.9744027220614102,0.9573378757906325,0.9334470910115438,0.9061433369782992,0.8805460675721325,0.846416375030577,0.7969283208453217,0.778156989947466,0.7440272974059104,0.7023890725052128,0.6663822468738716,0.6322525543323161,0.5952218379247284,0.577133100877704,0.5469283229784274,0.5215017020349685,0.5010238865100352,0.47269624170054403,0.43976108839794303,0.4124573343646986,0.3849829318687464,0.35989760785070307,0.3438566523561719,0.3235494852939464,0.3114334444416942,0.30153583360464303,0.28856655043885204,0.2730375403324442,0.26313992949539305,0.2508532401804331,0.24368600474670646,0.23310580005882423,0.21996586843032542,0.2119453906830598,0.20238907677142426,0.19112627823271094,0.18259385509732207,0.17218429887214767,0.16348122727405104,0.15290102258616878,0.14846416255576653,0.14249146636099433,0.13412969168831326,0.12713310471729433,0.12133105698522993,0.1151877123277499,0.10767917996860772,0.10324231993820546,0.09914675683321884,0.09470989680281658,0.08959044292158325,0.08447098904034993,0.08122866824890214,0.0778156989947466,0.07354948742705214,0.06996586971018882,0.06740614276957216,0.06331057966458549,0.06058020426126106,0.05716723500710551,0.05546075038002773,0.053754265752949955,0.050511944961502166,0.047781569558177736,0.04368600645319106,0.0411262795125744,0.038395904109249965,0.03498293485509441,0.03327645022801664,0.03088737175010774,0.029863480973861083,0.029010238660322197,0.027474402495952188,0.026621160182413325,0.025597269406166644,0.024744027092627754,0.024744027092627754,0.024744027092627754,0.024744027092627754,0.024744027092627754,0.024744027092627754,0.024744027092627754,0.02406143324179666,0.023890784779088868,0.022184300152011092,0.022184300152011092,0.022184300152011092,0.022184300152011092,0.022184300152011092,0.022184300152011092,0.021331057838472202,0.020477815524933315,0.020477815524933315,0.020477815524933315,0.020477815524933315,0.020477815524933315,0.020477815524933315,0.020477815524933315,0.020477815524933315,0.021331057838472202,0.022184300152011092,0.022354948614718883,0.023037542465549978,0.023208190928257773,0.023890784779088868,0.024744027092627754,0.024744027092627754,0.024744027092627754,0.024744027092627754,0.024744027092627754,0.024744027092627754,0.024744027092627754,0.024744027092627754,0.024744027092627754,0.024744027092627754,0.024744027092627754,0.024744027092627754,0.024744027092627754,0.024744027092627754,0.02491467555533555,0.025597269406166644,0.025597269406166644,0.02645051171970553,0.026621160182413325,0.02730375403324442,0.02730375403324442,0.028156996346783307,0.029010238660322197,0.029863480973861083,0.029863480973861083,0.030716723287399973,0.030716723287399973,0.03156996560093886,0.03156996560093886,0.03156996560093886,0.032423207914477746,0.03327645022801664,0.03327645022801664,0.034129692541555526,0.034129692541555526,0.034129692541555526,0.034129692541555526,0.034129692541555526,0.034129692541555526,0.034300341004263296,0.0358361771686333,0.0358361771686333,0.0358361771686333,0.0358361771686333,0.03515358331780218,0.03498293485509441,0.034129692541555526,0.034129692541555526,0.03327645022801664,0.032423207914477746,0.032423207914477746,0.030716723287399973,0.030716723287399973,0.029863480973861083,0.029863480973861083,0.028156996346783307,0.02730375403324442,0.02645051171970553,0.025597269406166644,0.024744027092627754,0.023037542465549978,0.022184300152011092,0.021331057838472202,0.01877133089785554,0.01877133089785554,0.017235494733485554,0.016211603957238873,0.016211603957238873,0.015358361643699987,0.014505119330161098,0.01365187701662221,0.012798634703083322,0.011945392389544434,0.011092150076005546,0.010238907762466658,0.010238907762466658,0.008703071598096673,0.008532423135388881,0.007679180821849993,0.006825938508311105,0.006825938508311105,0.006825938508311105,0.006825938508311105,0.006825938508311105,0.006825938508311105,0.005972696194772217,0.005972696194772217,0.005972696194772217,0.005119453881233329,0.005119453881233329,0.005972696194772217,0.005972696194772217,0.006825938508311105,0.006825938508311105,0.005972696194772217,0.005972696194772217,0.005119453881233329,0.005119453881233329,0.004436860030402233
9070500,0.008193363342100109,0.008193363342100109,0.008357230608942102,0.00901269967631012,0.009668168743678138,0.009668168743678138,0.010323637811046109,0.009586235110257165,0.010323637811046109,0.010651372344730141,0.010651372344730141,0.010733305978151161,0.011061040511835147,0.011061040511835147,0.010651372344730141,0.00991396964394115,0.009422367843415125,0.00909463330973114,0.008684965142626134,0.008684965142626134,0.008193363342100109,0.008275296975521129,0.008684965142626134,0.008193363342100109,0.007865628808416123,0.008193363342100109,0.008193363342100109,0.007783695174995103,0.007783695174995103,0.007783695174995103,0.007455960641311117,0.006964358840785092,0.005817287972891096,0.00450634983815506,0.0040966816710500545,0.0036870135039450487,0.0032773453368400434,0.002867677169735038,0.001310938134736036,0.0004916018005259786,0.0004096681671050054,0.0004096681671050054,0.0004096681671050054,0.0,0.0,0.0,8.193363342101971e-05,0.0004096681671050054,0.0012290045013150163,0.0025399426360510524,0.0032773453368400434,0.003441212603682036,0.0040966816710500545,0.0046702171049970995,0.006145022506575081,0.006964358840785092,0.008603031509205114,0.00901269967631012,0.009422367843415125,0.010651372344730141,0.010733305978151161,0.011880376846045157,0.011962310479466177,0.013519049514465179,0.014748054015780195,0.01720606301841023,0.01892666932025127,0.020073740188145266,0.02261368282419632,0.023760753692090315,0.025399426360510336,0.026218762694720347,0.027038099028930358,0.029168373497876404,0.03113478069998041,0.03285538700182145,0.03523146237103047,0.036460466872345484,0.04022941400971155,0.04367062661339363,0.04760344101760165,0.05079885272102067,0.054567799858386744,0.05784514519522679,0.06349856590127584,0.06833265027311493,0.07374027007890098,0.07882015535100304,0.08496517785757816,0.09201147033178422,0.09512494840178227,0.09995903277362132,0.10692339161440642,0.11069233875177248,0.11519868858992754,0.12044244112887159,0.12429332189965864,0.12871773810439271,0.13150348164070683,0.13887750864859683,0.1429741903196469,0.151167553661747,0.15526423533279707,0.16018025333805722,0.16755428034594722,0.17574764368804732,0.18476034336435745,0.1962310520432976,0.20852109705644775,0.21753379673275788,0.22900450541169803,0.23719786875379814,0.24948791376694832,0.2576812771090484,0.26259729511430857,0.27406800379324864,0.2822613671353487,0.302744775490599,0.31503482050374915,0.3273248655168993,0.3314215471879494,0.3396149105300495,0.34862761020635963,0.36009831888529975,0.3682916822273999,0.38058172724055006,0.3928717722537002,0.40598115360106046,0.4264645619563107,0.45022531564840096,0.4666120423326012,0.48709545068785143,0.5116755407141518,0.528062267398352,0.5616550571009624,0.601802537477253,0.6599754172061637,0.7009422339166643,0.7337156872850648,0.7787791856666153,0.823842684048166,0.8525194557455162,0.8779188821060266,0.9106923354744271,0.9377304345033575,0.9623105245296577,0.9746005695428079,0.979516587548068,0.9877099508901681,0.9959033142322682,0.9999999959033182,0.9999999959033182,0.9991806595691083,0.9877099508901681,0.982793932884908,0.9754199058770179,0.9705038878717579,0.9541171611875576,0.9336337528323073,0.8975829541270669,0.8770995457718166,0.8492421104086765,0.8230233477139559,0.7902498943455555,0.7623924589824153,0.7296190056140148,0.6968455522456144,0.664072098877214,0.6280213001719736,0.5944285104693628,0.5698484204430625,0.5485456757536022,0.528062267398352,0.5034821773720517,0.4911921323589015,0.47972142367996135,0.46251536066155113,0.454321997319451,0.4379352706352508,0.42564522562210066,0.3969684539247503,0.38058172724055006,0.3682916822273999,0.3568209735484598,0.34780827387214963,0.3396149105300495,0.3314215471879494,0.3273248655168993,0.3232281838458493,0.31503482050374915,0.3117574751669092,0.3109381388326991,0.3109381388326991,0.30684145716164907,0.30684145716164907,0.30684145716164907,0.302744775490599,0.29864809381954893,0.29864809381954893,0.29864809381954893,0.29864809381954893,0.29864809381954893,0.29864809381954893,0.29864809381954893,0.2945514121484989,0.2945514121484989,0.2945514121484989,0.2945514121484989,0.2945514121484989,0.2945514121484989,0.2945514121484989,0.2945514121484989,0.2945514121484989,0.2945514121484989,0.29045473047744885,0.29045473047744885,0.29045473047744885,0.29045473047744885,0.29127406681165896,0.2945514121484989,0.2945514121484989,0.2945514121484989,0.29045473047744885,0.29045473047744885,0.29045473047744885,0.29045473047744885,0.29045473047744885,0.2863580488063988,0.2863580488063988,0.2863580488063988,0.28308070346955877,0.2822613671353487,0.2822613671353487,0.2781646854642987,0.2781646854642987,0.2781646854642987,0.27406800379324864,0.27406800379324864,0.27406800379324864,0.27406800379324864,0.2699713221221986,0.2699713221221986,0.2658746404511485,0.2658746404511485,0.26177795878009846,0.26177795878009846,0.26177795878009846,0.2576812771090484,0.2576812771090484,0.2535845954379984,0.24948791376694832,0.24948791376694832,0.24539123209589825,0.2412945504248482,0.23719786875379814,0.2331011870827481,0.2331011870827481,0.22900450541169803,0.22490782374064797,0.22081114206959793,0.21671446039854786,0.21261777872749782,0.20852109705644775,0.2044244153853977,0.20032773371434764,0.1962310520432976,0.1962310520432976,0.19213437037224754,0.19213437037224754,0.1880376887011975,0.1806636616933075,0.17656698002225743,0.17574764368804732,0.17165096201699728,0.16755428034594722,0.16755428034594722,0.16755428034594722,0.16345759867489718,0.16345759867489718,0.16345759867489718,0.1593609170038471,0.1593609170038471,0.1593609170038471,0.15608357166700715,0.15526423533279707,0.15526423533279707,0.15526423533279707,0.15198688999595703,0.151167553661747,0.151167553661747,0.14707087199069696,0.14707087199069696,0.1429741903196469,0.1429741903196469,0.13887750864859683,0.13478082697754679,0.1286358044709717,0.12421138826623766,0.12052437476229262,0.11765669759255758,0.11429741862229652,0.11020073695124646,0.10782466158203745,0.10421958171151337,0.10241704177625136,0.09979516550677933,0.09668168743678128,0.09430561206757226,0.09258500576573123,0.0901269967631012,0.08652191689257717,0.08447357605705214,0.0827529697552111,0.08086849618652811,0.07816468628363506,0.07701761541574102,0.07619827908153101,0.07496927458021599,0.07136419470969196,0.06931585387416689,0.06759524757232589,0.0644817695023279,0.059893486030751814,0.05694387522759575,0.052929127189966674,0.05161818905523068,0.04965178185312663,0.047931175551285635,0.04629250288286561,0.04317902481286756,0.041786153044710554,0.04055714854339554,0.03973781220918553,0.03900040950839653,0.0376894713736605,0.036132732338661495,0.03408439150313647,0.03285538700182145,0.031626382500506436,0.029659975298402384,0.028267103530245374,0.025481359993931356,0.02425235549261634,0.022941417357880304,0.022122081023670293,0.020893076522355277,0.020073740188145266,0.01900860295367229,0.018435067519725245,0.01810733298604126,0.016468660317621238,0.015977058517095213,0.015649323983411227,0.01433838584867519,0.012371978646571183,0.012290045013150163,0.011880376846045157,0.010323637811046109,0.010733305978151161,0.011061040511835147,0.00983203601052013,0.008357230608942102,0.008193363342100109,0.007783695174995103,0.007783695174995103,0.007783695174995103
9073300,0.006791912579744164,0.006096833806963326,0.005957818052407148,0.005779083510834945,0.005779083510834945,0.005739364723818884,0.005739364723818884,0.005739364723818884,0.005739364723818884,0.005421614427690502,0.005421614427690502,0.005421614427690502,0.00565992714978678,0.00540175503418249,0.005143582918578181,0.005064145344546077,0.004885410802973874,0.004845692015957813,0.004845692015957813,0.0044485041457973445,0.004289628997733153,0.004051316275636858,0.0038924411275726672,0.003753425373016507,0.00365412840547639,0.003256940535315904,0.0031775029612837995,0.0030782059937437003,0.002899471452171479,0.0028597526651554356,0.002899471452171479,0.002899471452171479,0.002899471452171479,0.0027803150911233313,0.00248242418850298,0.002383127220962863,0.0019859393508023944,0.001727767235198069,0.0012908605780215573,0.0011915636104814402,0.00117170421697341,0.0009731102818931756,0.0008936727078610714,0.0005957818052407201,0.00039718787016048595,0.0002780315091123384,9.929696754011708e-05,0.00017873454157222134,7.943757403210424e-05,0.0,7.943757403210424e-05,7.943757403210424e-05,0.0002780315091123384,0.0005759224117326897,0.0008936727078610714,0.0009929696754011885,0.0010922666429413056,0.00117170421697341,0.0012908605780215573,0.00176748602221413,0.0022242520728986723,0.002978909026203583,0.0038130035535405807,0.004051316275636858,0.004051316275636858,0.004647098080877579,0.005441473821198532,0.006057115019947265,0.006255708955027518,0.007030225301840441,0.007030225301840441,0.007030225301840441,0.007030225301840441,0.007030225301840441,0.00802319497724163,0.010009134328044024,0.011002104003445213,0.012988043354247589,0.013981013029648779,0.015966952380451174,0.01695992205585236,0.01695992205585236,0.017158515990932596,0.019144455341735006,0.021924770432858322,0.023910709783660698,0.025102273394142158,0.02688961880986428,0.02688961880986428,0.02688961880986428,0.02887555816066666,0.030861497511469053,0.034039000472752885,0.0368193155638762,0.0368193155638762,0.03781228523927739,0.045756042642486935,0.04674901231788812,0.04674901231788812,0.05369980004569646,0.05667870907190004,0.060650587773504815,0.06660840582591196,0.07256622387831912,0.07653810257992388,0.08646779933393581,0.08646779933393581,0.09639749608794772,0.09858202937383033,0.10652578677703992,0.11724985927137277,0.12618658634998348,0.1361162831039954,0.1450530101826061,0.1490248888842109,0.15597567661201925,0.16590537336603114,0.1718631914184383,0.185764766874055,0.1966874333034681,0.20761009973288125,0.21654682681149195,0.22548355389010266,0.23342731129331218,0.2467331049436882,0.26440796516582943,0.27513203766016225,0.28565751621941493,0.3025380007012352,0.31226910352016685,0.3277594304564254,0.3502005451204924,0.37442900520028144,0.39349402296798436,0.41037450744980464,0.434007185724353,0.4592286154795433,0.4808753544032892,0.5096714749899238,0.5285378988225465,0.5523691710321752,0.5694482494490756,0.5861301399958156,0.6032092184127161,0.6268418966872646,0.6715255320803183,0.7295149611237478,0.7644674936978697,0.801405965622794,0.8425149101844034,0.8808435396548894,0.9007029331629133,0.930492023424949,0.9602811136869848,0.9801405071950086,0.9900702039490205,0.9999999007030325,0.9999999007030325,0.9999999007030325,0.9999999007030325,0.9920561432998231,0.9821264465458112,0.9702108104409967,0.9602811136869848,0.9503514169329729,0.9126185692677277,0.8816379153952103,0.8544305462892177,0.8033919049735966,0.7388488760725193,0.6923778952637432,0.6425308175586033,0.6127417272965675,0.5829526370345318,0.5613058981107859,0.5432338500184841,0.5164236687826519,0.49418114805366525,0.47293159700007975,0.4530722034920559,0.44016359771184044,0.4240774889703411,0.41732529517761296,0.4062040348131196,0.3942883987083053,0.37442900520028144,0.36191758729022644,0.34483850887332596,0.33610037572979545,0.32597208504070335,0.3208086427286171,0.31485082467620995,0.304921127922198,0.2983675280645502,0.2949914311681861,0.288239237375458,0.2850617344141742,0.27612500733556344,0.2691742196077551,0.26520234090615036,0.2574571774380211,0.2552726441521384,0.2487190442944906,0.2453429473981265,0.241569662631602,0.23541325064411459,0.23541325064411459,0.2316399658775901,0.2284624629163062,0.22568214782518292,0.22548355389010266,0.22468917814978173,0.22369620847438051,0.2215116751884979,0.21654682681149195,0.21555385713609074,0.21456088746068955,0.21098619662924534,0.2056241603820788,0.20264525135587527,0.19688602723854837,0.19569446362806692,0.1909282091861412,0.1861619547442155,0.18477179719865378,0.17980694882164783,0.17702663373052455,0.17583507012004307,0.17226037928859886,0.16908287632731497,0.16689834304143236,0.16590537336603114,0.164118027950309,0.16213208859950665,0.15796161596282163,0.15597567661201925,0.15597567661201925,0.15220239184549472,0.15101082823501327,0.14723754346848877,0.1450530101826061,0.1422726950914828,0.14028675574068042,0.13810222245479778,0.1361162831039954,0.13333596801287206,0.13115143472698945,0.12916549537618707,0.12817252570078586,0.12638518028506376,0.12618658634998348,0.12539221060966255,0.12439924093426134,0.12142033190805779,0.12122173797297753,0.12022876829757631,0.11923579862217515,0.11824282894677395,0.11645548353105183,0.11625688959597157,0.11625688959597157,0.11347657450484822,0.1102990715435644,0.10831313219276202,0.10632719284195964,0.1045398474262375,0.10056796872463275,0.0983834354387501,0.09639749608794772,0.09639749608794772,0.09540452641254651,0.09182983558110226,0.08964530229521962,0.08845373868473817,0.08646779933393581,0.08646779933393581,0.08646779933393581,0.08646779933393581,0.08567342359361486,0.08448185998313343,0.08249592063233105,0.0797156055412077,0.07852404193072626,0.07653810257992388,0.07574372683960294,0.0745521632291215,0.07256622387831912,0.07058028452751672,0.06859434517671434,0.06680699976099223,0.06660840582591196,0.06561543615051077,0.06382809073478865,0.06283512105938742,0.06084918170858507,0.05866464842270242,0.05667870907190004,0.05667870907190004,0.05568573939649885,0.05568573939649885,0.05111807888965341,0.04972792134409171,0.04674901231788812,0.04674901231788812,0.045756042642486935,0.043770103291684535,0.04079119426548097,0.039798224590079784,0.03880525491467858,0.03781228523927739,0.0368193155638762,0.0368193155638762,0.0368193155638762,0.0368193155638762,0.03582634588847501,0.03483337621307382,0.03483337621307382,0.03284743686227143,0.031060091446549306,0.030861497511469053,0.030067121771148116,0.029868527836067863,0.029868527836067863,0.02887555816066666,0.02788258848526547,0.02688961880986428,0.02688961880986428,0.026095243069543344,0.024903679459061905,0.023910709783660698,0.023910709783660698,0.023910709783660698,0.02291774010825951,0.02291774010825951,0.02291774010825951,0.021924770432858322,0.021924770432858322,0.020931800757457132,0.020137425017136196,0.019938831082055946,0.01894586140665474,0.017158515990932596,0.01695992205585236,0.01695992205585236,0.01695992205585236,0.01695992205585236,0.01695992205585236,0.01695992205585236,0.01695992205585236,0.016165546315531423,0.015966952380451174,0.015966952380451174,0.014973982705049984,0.014973982705049984,0.014973982705049984,0.014973982705049984,0.014973982705049984,0.014973982705049984,0.014973982705049984,0.014973982705049984,0.013981013029648779,0.013981013029648779,0.013981013029648779,0.013981013029648779,0.013981013029648779,0.013186637289327823
9073400,0.008709676951092642,0.008602150075153229,0.008602150075153229,0.008709676951092642,0.008602150075153229,0.008064515695456145,0.008064515695456145,0.008064515695456145,0.008064515695456145,0.008064515695456145,0.0076344081916984935,0.006989246936061996,0.006989246936061996,0.006451612556364912,0.0060215050526072605,0.005376343796970763,0.004838709417273698,0.004301075037576614,0.004301075037576614,0.004301075037576614,0.004301075037576614,0.004301075037576614,0.0037634406578795306,0.0037634406578795306,0.0037634406578795306,0.0032258062781824657,0.002795698774424795,0.0026881718984853816,0.0021505375187883167,0.0021505375187883167,0.0016129031390912328,0.0016129031390912328,0.0016129031390912328,0.0016129031390912328,0.0010752687593941488,0.0010752687593941488,0.0010752687593941488,0.0010752687593941488,0.0005376343796970839,0.0005376343796970839,0.00010752687593941298,0.0,0.0,0.0,0.0005376343796970839,0.0005376343796970839,0.0005376343796970839,0.0005376343796970839,0.0005376343796970839,0.0005376343796970839,0.0005376343796970839,0.0005376343796970839,0.0005376343796970839,0.000645161255636497,0.0010752687593941488,0.0010752687593941488,0.0016129031390912328,0.0016129031390912328,0.0021505375187883167,0.0021505375187883167,0.00225806439472773,0.0026881718984853816,0.0032258062781824657,0.0032258062781824657,0.0037634406578795306,0.004301075037576614,0.004301075037576614,0.004838709417273698,0.005376343796970763,0.006451612556364912,0.008064515695456145,0.009139784454850294,0.009677418834547378,0.009677418834547378,0.011290321973638611,0.012903225112729844,0.013978493872123993,0.015053762631518142,0.015053762631518142,0.01612903139091229,0.01720430015030644,0.018279568909700606,0.019354837669094755,0.020430106428488904,0.020430106428488904,0.02096774080818599,0.022580643947277202,0.024838708342004932,0.02580645022545967,0.02580645022545967,0.0274193533645509,0.0295698908833392,0.031182794022430432,0.031182794022430432,0.03333333154121873,0.03559139593594646,0.037204299075037695,0.04193548161637196,0.04193548161637196,0.04419354601109969,0.04731182541334272,0.05268816921031349,0.05806451300728425,0.06344085680425501,0.06881720060122577,0.07419354439819655,0.08290322134928921,0.08666666200716872,0.09032257578910884,0.0956989195860796,0.10161289776274744,0.10817203719505177,0.11182795097699189,0.11720429477396264,0.1209677354318422,0.12634407922881297,0.1323655842814202,0.1387096699618457,0.1496774113076661,0.15591397011215216,0.16559138894669953,0.17096773274367028,0.17634407654064102,0.1823655815932483,0.1924731079315533,0.20172041926234302,0.21397848311943637,0.22881719199907571,0.24086020210429018,0.2569892334952025,0.2731182648861148,0.2869892318822994,0.3040860051566664,0.32204299343854875,0.34301073424673467,0.359139765637647,0.37526879702855925,0.4021505160134131,0.4290322349982669,0.4451612663891792,0.4612902977800915,0.48924728552433955,0.5161290045091934,0.5473117985316237,0.5795698613134483,0.6236558804486086,0.6709677058619513,0.7150537249971117,0.7677418942074251,0.8064515695456147,0.8537633949589573,0.8806451139438112,0.9182795205226064,0.9516128520638252,0.978494571048679,0.9935483336801971,0.998924677477168,0.998924677477168,0.998924677477168,0.999999946236562,0.999999946236562,0.998924677477168,0.9881719898832264,0.9612902708983726,0.9354838206729128,0.887096726500176,0.8645160825528988,0.8107526445831912,0.7516128628165129,0.7139784562377175,0.6709677058619513,0.6279569554861851,0.5849462051104191,0.5376343796970764,0.5204300795467699,0.48279567296797454,0.45591395398312073,0.4344085787952377,0.4159139561336583,0.4012903010058978,0.38064514082553,0.359139765637647,0.34591395989709894,0.329892455382126,0.3141935314949714,0.299569876367211,0.28924729627702706,0.2838709524800563,0.27483869490114543,0.26967740485605346,0.2603225666493243,0.2516128896982317,0.24193547086368436,0.23548385830731944,0.2290322457509545,0.22322579445022608,0.21634407439010359,0.21268816060816342,0.20548385992022258,0.2010752580067066,0.1931182691871899,0.19032257041276507,0.18709676413458257,0.17870966781130823,0.17634407654064102,0.17204300150306442,0.17096773274367028,0.16946235648051847,0.16559138894669953,0.16344085142791123,0.16021504514972876,0.15913977639033458,0.15483870135275798,0.15333332508960618,0.14946235755578724,0.1463440781535442,0.14354837937911938,0.140860207480634,0.1387096699618457,0.133870960544572,0.1302150467626319,0.12795698236790418,0.12473117608972172,0.12311827295063049,0.12215053106717576,0.12043010105214512,0.11881719791305387,0.11720429477396264,0.11720429477396264,0.11666666039426557,0.11354838099202252,0.11182795097699189,0.11182795097699189,0.10978494033414302,0.10645160718002113,0.10645160718002113,0.10494623091686935,0.10107526338305035,0.09999999462365619,0.0956989195860796,0.0956989195860796,0.09311827456353365,0.09032257578910884,0.09032257578910884,0.08870967265001761,0.08655913513122929,0.0850537588680775,0.08494623199213806,0.08494623199213806,0.08494623199213806,0.08494623199213806,0.08494623199213806,0.0838709632327439,0.08064515695456147,0.07967741507110673,0.0795698881951673,0.0795698881951673,0.0795698881951673,0.07913978069140966,0.07903225381547022,0.07806451193201552,0.0779569850560761,0.077419350676379,0.077419350676379,0.07591397441322718,0.07526881315759071,0.07419354439819655,0.07322580251474181,0.07311827563880237,0.07258064125910532,0.07204300687940825,0.07118279187189294,0.07096773812001407,0.06946236185686229,0.06881720060122577,0.0682795662215287,0.0682795662215287,0.06720429746213456,0.06516128681928567,0.06451612556364918,0.06344085680425501,0.06344085680425501,0.06344085680425501,0.06344085680425501,0.062365588044860865,0.060215050526072546,0.0591397817666784,0.05806451300728425,0.057634405503526595,0.05591397548849595,0.054408599225344134,0.05322580359001057,0.05268816921031349,0.05268816921031349,0.05268816921031349,0.05053763169152519,0.04892472855243395,0.04731182541334272,0.04731182541334272,0.046236556653948574,0.044623653514857343,0.04193548161637196,0.04096773973291722,0.03924730971788658,0.038279567834431844,0.03763440657879535,0.0365591378194012,0.0365591378194012,0.03602150343970411,0.035053761556249376,0.0344086003006129,0.03333333154121873,0.03225806278182458,0.031182794022430432,0.031182794022430432,0.030107525263036283,0.0295698908833392,0.029032256503642134,0.0280645146201874,0.0274193533645509,0.02688171898485382,0.02580645022545967,0.02580645022545967,0.02580645022545967,0.025268815845762585,0.02473118146606552,0.024193547086368436,0.023118278326974287,0.022580643947277202,0.02096774080818599,0.020537633304428336,0.020430106428488904,0.020430106428488904,0.020430106428488904,0.020430106428488904,0.020430106428488904,0.020430106428488904,0.019892472048791823,0.019892472048791823,0.018924730165337085,0.018817203289397674,0.017849461405942957,0.017741934530003525,0.01720430015030644,0.016666665770609376,0.01612903139091229,0.015591397011215225,0.015053762631518142,0.015053762631518142,0.015053762631518142,0.015053762631518142,0.014623655127760489,0.014516128251821058,0.014086020748063406,0.013978493872123993,0.01344085949242691,0.012903225112729844,0.012903225112729844,0.01236559073303276,0.01236559073303276,0.011935483229275108,0.011397848849578025,0.010752687593941527,0.010752687593941527,0.010215053214244462,0.010215053214244462
9080400,0.011464966692361004,0.011464966692361004,0.010445858541928942,0.010445858541928942,0.010445858541928942,0.010445858541928942,0.011464966692361004,0.011464966692361004,0.011464966692361004,0.011464966692361004,0.011464966692361004,0.011464966692361004,0.011464966692361004,0.011464966692361004,0.011464966692361004,0.011464966692361004,0.011464966692361004,0.011464966692361004,0.011464966692361004,0.011464966692361004,0.011464966692361004,0.011464966692361004,0.011464966692361004,0.011464966692361004,0.010191081504320791,0.010191081504320791,0.010191081504320791,0.010191081504320791,0.010191081504320791,0.010191081504320791,0.010191081504320791,0.010191081504320791,0.010191081504320791,0.010445858541928942,0.010445858541928942,0.010191081504320791,0.010191081504320791,0.009171973353888729,0.008917196316280759,0.007898088165848518,0.005605094827376607,0.002802547413688213,0.002547770376080243,0.001273885188040031,0.001273885188040031,0.001273885188040031,0.001273885188040031,0.001273885188040031,0.001273885188040031,0.001273885188040031,0.001273885188040031,0.001273885188040031,0.00025477703760797,0.0,0.0,0.0,0.0,0.0,0.00025477703760797,0.001273885188040031,0.001273885188040031,0.001273885188040031,0.001273885188040031,0.001273885188040031,0.001273885188040031,0.001273885188040031,0.001273885188040031,0.001273885188040031,0.001528662225648001,0.002547770376080243,0.002547770376080243,0.002802547413688213,0.003821655564120274,0.004076432601728425,0.005095540752160486,0.005095540752160486,0.005350317789768637,0.006369425940200517,0.006369425940200517,0.006369425940200517,0.006369425940200517,0.004076432601728425,0.005350317789768637,0.006369425940200517,0.006369425940200517,0.006369425940200517,0.006369425940200517,0.006369425940200517,0.006369425940200517,0.007898088165848518,0.009171973353888729,0.010191081504320791,0.010191081504320791,0.010191081504320791,0.010191081504320791,0.010191081504320791,0.010191081504320791,0.010191081504320791,0.011974520767577124,0.015541399294089247,0.019108277820601552,0.019108277820601552,0.02828025117449028,0.029808913400138463,0.031847129701002584,0.041273880092499465,0.047133751957483865,0.057324833461804656,0.07847132758327033,0.10726113283297672,0.12101909286380982,0.13375794474421085,0.17375793964867028,0.21961780641811376,0.23566875978741914,0.2616560176234373,0.32484072295022637,0.3656050489675099,0.4012738342326326,0.4140126861130336,0.4267515379934346,0.4522292417542367,0.46496809363463776,0.4904457973954398,0.5031846492758408,0.5159235011562419,0.5286623530366429,0.5414012049170439,0.5541400567974449,0.566878908677846,0.566878908677846,0.566878908677846,0.5923566124386481,0.6050954643190491,0.6178343161994502,0.6203820865755305,0.6305731680798512,0.6433120199602522,0.6433120199602522,0.6433120199602522,0.6433120199602522,0.6433120199602522,0.6458597903363327,0.6560508718406532,0.6560508718406532,0.6585986422167337,0.6560508718406532,0.6560508718406532,0.6560508718406532,0.6560508718406532,0.6560508718406532,0.6560508718406532,0.6560508718406532,0.6560508718406532,0.6433120199602522,0.6433120199602522,0.6331209384559316,0.6305731680798512,0.6178343161994502,0.6178343161994502,0.6050954643190491,0.6050954643190491,0.5923566124386481,0.5923566124386481,0.5923566124386481,0.579617760558247,0.579617760558247,0.579617760558247,0.566878908677846,0.566878908677846,0.566878908677846,0.566878908677846,0.566878908677846,0.566878908677846,0.566878908677846,0.566878908677846,0.5541400567974449,0.5541400567974449,0.5541400567974449,0.5541400567974449,0.5541400567974449,0.5541400567974449,0.5541400567974449,0.5541400567974449,0.5541400567974449,0.5541400567974449,0.566878908677846,0.566878908677846,0.566878908677846,0.566878908677846,0.566878908677846,0.579617760558247,0.5923566124386481,0.5923566124386481,0.5923566124386481,0.6050954643190491,0.6178343161994502,0.6178343161994502,0.6178343161994502,0.6305731680798512,0.6433120199602522,0.6433120199602522,0.6433120199602522,0.6433120199602522,0.6560508718406532,0.6687897237210543,0.6687897237210543,0.6687897237210543,0.6687897237210543,0.6815285756014553,0.6815285756014553,0.6942674274818563,0.6942674274818563,0.6968151978579368,0.7197451312426584,0.7222929016187388,0.7350317534991399,0.7732483091403429,0.7834393906446636,0.7961782425250646,0.8089170944054657,0.8216559462858667,0.8471336500466687,0.8471336500466687,0.8496814204227492,0.8726113538074708,0.8853502056878718,0.8878979760639523,0.8980890575682728,0.9108279094486739,0.923566761329075,0.923566761329075,0.923566761329075,0.923566761329075,0.949044465089877,0.949044465089877,0.9617833169702781,0.9770699392267596,0.9999998726114812,0.9898087911071606,0.9770699392267596,0.9617833169702781,0.949044465089877,0.949044465089877,0.949044465089877,0.949044465089877,0.923566761329075,0.923566761329075,0.923566761329075,0.9108279094486739,0.9108279094486739,0.8980890575682728,0.8726113538074708,0.8726113538074708,0.8471336500466687,0.8471336500466687,0.8343947981662677,0.8216559462858667,0.8089170944054657,0.7961782425250646,0.7961782425250646,0.7834393906446636,0.7707005387642626,0.7707005387642626,0.7707005387642626,0.7324839831230594,0.6942674274818563,0.6942674274818563,0.622929856951611,0.5923566124386481,0.579617760558247,0.5541400567974449,0.5184712715323223,0.5159235011562419,0.5031846492758408,0.5031846492758408,0.4904457973954398,0.4777069455150388,0.46496809363463776,0.4522292417542367,0.43949038987383565,0.4140126861130336,0.4012738342326326,0.38853498235223155,0.3656050489675099,0.31847129701002586,0.27796174803035045,0.2726114302405822,0.25936302428496505,0.23210188126090683,0.20509551527445657,0.17859870336322245,0.16458596629478137,0.15566876997850063,0.13375794474421085,0.1261146336159703,0.11999998471337776,0.1123566735851372,0.10700635579536875,0.09554138910300776,0.08025476684652648,0.07006368534220568,0.07006368534220568,0.06878980015416565,0.0598726038378849,0.057324833461804656,0.05503184012333256,0.042292988242931526,0.042038211205323375,0.042038211205323375,0.040764326017283345,0.038471332678811074,0.034649677114690795,0.032101906738610554,0.030573244512962554,0.029299359324922343,0.029299359324922343,0.029554136362530493,0.029554136362530493,0.030573244512962554,0.030573244512962554,0.030828021550570704,0.030828021550570704,0.030828021550570704,0.030573244512962554,0.030573244512962554,0.030573244512962554,0.030573244512962554,0.030573244512962554,0.030573244512962554,0.030573244512962554,0.030573244512962554,0.030573244512962554,0.030573244512962554,0.029554136362530493,0.029299359324922343,0.029299359324922343,0.02802547413688231,0.02802547413688231,0.02802547413688231,0.02802547413688231,0.02802547413688231,0.02802547413688231,0.02802547413688231,0.02802547413688231,0.02802547413688231,0.02802547413688231,0.019108277820601552,0.019108277820601552,0.019108277820601552,0.018089169670169672,0.016815284482129458,0.015541399294089247,0.015286622256481277,0.014012737068441064,0.014012737068441064,0.014012737068441064,0.014012737068441064,0.014012737068441064,0.014012737068441064,0.014012737068441064,0.014012737068441064,0.014012737068441064,0.014012737068441064,0.014012737068441064,0.014012737068441064
9081600,0.0026164311536311987,0.0026164311536311987,0.0026164311536311987,0.0026164311536311987,0.0026164311536311987,0.0026164311536311987,0.0026164311536311987,0.002223966480586523,0.0019884876767597153,0.0018576661190781534,0.0018576661190781534,0.0017006802498602755,0.0015960230037150298,0.0014390371344971612,0.0013082155768155993,0.0013082155768155993,0.0013082155768155993,0.0013082155768155993,0.0013082155768155993,0.0013082155768155993,0.00094191521530723,0.0006802720999441158,0.0002616431153631236,0.0,0.0,0.0,0.0,0.0,0.0,0.0,0.0,0.0,0.0,0.0,0.0,0.0,0.0,0.0,0.0,0.0,0.0,0.0,0.0,0.0,0.0,0.0,0.0,0.0,0.0,0.0,0.00015698586921787788,0.0006802720999441158,0.0010465724614524758,0.0013082155768155993,0.0013082155768155993,0.0013082155768155993,0.0013343798883519154,0.0018315018075418371,0.002223966480586523,0.0026164311536311987,0.0026164311536311987,0.0026164311536311987,0.0037938251727652364,0.003924646730446798,0.004788069011145089,0.005232862307262397,0.005232862307262397,0.006279434768714873,0.006541077884077997,0.006541077884077997,0.00774463621474835,0.007849293460893596,0.009157509037709196,0.009445316464608626,0.010465724614524795,0.011773940191340395,0.012715855406647623,0.013082155768155993,0.014390371344971594,0.015698586921787192,0.016248037464049746,0.018315018075418393,0.01962323365223399,0.020957613540585906,0.023940345055725464,0.025143903386395817,0.026164311536311987,0.027760334540027017,0.028780742689943187,0.031397173843574384,0.03270538942038998,0.03409209793181452,0.03563579231245694,0.03793825172765238,0.04024071114284784,0.043171114034914776,0.045787545188545976,0.04840397634217718,0.05209314426879717,0.054945054226255174,0.058477236283657294,0.06159078935647844,0.06737310220600337,0.07326007230167357,0.07752485508209245,0.0866038711851927,0.09549973710753876,0.10596546172206354,0.11669282945195149,0.12951334210474433,0.13867085114245353,0.14547357214189466,0.15306122248742512,0.16483516267876552,0.1726844561396591,0.17948717713910026,0.1860282550231782,0.1936159053687087,0.2001569832527867,0.2108843509826746,0.2213500755971994,0.229199369058093,0.2383568780958022,0.25143903386395816,0.2566718961712206,0.27237048309300776,0.28414442328434825,0.2956567203603255,0.31266352285892823,0.32705389420389985,0.3443223398178658,0.3639455734700998,0.379644160391887,0.4010988958516629,0.44427000988657767,0.4790685442298726,0.5088958593812681,0.5298273086103178,0.5549450476851774,0.5824175747983048,0.6125065330650638,0.6305599080251189,0.6454735656008167,0.6802720999441116,0.7171637792103116,0.7365253697471824,0.770538974744388,0.8021977917033256,0.8309785343932687,0.8613291357753906,0.8885400197731551,0.9133961157326513,0.9254316990393551,0.9513343674603039,0.9759288203044372,0.9892726191879563,0.9945054814952187,0.9971219126488498,0.9999999869178443,0.9999999869178443,0.9999999869178443,0.9968602695334867,0.9892726191879563,0.9759288203044372,0.9602302333826499,0.9429617877686841,0.9249084128086288,0.9016221755413112,0.8647304962751112,0.833856608662263,0.8021977917033256,0.7668759711293044,0.7344322248242775,0.6886446796357317,0.6632652974455089,0.6318681236019345,0.602040808450539,0.5659340585304283,0.5340135984561278,0.5041862833047319,0.4790685442298726,0.45525902073182856,0.418890627696355,0.392726316160043,0.3715332238156302,0.3560962800092062,0.3377812619337878,0.32182103189663747,0.3105703779360233,0.29958136709077227,0.28545263886116384,0.27864991786172266,0.27106226751619217,0.25771846863267306,0.2459445284413327,0.23940345055725468,0.229199369058093,0.2223966480586519,0.2121925665594902,0.2053898455600491,0.2001569832527867,0.1886446861768094,0.1805337496005527,0.1726844561396591,0.16378859021731307,0.15698586921787192,0.15175300691060953,0.14782836018016274,0.14390371344971592,0.13997906671926913,0.13605441998882234,0.13212977325837552,0.12689691095111313,0.12297226422066634,0.11930926060558268,0.11773940191340394,0.11381475518295714,0.10989010845251035,0.10727367729887914,0.10361067368379549,0.09968602695334869,0.09680795268435435,0.09288330595390755,0.09157509037709195,0.08895865922346076,0.08765044364664516,0.08634222806982955,0.08372579691619836,0.08241758133938276,0.07980115018575155,0.07762951232823767,0.07587650345530476,0.07326007230167357,0.07210884259407584,0.07142857049413172,0.07064364114804236,0.06933542557122677,0.0680795386174838,0.06779173119058435,0.06671899441759557,0.06577707920228834,0.0650444784792716,0.06428571344471855,0.06399790601781913,0.06279434768714877,0.06279434768714877,0.06148613211033317,0.0611198317488248,0.05931449425281928,0.05886970095670197,0.0585034005951936,0.057561485379886375,0.05709052777223276,0.05625326980307077,0.054945054226255174,0.054945054226255174,0.054421767995528926,0.05363683864943957,0.05261643049952341,0.052328623072623974,0.052328623072623974,0.05141287216885305,0.05102040749580838,0.05102040749580838,0.050784928691981576,0.04984301347667433,0.049712191918992774,0.04947671311516598,0.04840397634217718,0.04829931909603195,0.04751438974994258,0.04709576076536158,0.04659863884617164,0.045787545188545976,0.045525902073182856,0.04447932961173038,0.04398220769254044,0.043171114034914776,0.043171114034914776,0.04251700624650698,0.04186289845809918,0.04186289845809918,0.04162741965427238,0.04110413342354615,0.04055468288128358,0.039795917846730554,0.039508110419831106,0.03911564574678643,0.03846153795837863,0.03793825172765238,0.03772893723536189,0.036891679266199906,0.036630036150836785,0.03587127111628376,0.03532182057402118,0.03443223398178658,0.034013604997205585,0.034013604997205585,0.03388278343952403,0.03270538942038998,0.03260073217424476,0.031658816958937505,0.031397173843574384,0.03040293000519453,0.030088958266758784,0.029199371674524178,0.028780742689943187,0.02867608544379794,0.027472527113127587,0.027472527113127587,0.026452118963211417,0.026164311536311987,0.024856095959496387,0.024463631286451713,0.023704866251898667,0.02354788038268079,0.023076922775027174,0.02223966480586519,0.021978021690502066,0.02106227078673115,0.02093144922904959,0.019884876767597114,0.019309261913798254,0.018315018075418393,0.018315018075418393,0.01703296681013911,0.016745159383239668,0.015698586921787192,0.014939821887234146,0.014390371344971594,0.014390371344971594,0.01347462044120067,0.013082155768155993,0.013082155768155993,0.011773940191340395,0.011773940191340395,0.01166928294519515,0.010465724614524795,0.010465724614524795,0.00999476700687118,0.009157509037709196,0.009157509037709196,0.008660387118519273,0.007849293460893596,0.007849293460893596,0.007221349984022112,0.007064364114804235,0.006671899441759559,0.006541077884077997,0.006541077884077997,0.006541077884077997,0.006410256326396435,0.006017791653351759,0.0056514912918433895,0.005232862307262397,0.005232862307262397,0.005232862307262397,0.004735740388072476,0.004447932961173036,0.004474097272709352,0.004317111403491474,0.003924646730446798,0.003924646730446798,0.003924646730446798,0.003924646730446798,0.003924646730446798
9085000,0.02864864849379109,0.028216216063696186,0.02702702688093499,0.02702702688093499,0.026486486343316292,0.026054053913221385,0.02594594580569759,0.02432432419284149,0.022270270149890425,0.02162162150474799,0.02162162150474799,0.02162162150474799,0.021081080967129292,0.020648648537034388,0.01999999989189189,0.01902702692417829,0.018378378279035792,0.017297297203798394,0.016216216128560994,0.015135135053323595,0.014594594515704894,0.014054053978086196,0.012432432365230095,0.011891891827611396,0.010810810752373995,0.010270270214755297,0.010270270214755297,0.009189189139517896,0.008756756709422992,0.008648648601899197,0.008108108064280497,0.007675675634185593,0.007567567526661797,0.007135135096566831,0.0064864864514243975,0.006054054021329493,0.005945945913805698,0.005405405376186998,0.005405405376186998,0.004432432408473394,0.003891891870854694,0.003351351333235994,0.0032432432257121988,0.0022702702579985943,0.0011891891827611949,0.0006486486451424337,0.00010810810752376454,0.00010810810752376454,0.0005405405376186998,0.0,0.0,0.00010810810752376454,0.0010810810752373997,0.0011891891827611949,0.0022702702579985943,0.002702702688093499,0.003891891870854694,0.003891891870854694,0.004324324300949599,0.004324324300949599,0.004540540515997066,0.005513513483710793,0.005945945913805698,0.0064864864514243975,0.007243243204090565,0.008648648601899197,0.008648648601899197,0.010270270214755297,0.011891891827611396,0.013513513440467495,0.01470270262322869,0.016216216128560994,0.017297297203798394,0.017837837741417093,0.019459459354273193,0.020540540429510593,0.02162162150474799,0.023783783655222792,0.02540540526807889,0.026594594450840024,0.02810810795617239,0.02918918903140979,0.03027027010664719,0.03189189171950329,0.03308108090226442,0.03459459440759679,0.03535135116026295,0.036756756558071584,0.03902702681607018,0.041081080859021187,0.042162161934258584,0.04378378354711469,0.04605405380511322,0.05037837810606281,0.05351351322425128,0.05729729698758218,0.06054054021329438,0.06389189154653037,0.06972972935281227,0.07243243204090577,0.0763243239117604,0.07902702659985397,0.08594594548137327,0.09091891842746533,0.09621621569612857,0.10281081025507673,0.10918918859897736,0.11675675612563922,0.12821621552315562,0.13351351279181886,0.13848648573791092,0.14345945868400292,0.1476756748774288,0.15675675590942295,0.1629189180382761,0.16778378287684448,0.17308108014550772,0.177945944984076,0.18648648547845142,0.19427026922016075,0.2033513502521549,0.21081080967129293,0.22216216096128563,0.2302702690255661,0.2379459446597517,0.24940540405726808,0.26443243100306796,0.2745945931102995,0.2899459443786706,0.3029189172815194,0.320108106377794,0.32940540362483567,0.34702702515120537,0.36756756558071585,0.38378378170927685,0.42162161934258585,0.44324324084733385,0.47027026772826885,0.4972972946092038,0.5189189161139518,0.5524324294463112,0.5794594563272463,0.6054054021329438,0.6270270236376918,0.6648648612710008,0.6918918881519357,0.7189189150328708,0.7470270229890432,0.7794594552461651,0.8054054010518628,0.8324324279327977,0.8594594548137326,0.8756756709422937,0.9135135085756027,0.9297297247041637,0.9513513462089117,0.9621621569612856,0.9675675623374727,0.9805405352403217,0.9902702649174581,0.9999999945945947,0.9999999945945947,0.9945945892184076,0.9837837784660336,0.974054048788897,0.9675675623374727,0.9513513462089117,0.9243243193279767,0.8875675627699051,0.8648648601899197,0.8324324279327977,0.8108108064280497,0.7729729687947408,0.7405405365376188,0.7189189150328708,0.6983783746033602,0.6702702666471878,0.6432432397662528,0.6216216182615047,0.5999999967567567,0.5675675644996347,0.5351351322425129,0.5091891864368152,0.4875675649320673,0.45405405159970785,0.43243243009495985,0.41621621396639885,0.40540540321402485,0.38918918708546385,0.37837837633308985,0.36216216020452885,0.35135134945215485,0.3365405387214025,0.32594594418407596,0.3196756739476991,0.31091891723827614,0.29697297136771367,0.28605405250781596,0.2714594579921111,0.2572972959065012,0.24810810676698322,0.2362162149393718,0.22875675552023378,0.22064864745595328,0.21113513399386422,0.20216216106939372,0.1953513502953981,0.1892972962740687,0.1845405395430241,0.17978378281197957,0.17459459365084004,0.16886486395208186,0.1650810801887509,0.16129729642542,0.15891891805989775,0.156324323479328,0.15567567483418554,0.1526486478235208,0.1498378370279036,0.14918918838276116,0.14864864784514245,0.14735135055485757,0.1449729721893353,0.14151351274857565,0.1379459452002922,0.13578378304981742,0.1342702695444851,0.1325405398241052,0.1305945938886779,0.12875675606077433,0.12605405337268083,0.12605405337268083,0.12464864797487218,0.12432432365230095,0.12345945879211108,0.12118918853411252,0.12108108042658876,0.12064864799649382,0.12064864799649382,0.11967567502878013,0.11967567502878013,0.11967567502878013,0.12064864799649382,0.12205405339430245,0.12410810743725349,0.12410810743725349,0.12389189122220602,0.12454053986734849,0.12454053986734849,0.12454053986734849,0.12454053986734849,0.12389189122220602,0.12270270203944486,0.12108108042658876,0.11956756692125642,0.11794594530840032,0.11783783720087655,0.11740540477078162,0.11686486423316292,0.11686486423316292,0.11632432369554423,0.11632432369554423,0.11632432369554423,0.11621621558802046,0.11632432369554423,0.11632432369554423,0.11729729666325786,0.11729729666325786,0.11686486423316292,0.11621621558802046,0.11621621558802046,0.11686486423316292,0.11740540477078162,0.11740540477078162,0.11729729666325786,0.11686486423316292,0.11675675612563916,0.11621621558802046,0.11621621558802046,0.11621621558802046,0.11621621558802046,0.11621621558802046,0.11621621558802046,0.11578378315792552,0.11578378315792552,0.11621621558802046,0.11621621558802046,0.11621621558802046,0.11621621558802046,0.11621621558802046,0.11578378315792552,0.11621621558802046,0.11578378315792552,0.11567567505040176,0.11481081019021189,0.11459459397516436,0.11416216154506942,0.11405405343754565,0.11362162100745073,0.11351351289992696,0.11308108046983202,0.11297297236230826,0.11189189128707086,0.11135135074945215,0.11037837778173852,0.10983783724411983,0.10929729670650112,0.10875675616888243,0.10864864806135865,0.10756756698612126,0.10594594537326517,0.10486486429802776,0.10378378322279036,0.10270270214755296,0.10162162107231557,0.10010810756698323,0.09837837784660336,0.09729729677136596,0.09578378326603362,0.09470270219079623,0.09351351300803507,0.09081081031994157,0.08810810763184806,0.08551351305127833,0.08432432386851717,0.08270270225566106,0.07945945902994887,0.07837837795471148,0.0763243239117604,0.07513513472899927,0.07351351311614317,0.07189189150328708,0.07027026989043098,0.06875675638509866,0.06756756720233748,0.06605405369700518,0.06486486451424398,0.06335135100891161,0.06227026993367427,0.061621621288531776,0.06064864832081817,0.05956756724558077,0.058486486170343376,0.05729729698758218,0.05675675644996348,0.05524324294463118,0.053081080794156375,0.05243243214901388,0.05081081053615778,0.04972972946092038,0.04918918892330168,0.04810810784806428,0.047027026772826885,0.04648648623520818,0.04540540515997078,0.044864864622352084,0.044324324084733385,0.04324324300949598,0.042162161934258584,0.041621621396639885,0.04010810789130758,0.038918918708546385,0.038378378170927686,0.03740540520321402,0.036756756558071584,0.03632432412797668
9085100,0.013692377878383438,0.013692377878383438,0.011410314898652865,0.013692377878383438,0.013692377878383438,0.011410314898652865,0.011410314898652865,0.011410314898652865,0.011410314898652865,0.011410314898652865,0.011410314898652865,0.011410314898652865,0.011410314898652865,0.009584664514868406,0.009584664514868406,0.009128251918922291,0.009128251918922291,0.009128251918922291,0.009128251918922291,0.006846188939191719,0.006846188939191719,0.006846188939191719,0.006846188939191719,0.0045641259594611456,0.0045641259594611456,0.0045641259594611456,0.0045641259594611456,0.0045641259594611456,0.0045641259594611456,0.0045641259594611456,0.0022820629797305728,0.0022820629797305728,0.0022820629797305728,0.0022820629797305728,0.0022820629797305728,0.0022820629797305728,0.0022820629797305728,0.0022820629797305728,0.0022820629797305728,0.0022820629797305728,0.0,0.0022820629797305728,0.0022820629797305728,0.0022820629797305728,0.0022820629797305728,0.0022820629797305728,0.0022820629797305728,0.0022820629797305728,0.0022820629797305728,0.0022820629797305728,0.0022820629797305728,0.0045641259594611456,0.0045641259594611456,0.006846188939191719,0.006846188939191719,0.006846188939191719,0.009128251918922291,0.011410314898652865,0.011410314898652865,0.013692377878383438,0.013692377878383438,0.013692377878383438,0.01597444085811401,0.01597444085811401,0.01597444085811401,0.018256503837844582,0.018256503837844582,0.020538566817575158,0.020538566817575158,0.02282062979730573,0.02282062979730573,0.025102692777036303,0.025102692777036303,0.027384755756766875,0.02784116835271299,0.030123231332443615,0.034230944695958596,0.03468735729190476,0.036513007675689164,0.03879507065541974,0.041077133635150316,0.043359196614880885,0.04564125959461146,0.04792332257434203,0.05248744853380318,0.05476951151353375,0.059333637472994895,0.06389776343245604,0.06846188939191719,0.07074395237164777,0.0753080783311089,0.07804655390678565,0.08215426727030063,0.0844363302500312,0.08900045620949235,0.0935645821689535,0.09812870812841464,0.10269283408787579,0.10725696004733692,0.10999543562301362,0.11638521196625923,0.12094933792572037,0.1255134638851815,0.12779552686491208,0.13692377878383438,0.1437699677230261,0.15289821964194839,0.1620264715608707,0.17115472347979296,0.1784573250149308,0.187129164337907,0.1944317658730448,0.203103605196021,0.21223185711494327,0.22364217201359615,0.22866271056900342,0.24189867585144073,0.24874486479063246,0.25787311670955476,0.2761296205473993,0.28982199842578277,0.29895025034470507,0.3103605652433579,0.3199452297582263,0.3308991320609331,0.3491556358987777,0.36056595079743053,0.3769968042514907,0.390232769533928,0.40209949702852704,0.41989958827042545,0.434048378744755,0.4568690085420608,0.47466909978395916,0.4915563658339655,0.5504335907110142,0.5960748503056257,0.6325878579813148,0.685075306515118,0.7188498386151305,0.7581013218664964,0.8060246444408383,0.8306709246219286,0.8630762189341027,0.8817891353678934,0.9087174785287142,0.9297124579422354,0.9470561365881878,0.9630305774463018,0.9698767663854935,0.9790050183044158,0.9872204450314461,0.9954358717584759,0.9977179347382065,0.9999999977179371,0.9999999977179371,0.9972615221422604,0.9931538087787454,0.9840255568598231,0.9726152419611702,0.9593792766787329,0.936102234285481,0.9128251918922292,0.8813327227719473,0.8580556803786956,0.8306709246219286,0.7996348680975928,0.776357825704341,0.7581013218664964,0.7279780905340528,0.701049747373232,0.669100865657004,0.6485622988394288,0.6234596060623926,0.6029210392448175,0.5887722487704878,0.5659516189731821,0.545413052155607,0.5184847089947862,0.5002282051569417,0.481971701319097,0.454130532966384,0.43359196614880885,0.41761752529069485,0.406207210392042,0.38840711915014353,0.37654039165554454,0.3633044263731072,0.35143769887850823,0.3377453210001248,0.3313555446568792,0.32679141869741807,0.3217708801420108,0.3172067541825496,0.3130990408190346,0.3035143763041662,0.29666818736497447,0.2921040614055133,0.2875399354460522,0.28297580948659107,0.28069374650686046,0.2761296205473993,0.27384755756766876,0.27156549458793816,0.26471930564874646,0.2624372426690159,0.2601551796892853,0.25787311670955476,0.25559105372982416,0.2533089907500936,0.251026927770363,0.24874486479063246,0.24646280181090188,0.24463715142711742,0.2441807388311713,0.24235508844738685,0.24235508844738685,0.24189867585144073,0.24189867585144073,0.23961661287171016,0.23961661287171016,0.23961661287171016,0.23733454989197958,0.235052486912249,0.235052486912249,0.23277042393251846,0.23277042393251846,0.23277042393251846,0.23277042393251846,0.23277042393251846,0.23048836095278788,0.23048836095278788,0.23048836095278788,0.2282062979730573,0.2282062979730573,0.22592423499332673,0.22364217201359615,0.22364217201359615,0.22136010903386558,0.22136010903386558,0.219078046054135,0.219078046054135,0.21679598307440442,0.21679598307440442,0.21451392009467385,0.20994979413521273,0.20766773115548215,0.20538566817575157,0.2035600177919671,0.203103605196021,0.20082154221629042,0.19853947923655985,0.19625741625682927,0.1939753532770987,0.19169329029736812,0.187129164337907,0.187129164337907,0.18256503837844584,0.18256503837844584,0.18028297539871527,0.17343678645952354,0.17161113607573908,0.17115472347979296,0.1688726605000624,0.16659059752033184,0.16430853454060126,0.1620264715608707,0.1597444085811401,0.1597444085811401,0.15746234560140954,0.15518028262167896,0.15518028262167896,0.15289821964194839,0.15289821964194839,0.15289821964194839,0.1506161566622178,0.1506161566622178,0.1506161566622178,0.1506161566622178,0.14833409368248723,0.14833409368248723,0.14833409368248723,0.14650844329870277,0.14605203070275666,0.14605203070275666,0.14605203070275666,0.14605203070275666,0.14605203070275666,0.14605203070275666,0.1437699677230261,0.14148790474329553,0.13920584176356496,0.13920584176356496,0.1373801913797805,0.13692377878383438,0.1346417158041038,0.13235965282437323,0.13053400244058877,0.12779552686491208,0.1255134638851815,0.12323140090545094,0.11866727494598979,0.11638521196625923,0.11410314898652865,0.11182108600679808,0.1095390230270675,0.10725696004733692,0.10497489706760636,0.10269283408787579,0.10041077110814521,0.09812870812841464,0.09584664514868406,0.0935645821689535,0.09128251918922292,0.08900045620949235,0.08671839322976177,0.0844363302500312,0.08215426727030063,0.07987220429057006,0.07576449092705502,0.07302601535137833,0.07120036496759392,0.07074395237164777,0.06617982641218662,0.06389776343245604,0.06161570045272547,0.06161570045272547,0.05750798708921044,0.055225924109479865,0.05476951151353375,0.05248744853380318,0.05248744853380318,0.050205385554072605,0.04564125959461146,0.043359196614880885,0.041077133635150316,0.03879507065541974,0.036513007675689164,0.034230944695958596,0.034230944695958596,0.03194888171622802,0.029666818736497447,0.027384755756766875,0.027384755756766875,0.025102692777036303,0.02282062979730573,0.02282062979730573,0.020538566817575158,0.020538566817575158,0.020538566817575158,0.020538566817575158,0.018256503837844582,0.016430853454060177,0.01597444085811401,0.01597444085811401,0.01597444085811401,0.014148790474329605,0.013692377878383438,0.01597444085811401,0.01597444085811401,0.01597444085811401,0.014148790474329605,0.013692377878383438,0.013692377878383438,0.013692377878383438,0.013692377878383438
9095500,0.008638420385359117,0.008638420385359117,0.008227067033675305,0.008227067033675305,0.008227067033675305,0.008227067033675305,0.008227067033675305,0.008227067033675305,0.008227067033675305,0.0065816536269402435,0.0065816536269402435,0.006170300275256478,0.006170300275256478,0.006170300275256478,0.006170300275256478,0.006170300275256478,0.0041135335168376525,0.006170300275256478,0.006170300275256478,0.0041135335168376525,0.0041135335168376525,0.0041135335168376525,0.0041135335168376525,0.0041135335168376525,0.0020567667584188262,0.0,0.0,0.0,0.0,0.0,0.0,0.0,0.0,0.0,0.0,0.0,0.0,0.0,0.0,0.0,0.0,0.0,0.0,0.0020567667584188262,0.0020567667584188262,0.0024681201101026382,0.0041135335168376525,0.0041135335168376525,0.006170300275256478,0.006170300275256478,0.008227067033675305,0.008227067033675305,0.008227067033675305,0.008227067033675305,0.01028383379209413,0.012340600550512957,0.012340600550512957,0.014397367308931784,0.014397367308931784,0.01480872066061555,0.01645413406735061,0.01645413406735061,0.018510900825769436,0.018510900825769436,0.02056766758418826,0.02056766758418826,0.02056766758418826,0.022624434342607087,0.022624434342607087,0.022624434342607087,0.024681201101025913,0.02673796785944474,0.028794734617863568,0.02920608796954738,0.030851501376282394,0.030851501376282394,0.03290826813470122,0.03496503489312004,0.03702180165153887,0.0390785684099577,0.04113533516837652,0.04319210192679535,0.045248868685214175,0.047305635443633004,0.049362402202051826,0.051419168960470656,0.05553270247730831,0.06005758934582977,0.06417112286266738,0.06993006978624008,0.07198683654465891,0.0781571368199154,0.08432743709517188,0.08844097061200952,0.09049773737042835,0.09461127088726601,0.10078157116252248,0.1053064580310439,0.10941999154788155,0.11517893847145427,0.11970382533997569,0.12340600550512958,0.12751953902196722,0.1361579594073263,0.1443850264410016,0.15055532671625807,0.1563142736398308,0.16248457391508728,0.1727684077071814,0.17893870798243788,0.18716577501611317,0.19374742864305342,0.20361990908346378,0.20979020935872028,0.2139037428755579,0.22665569677775466,0.23447141045974618,0.2426984774934215,0.25503907804393444,0.26573426518771237,0.2756067456281227,0.29000411293705447,0.3002879467291486,0.31303990063134535,0.3315508014571148,0.34389140200762786,0.35787741596487577,0.3702180165153887,0.38872891734115816,0.39942410448493604,0.41382147179386786,0.43233237261963725,0.4590703404790821,0.48169477482168926,0.5125462761979714,0.5512134912562454,0.6071575470852375,0.6585767160457081,0.6931303975871445,0.7363224995139398,0.7655285874834871,0.816536403092274,0.8412176041932999,0.8679555720527447,0.8905800063953517,0.9152612074963776,0.9461127088726601,0.9526943624996003,0.9687371432152672,0.9749074434905236,0.9814890971174639,0.9905388708545066,0.9962978177780794,0.9999999979432332,0.9999999979432332,0.9962978177780794,0.9835458638758827,0.979432330359045,0.9547511292580191,0.9461127088726601,0.9296585748053094,0.8823529393616765,0.863842038535907,0.8416289575449837,0.80954339611365,0.7860962550676753,0.7470176866577176,0.7149321252263839,0.6935417509388282,0.6705059632445374,0.6462361154951952,0.6137392007121779,0.5865898795010492,0.567667625323596,0.5557383781247668,0.5355820638922625,0.5125462761979714,0.4833401882284242,0.46524064075433846,0.44220485306004764,0.42410530558596193,0.4031262846500899,0.3850267371760043,0.3702180165153887,0.3562320025581407,0.3480049355244654,0.3352529816222687,0.32085561431333687,0.3085150137628239,0.294528999805576,0.28589057942021684,0.27972027914496034,0.2735499788697039,0.2653229118360286,0.2554504313956183,0.24928013112036174,0.2447552442518403,0.24064171073500265,0.23447141045974618,0.23035787694290855,0.22665569677775466,0.22213080990923323,0.2200740431508144,0.21801727639239557,0.21596050963397675,0.21225832946882287,0.20979020935872028,0.20773344260030144,0.20773344260030144,0.20567667584188262,0.20567667584188262,0.20361990908346378,0.20156314232504496,0.19950637556662615,0.19580419540147226,0.19333607529136967,0.1916906618846346,0.19127930853295083,0.19127930853295083,0.18963389512621587,0.18963389512621587,0.18922254177453202,0.18922254177453202,0.18922254177453202,0.18716577501611317,0.18716577501611317,0.18716577501611317,0.18716577501611317,0.18716577501611317,0.18716577501611317,0.18716577501611317,0.18716577501611317,0.18716577501611317,0.18510900825769436,0.18510900825769436,0.18510900825769436,0.18305224149927554,0.1809954747408567,0.1809954747408567,0.1809954747408567,0.17935006133412165,0.17893870798243788,0.17893870798243788,0.17893870798243788,0.1772932945757028,0.17688194122401904,0.17688194122401904,0.17482517446560022,0.17482517446560022,0.1727684077071814,0.17071164094876257,0.17071164094876257,0.1665981074319249,0.1645413406735061,0.16042780715666843,0.15837104039824962,0.1563142736398308,0.15425750688141196,0.15220074012299314,0.1501439733645743,0.14849855995783925,0.14808720660615549,0.14603043984773667,0.14603043984773667,0.14603043984773667,0.14397367308931783,0.141916906330899,0.141916906330899,0.13986013957248017,0.13986013957248017,0.13780337281406135,0.13780337281406135,0.13574660605564254,0.13410119264890746,0.1336898392972237,0.1336898392972237,0.1336898392972237,0.1336898392972237,0.13163307253880488,0.13163307253880488,0.13163307253880488,0.13163307253880488,0.1299876591320698,0.12957630578038604,0.12957630578038604,0.12957630578038604,0.12957630578038604,0.12751953902196722,0.12751953902196722,0.12751953902196722,0.1254627722635484,0.1254627722635484,0.12340600550512958,0.12340600550512958,0.12134923874671075,0.12134923874671075,0.11929247198829192,0.11929247198829192,0.11723570522987309,0.11517893847145427,0.11312217171303544,0.11106540495461661,0.10900863819619779,0.10695187143777896,0.10489510467936014,0.10489510467936014,0.10283833792094131,0.09707939099736859,0.09666803764568484,0.09255450412884718,0.08885232396369329,0.08844097061200952,0.0863842038535907,0.08432743709517188,0.08227067033675305,0.08021390357833422,0.0781571368199154,0.07610037006149657,0.07404360330307774,0.07198683654465891,0.06993006978624008,0.06787330302782127,0.06787330302782127,0.06581653626940244,0.06170300275256479,0.05964623599414596,0.057589469235727136,0.05347593571888948,0.051419168960470656,0.049362402202051826,0.047305635443633004,0.045660222036897985,0.04319210192679535,0.04113533516837652,0.0390785684099577,0.03702180165153887,0.03702180165153887,0.03496503489312004,0.03290826813470122,0.02920608796954738,0.028794734617863568,0.02673796785944474,0.024681201101025913,0.02056766758418826,0.018510900825769436,0.01645413406735061,0.012751953902196769,0.012340600550512957,0.012340600550512957,0.012340600550512957,0.01028383379209413,0.01028383379209413,0.01028383379209413,0.008227067033675305,0.008227067033675305,0.008227067033675305,0.008227067033675305,0.008227067033675305,0.01028383379209413,0.01028383379209413,0.01028383379209413,0.008227067033675305,0.008227067033675305,0.008227067033675305,0.0065816536269402435,0.006170300275256478
9109000,0.035262805762763035,0.035262805762763035,0.035262805762763035,0.035262805762763035,0.034708359131273084,0.034708359131273084,0.034708359131273084,0.034708359131273084,0.034708359131273084,0.035262805762763035,0.035262805762763035,0.035262805762763035,0.035262805762763035,0.035262805762763035,0.035262805762763035,0.035262805762763035,0.035262805762763035,0.035262805762763035,0.035262805762763035,0.035262805762763035,0.035262805762763035,0.035262805762763035,0.035262805762763035,0.035262805762763035,0.035262805762763035,0.035262805762763035,0.03481924845757114,0.035262805762763035,0.035262805762763035,0.035262805762763035,0.035262805762763035,0.035262805762763035,0.035262805762763035,0.035262805762763035,0.035262805762763035,0.035262805762763035,0.035262805762763035,0.035262805762763035,0.035262805762763035,0.035262805762763035,0.035262805762763035,0.035262805762763035,0.035262805762763035,0.035262805762763035,0.035262805762763035,0.035262805762763035,0.035262805762763035,0.035262805762763035,0.035262805762763035,0.03481924845757114,0.03481924845757114,0.034708359131273084,0.034708359131273084,0.034708359131273084,0.034708359131273084,0.034708359131273084,0.035262805762763035,0.035262805762763035,0.035262805762763035,0.035262805762763035,0.035262805762763035,0.035262805762763035,0.035262805762763035,0.035262805762763035,0.035262805762763035,0.035262805762763035,0.035262805762763035,0.035262805762763035,0.035262805762763035,0.035262805762763035,0.035262805762763035,0.035262805762763035,0.035262805762763035,0.035262805762763035,0.035262805762763035,0.035262805762763035,0.035262805762763035,0.035262805762763035,0.035262805762763035,0.035262805762763035,0.035262805762763035,0.035262805762763035,0.035262805762763035,0.035262805762763035,0.035262805762763035,0.035262805762763035,0.035262805762763035,0.035262805762763035,0.035262805762763035,0.03537369508906101,0.03592814172055096,0.03637169902574302,0.03637169902574302,0.03637169902574302,0.03637169902574302,0.03692614565723298,0.03703703498353103,0.03803503892021296,0.0396983788146829,0.040363714772470985,0.042027054666940844,0.04357950523511281,0.04357950523511281,0.04357950523511281,0.04757152098184069,0.0507873114444826,0.05089820077078065,0.057440671022362666,0.10490130267790562,0.1329563022312984,0.13572853538874832,0.14060766574586017,0.15169659837565985,0.15169659837565985,0.1572410646905597,0.1572410646905597,0.16278553100545956,0.16832999732035941,0.17387446363525927,0.17387446363525927,0.17941892995015912,0.17941892995015912,0.17941892995015912,0.17941892995015912,0.1982701154208188,0.2126857278395582,0.2126857278395582,0.2126857278395582,0.2304280200472378,0.25704145835875697,0.3124861215077555,0.3124861215077555,0.329119520452455,0.36349521160483417,0.3845641836014535,0.3956531162312532,0.407850942124033,0.4178309814908526,0.4344643804355522,0.440008846750452,0.44555331306535184,0.4510977793802517,0.45664224569515155,0.4621867120100514,0.479929004217731,0.4899090435845507,0.5009979762143504,0.5852738642008282,0.6007983698825476,0.6063428361974474,0.6285207014570469,0.6396096340868466,0.6506985667166463,0.6506985667166463,0.6506985667166463,0.6628963926094259,0.6784208982911455,0.7005987635507449,0.7172321624954445,0.7283210951252442,0.7283210951252442,0.733865561440144,0.7394100277550439,0.7626967862776233,0.7726768256444431,0.8170325561636418,0.8392104214232412,0.8447548877381411,0.8569527136309206,0.8891106182573398,0.9001995508871395,0.9279218824616388,0.9390108150914385,0.9500997477212382,0.9611886803510379,0.9611886803510379,0.9667331466659378,0.9722776129808376,0.9778220792957374,0.9789309725587173,0.9889110119255371,0.994455478240437,0.994455478240437,0.9999999445553368,0.9999999445553368,0.9999999445553368,0.9999999445553368,0.9999999445553368,0.9999999445553368,0.9999999445553368,0.9999999445553368,0.9999999445553368,0.9999999445553368,0.9999999445553368,0.9999999445553368,0.9999999445553368,0.9999999445553368,0.9955643715034169,0.994455478240437,0.994455478240437,0.9889110119255371,0.9889110119255371,0.9889110119255371,0.9889110119255371,0.9889110119255371,0.9889110119255371,0.9833665456106373,0.9833665456106373,0.9833665456106373,0.9833665456106373,0.9778220792957374,0.9778220792957374,0.9778220792957374,0.9778220792957374,0.9667331466659378,0.956753107299118,0.9556442140361381,0.9500997477212382,0.9500997477212382,0.9500997477212382,0.9445552814063384,0.9390108150914385,0.9390108150914385,0.9334663487765387,0.9334663487765387,0.9334663487765387,0.9334663487765387,0.9279218824616388,0.9279218824616388,0.922377416146739,0.922377416146739,0.916832949831839,0.916832949831839,0.916832949831839,0.916832949831839,0.9112884835169393,0.9057440172020395,0.9057440172020395,0.9001995508871395,0.8946550845722397,0.8891106182573398,0.87913057889052,0.8724772193126403,0.8669327529977404,0.8669327529977404,0.8569527136309206,0.8502993540530409,0.8259037022674817,0.8015080504819222,0.7837657582742428,0.7615878930146434,0.7560434266997434,0.7460633873329237,0.733865561440144,0.733865561440144,0.733865561440144,0.733865561440144,0.7283210951252442,0.7072521231286246,0.6895098309209452,0.6673319656613458,0.6451541004017464,0.590818330515728,0.5442448134705695,0.4843645772696508,0.47882011095475097,0.46773117832495126,0.4466622063283319,0.44555331306535184,0.4344643804355522,0.41893987475383265,0.36238631834185414,0.3269017339264953,0.27367485730345653,0.2015967952097585,0.19605232889485866,0.17941892995015912,0.17941892995015912,0.17387446363525927,0.16888444395184937,0.16278553100545956,0.15169659837565985,0.14670657869224996,0.11953869374924075,0.09347970206921145,0.07440673794595598,0.06453758790543425,0.062430690705772326,0.055777331127892495,0.04757152098184069,0.04746063165554272,0.045464623782178776,0.04080727207766289,0.03637169902574302,0.03637169902574302,0.03637169902574302,0.03581725239425299,0.03481924845757114,0.033045019236803065,0.03204701530012121,0.027167884943009292,0.021956086607003447,0.002883122483747978,0.0009980039366820107,0.0,0.0,0.0009980039366820107,0.01308494050316364,0.023064979869983352,0.023619426501473386,0.024173873132963337,0.024173873132963337,0.02472831976445329,0.02838766753228725,0.030605454058247144,0.030605454058247144,0.03204701530012121,0.032490572605313114,0.032490572605313114,0.032490572605313114,0.031603457994929154,0.02982922877416116,0.029718339447863187,0.029718339447863187,0.029274782142671287,0.02805499955339325,0.027500552921903215,0.027500552921903215,0.026613438311519338,0.024839209090751265,0.024284762459261314,0.024173873132963337,0.024173873132963337,0.024173873132963337,0.024173873132963337,0.024173873132963337,0.024173873132963337,0.024173873132963337,0.024173873132963337,0.024173873132963337,0.024173873132963337,0.024173873132963337,0.024173873132963337,0.024173873132963337,0.024173873132963337,0.024173873132963337,0.024173873132963337,0.02472831976445329,0.024839209090751265,0.0253936557222413,0.02594810235373133,0.027056995616711238,0.027611442248201192,0.029274782142671287,0.029718339447863187,0.029718339447863187,0.03027278607935314,0.031603457994929154,0.032601461931611085,0.035262805762763035,0.035262805762763035,0.035262805762763035,0.035262805762763035,0.035262805762763035,0.035262805762763035,0.035262805762763035
9110000,0.009937887890127759,0.009937887890127759,0.009316769896994724,0.009316769896994724,0.009316769896994724,0.009316769896994724,0.009316769896994724,0.009316769896994724,0.009316769896994724,0.009316769896994724,0.009316769896994724,0.009316769896994724,0.009316769896994724,0.009316769896994724,0.009316769896994724,0.006832297924462851,0.006211179931329816,0.006211179931329816,0.006211179931329816,0.0037267079587979426,0.003105589965664908,0.003105589965664908,0.003105589965664908,0.003105589965664908,0.003105589965664908,0.003105589965664908,0.0,0.0006211179931330346,0.003105589965664908,0.003105589965664908,0.003105589965664908,0.003105589965664908,0.003105589965664908,0.003105589965664908,0.003105589965664908,0.003105589965664908,0.003105589965664908,0.0037267079587979426,0.0037267079587979426,0.006211179931329816,0.006211179931329816,0.006211179931329816,0.009316769896994724,0.009937887890127759,0.012422359862659632,0.012422359862659632,0.012422359862659632,0.01552794982832454,0.018633539793989448,0.018633539793989448,0.019254657787122483,0.021739129759654356,0.024844719725319264,0.024844719725319264,0.024844719725319264,0.0254658377184523,0.027950309690984172,0.027950309690984172,0.027950309690984172,0.027950309690984172,0.027950309690984172,0.027950309690984172,0.027950309690984172,0.027950309690984172,0.027950309690984172,0.03105589965664908,0.03105589965664908,0.03105589965664908,0.03416148962231399,0.03416148962231399,0.037267079587978896,0.040372669553643804,0.04347825951930871,0.04347825951930871,0.04658384948497362,0.04968943945063853,0.052795029416303436,0.052795029416303436,0.052795029416303436,0.055900619381968344,0.05900620934763325,0.05900620934763325,0.06211179931329816,0.06521738927896308,0.06832297924462798,0.07453415917595779,0.08074533910728761,0.08385092907295252,0.09316769896994724,0.09689440692874518,0.09937887890127706,0.10248446886694197,0.10559005883260687,0.10869564879827179,0.11180123876393669,0.11180123876393669,0.1149068287296016,0.12111800866093142,0.12111800866093142,0.12111800866093142,0.12732918859226122,0.13354036852359105,0.13975154845492085,0.14596272838625068,0.15527949828324542,0.16459626818024012,0.17080744811156995,0.17701862804289975,0.1894409879055594,0.1956521678368892,0.20807452769954884,0.21739129759654358,0.22360247752787338,0.2329192474248681,0.23913042735619794,0.24844719725319264,0.2577639671501874,0.2645962650746501,0.2763975069441768,0.28881986680683647,0.29813663670383117,0.31987576646348553,0.34534160418193777,0.36024843601712936,0.37018632390725703,0.3850931557424486,0.3944099256394433,0.4074534034952359,0.42608694328922536,0.4534161349870766,0.4782608547123959,0.4937888045407204,0.5124223443347098,0.5341614740943642,0.5559006038540185,0.581366441572471,0.605590043304657,0.6248447010917797,0.6521738927896307,0.6739130225492851,0.6956521523089394,0.718012400061727,0.7484471817252428,0.7677018395123655,0.7919254412445516,0.8111800990316743,0.8422359986883234,0.8763974883106374,0.8956521460977594,0.913043449905483,0.9291925177269408,0.944099349562132,0.9627328893561216,0.9720496592531163,0.9844720191157759,0.9906831990471057,0.9975154969715688,0.9999999689441004,0.9968943789784355,0.9975154969715688,0.9999999689441004,0.9999999689441004,0.9906831990471057,0.9844720191157759,0.9763974852050474,0.9751552492187812,0.9751552492187812,0.9726707772462495,0.9664595973149197,0.9658384793217865,0.9565217094247918,0.9385092876239356,0.9260869277612759,0.9068322699741532,0.8981366180702918,0.8850931402144988,0.8670807184136426,0.8602484204891796,0.845341588653988,0.8416148806951901,0.8360248187569936,0.8291925208325305,0.8198757509355358,0.813664571004206,0.8012422111415463,0.7956521492033495,0.7857142613132218,0.776397491416227,0.7652173675398336,0.7608695415879025,0.7577639516222376,0.7515527716909077,0.7515527716909077,0.7484471817252428,0.742236001793913,0.7391304118282481,0.7329192318969183,0.7304347599243866,0.7267080519655885,0.7204968720342587,0.714906810096062,0.7142856921029289,0.708695630164732,0.7049689222059341,0.7018633322402692,0.6987577422746043,0.6956521523089394,0.6925465623432745,0.6894409723776096,0.6894409723776096,0.6863353824119447,0.6832297924462798,0.6801242024806149,0.67701861251495,0.67701861251495,0.6739130225492851,0.6683229606110884,0.6645962526522904,0.6614906626866255,0.6552794827552956,0.6521738927896307,0.6459627128583009,0.6397515329269711,0.6366459429613062,0.6335403529956413,0.6304347630299764,0.6273291730643115,0.6217391111261148,0.6149068132016519,0.6093167512634551,0.605590043304657,0.6024844533389921,0.5993788633733272,0.5931676834419974,0.5900620934763325,0.5838509135450027,0.5807453235793378,0.5776397336136729,0.5714285536823431,0.5683229637166782,0.5621117837853484,0.5596273118128166,0.5559006038540185,0.5503105419158218,0.544099361984492,0.5409937720188271,0.5372670640600291,0.5341614740943642,0.5310558841286993,0.5254658221905026,0.5223602322248377,0.5217391142317046,0.513664580320976,0.50621116440338,0.5031055744377151,0.4999999844720502,0.4937888045407204,0.4906832145750555,0.4875776246093906,0.4782608547123959,0.46024843291153933,0.438509303151885,0.41677017339223066,0.4099378754677679,0.3850931557424486,0.36645961594845916,0.3416148962231399,0.31987576646348553,0.30807452459395884,0.29503104673816627,0.28260868687550667,0.270186327012847,0.2608695571158523,0.25465837718452244,0.23975154534933096,0.2298136574592032,0.21739129759654358,0.21118011766521375,0.20496893773388394,0.18012421800856468,0.17080744811156995,0.15527949828324542,0.14596272838625068,0.13975154845492085,0.13664595848925595,0.13416148651672408,0.13043477855792615,0.12422359862659632,0.12422359862659632,0.12111800866093142,0.1180124186952665,0.1149068287296016,0.10931676679140483,0.10869564879827179,0.10559005883260687,0.10248446886694197,0.10248446886694197,0.09937887890127706,0.09627328893561216,0.09316769896994724,0.08695651903861742,0.08447204706608555,0.08074533910728761,0.08074533910728761,0.07826086713475573,0.07763974914162271,0.07453415917595779,0.07453415917595779,0.07142856921029289,0.07142856921029289,0.06894409723776102,0.06832297924462798,0.06832297924462798,0.06832297924462798,0.06832297924462798,0.06521738927896308,0.06521738927896308,0.06211179931329816,0.06211179931329816,0.06211179931329816,0.06211179931329816,0.06211179931329816,0.05900620934763325,0.05900620934763325,0.05900620934763325,0.05900620934763325,0.05900620934763325,0.05900620934763325,0.05900620934763325,0.05900620934763325,0.05900620934763325,0.05900620934763325,0.05900620934763325,0.055900619381968344,0.052795029416303436,0.052795029416303436,0.052795029416303436,0.052795029416303436,0.04968943945063853,0.04658384948497362,0.04409937751244175,0.04347825951930871,0.04347825951930871,0.04347825951930871,0.04347825951930871,0.04347825951930871,0.04347825951930871,0.04347825951930871,0.04099378754677684,0.040372669553643804,0.040372669553643804,0.037888197581111935,0.037267079587978896,0.037267079587978896,0.03416148962231399,0.03416148962231399,0.028571427684117207,0.027950309690984172,0.027950309690984172,0.027950309690984172,0.027950309690984172,0.027950309690984172,0.027950309690984172,0.027950309690984172,0.027950309690984172,0.027950309690984172
9112500,0.0014363688388915707,0.0014363688388915707,0.0014363688388915707,0.0014363688388915707,0.0014363688388915707,0.0014363688388915707,0.0014363688388915707,0.0014363688388915707,0.0014363688388915707,0.0014363688388915707,0.0014363688388915707,0.0014363688388915707,0.0014363688388915707,0.0014363688388915707,0.0014363688388915707,0.0014363688388915707,0.0014363688388915707,0.0014363688388915707,0.0014363688388915707,0.0012927319550024117,0.0008043665497792829,0.0008043665497792829,0.00014363688388915912,0.0,0.0,0.0,0.0,0.0,0.0,0.0,0.0,0.0,0.0,0.0,0.0,0.0,0.0,0.0,0.0,0.0,0.0,0.0007181844194457854,0.0007756391730014572,0.0014363688388915707,0.0014363688388915707,0.0014363688388915707,0.0014363688388915707,0.0014363688388915707,0.0014363688388915707,0.0014363688388915707,0.0014363688388915707,0.0014363688388915707,0.0014650962156694067,0.001867279490559038,0.002298190142226515,0.002757828170671818,0.0028727376777831415,0.0028727376777831415,0.0028727376777831415,0.0028727376777831415,0.0030163745616723007,0.0034472852133397677,0.004165469632785553,0.004309106516674713,0.004309106516674713,0.004309106516674713,0.004309106516674713,0.0044527434005638715,0.0048836540522313385,0.005486928964565801,0.005745475355566283,0.005831657485899781,0.006923297803457372,0.007181844194457854,0.007181844194457854,0.007325481078347013,0.008618213033349425,0.008618213033349425,0.009910944988351836,0.010054581872240995,0.011088767436242925,0.011490950711132566,0.012927319550024137,0.012927319550024137,0.014363688388915708,0.01580005722780728,0.016834242791809208,0.01798333786292247,0.01970698046959235,0.02154553258337356,0.02312553830615428,0.02533754631804731,0.027578281706718163,0.029905199225722514,0.03027865512383433,0.0330939380480618,0.03590922097228927,0.03754668144862566,0.04056305601029797,0.044527434005638696,0.04740017168342184,0.05314564703898812,0.05711002503432886,0.06463659775012069,0.07612754846125325,0.08216029758459788,0.09192760568906053,0.1034185564001931,0.11232404320132086,0.12352772014467508,0.135305944623586,0.155415108368068,0.16805515415031377,0.17839700979033313,0.1910370555725789,0.20827348163927775,0.22292444379597176,0.2370008584171092,0.2502154517349116,0.2617064024460442,0.27607009083495987,0.28784831531387084,0.30192472993500824,0.3160011445561456,0.3292157378739481,0.34185578365619385,0.35937948349067106,0.3835104799840494,0.4036196437285314,0.4225797124019001,0.4426888761463822,0.46969261031754367,0.49583452318537036,0.5231255311243103,0.5532892767410332,0.5846021174288694,0.6276931825956166,0.6621660347290141,0.6897443164357323,0.7199080620524554,0.744326332313612,0.7673082337358772,0.8003447170303833,0.8261993561304316,0.8474576149460268,0.8704395163682919,0.8937086915583354,0.9158287716772656,0.9342142928150776,0.9543234565595597,0.9686871449484753,0.9948290578163022,0.9985636167974199,0.9999999856363117,0.9999999856363117,0.9951163315840803,0.9905199512996272,0.9773053579818249,0.9681125974129187,0.9508761713462198,0.92703244862062,0.9026141783594632,0.885090478524986,0.8592358394249378,0.8376903068415642,0.8060901923859496,0.7721918877881084,0.7302499176924747,0.695777065559077,0.6621660347290141,0.627980456363395,0.6049985549411298,0.577994820769968,0.5535765505088114,0.5259982688020932,0.5001436297020451,0.46969261031754367,0.44958344657306165,0.41827060588522547,0.3935650618562904,0.37087043420180366,0.3579431146517795,0.34472852133397697,0.3306521067128397,0.3165756920917023,0.29732834965055516,0.2803791973516346,0.27434644822829,0.2571100221615912,0.2502154517349116,0.24016086986267063,0.23412812073932604,0.22981901422265133,0.22263717002819347,0.2154553258337356,0.20568801772927292,0.20252800628371148,0.19821889976703677,0.19419706701814035,0.18960068673368735,0.18529158021701264,0.18270611630700784,0.17954610486144634,0.17696064095144154,0.17523699834477163,0.17236426066698848,0.16949152298920536,0.1666187853114222,0.16374604763363906,0.1623096787947475,0.15943694111696435,0.1565642034391812,0.15369146576139808,0.14938235924472337,0.14507325272804866,0.1422005150502655,0.13817868230136912,0.135305944623586,0.1335823020169161,0.13070956433913294,0.12812410042912814,0.12640045782245823,0.12352772014467508,0.12094225623467028,0.11921861362800037,0.11490950711132566,0.11203676943354252,0.10916403175575938,0.1077276629168678,0.105142199006863,0.1034185564001931,0.10198218756130152,0.10054581872240996,0.09767308104462681,0.09480034336684368,0.09192760568906053,0.08905486801127739,0.08761849917238582,0.08474576149460268,0.08187302381681953,0.07928755990681473,0.07756391730014482,0.07612754846125325,0.07469117962236169,0.07325481078347011,0.07181844194457854,0.07038207310568696,0.06940534229524069,0.06607296658901225,0.06463659775012069,0.06320022891122912,0.06133294942067008,0.0588911223945544,0.05745475355566283,0.05478310751532451,0.05234128048920886,0.05027290936120498,0.048836540522313406,0.04717035266919919,0.04596380284453026,0.044527434005638696,0.0441539781075269,0.04309106516674712,0.04268888189185748,0.04165469632785555,0.040965239285187596,0.040591783387075794,0.04021832748896398,0.04021832748896398,0.04021832748896398,0.04010341798185268,0.03970123470696302,0.0391266871714064,0.038839413403628086,0.03878195865007241,0.03878195865007241,0.03863832176618326,0.03863832176618326,0.038408502751960616,0.03863832176618326,0.03878195865007241,0.03878195865007241,0.03938523356240689,0.04021832748896398,0.04021832748896398,0.040591783387075794,0.04165469632785555,0.041970697472411694,0.04286124615252448,0.04309106516674712,0.04363688532552593,0.04426888761463822,0.044527434005638696,0.044527434005638696,0.04458488875919436,0.04487216252697269,0.045245618425084504,0.04596380284453026,0.04596380284453026,0.04596380284453026,0.04639471349619773,0.04642344087297558,0.04639471349619773,0.04596380284453026,0.04596380284453026,0.045274345801862306,0.04458488875919436,0.044527434005638696,0.044527434005638696,0.044527434005638696,0.04424016023786038,0.04337833893452544,0.04309106516674712,0.04268888189185748,0.04165469632785555,0.04153978682074425,0.04024705486574181,0.04021832748896398,0.03878195865007241,0.037661590955736984,0.03697213391306905,0.035478310320621806,0.0344728521333977,0.03349612132295144,0.03223211674472687,0.03160011445561456,0.030163745616722987,0.028727376777831416,0.02775064596738516,0.027291007938939845,0.025854639100048274,0.025050272550269013,0.024418270261156703,0.023585176334599615,0.02298190142226513,0.02154553258337356,0.02010916374448199,0.01956334358570318,0.01867279490559042,0.01867279490559042,0.01723642606669885,0.01723642606669885,0.016087330995585597,0.01580005722780728,0.01580005722780728,0.014794599040583174,0.014392415765693544,0.01422005150502655,0.012927319550024137,0.012927319550024137,0.01235277201446751,0.011490950711132566,0.011490950711132566,0.01091640317557594,0.010054581872240995,0.010054581872240995,0.008675667786905096,0.008618213033349425,0.008330939265571106,0.007325481078347023,0.007181844194457854,0.007181844194457854,0.006205113384011586,0.005745475355566283,0.004682562414786528,0.004309106516674713
9114500,0.005296610122734727,0.005120056451976913,0.005120056451976913,0.005120056451976913,0.004413841768945606,0.004237288098187792,0.004237288098187792,0.004237288098187792,0.004237288098187792,0.004237288098187792,0.004237288098187792,0.004237288098187792,0.004237288098187792,0.004237288098187792,0.004237288098187792,0.004237288098187792,0.0035310734151564847,0.0033545197443986706,0.0024717513906095494,0.0024717513906095494,0.0024717513906095494,0.0024717513906095494,0.0024717513906095494,0.0015889830368204282,0.0015889830368204282,0.000706214683031307,0.000706214683031307,0.000706214683031307,0.000706214683031307,0.000706214683031307,0.000706214683031307,0.000706214683031307,0.000706214683031307,0.000706214683031307,0.000706214683031307,0.000706214683031307,0.000706214683031307,0.000706214683031307,0.000706214683031307,0.000706214683031307,0.000706214683031307,0.0,0.000706214683031307,0.000706214683031307,0.000706214683031307,0.000706214683031307,0.000706214683031307,0.000706214683031307,0.000706214683031307,0.000706214683031307,0.000706214683031307,0.000706214683031307,0.000706214683031307,0.0015889830368204282,0.0024717513906095494,0.0024717513906095494,0.0024717513906095494,0.0024717513906095494,0.0026483050613673636,0.0033545197443986706,0.004237288098187792,0.005296610122734727,0.006179378476523848,0.0077683615133442765,0.008827683537891212,0.009533898220922519,0.011299434928500761,0.011299434928500761,0.011475988599258576,0.013064971636079004,0.013947739989868126,0.015713276697446366,0.01659604505123549,0.01659604505123549,0.018361581758813732,0.018361581758813732,0.019244350112602854,0.021009886820181095,0.021892655173970217,0.023658191881548458,0.025423728589126702,0.027189265296704943,0.028954802004283187,0.03160310706565055,0.03425141212701791,0.03689971718838528,0.039548022249752644,0.043079095664909126,0.04502118604324518,0.046610169080065614,0.050141242495222095,0.052966101227347274,0.05808615767932419,0.05985169438690243,0.0644420898266059,0.06779660957100452,0.071327682986161,0.0757415247551066,0.08280367158541958,0.08721751335436519,0.09533898220922514,0.10222457536878025,0.10928672219909322,0.11811440573698442,0.12623587459184438,0.13665254116655598,0.14830508343657242,0.15607344494991665,0.16754943354917523,0.17814265379464467,0.19262005479678623,0.20656779478665438,0.2125706195924204,0.22157485680106953,0.2286370036313825,0.23923022387685194,0.24788135374398526,0.25317796386672,0.26059321803854857,0.2747175116991745,0.28601694662767535,0.29378530814101955,0.3010240086420904,0.3087923701554346,0.3153248559734742,0.3266242909019749,0.34163135291638996,0.3502824827835233,0.357697736955352,0.37323445998204047,0.39901129591268286,0.4184321996960435,0.4362641204425837,0.46998587155732824,0.48870056065765766,0.5195974530402768,0.5536723114965368,0.5928672264047737,0.6197033843599631,0.6645480167324505,0.6834392595035377,0.7097457564464534,0.7439971685734713,0.7704802191871449,0.7969632698008186,0.8252118571220707,0.8499293710281659,0.8764124216418395,0.8958333254252003,0.938206206407078,0.9558615734828604,0.9646892570207516,0.9735169405586428,0.9911723076344253,0.9999999911723165,0.9929378443420037,0.9911723076344253,0.9735169405586428,0.9558615734828604,0.9558615734828604,0.9311440595767653,0.9205508393312956,0.8940677887176219,0.8693502748115265,0.8499293710281659,0.8234463204144923,0.7969632698008186,0.7704802191871449,0.7528248521113625,0.7351694850355801,0.7063912367020548,0.683086152162022,0.6504237230718245,0.6258827628364869,0.5967514071614459,0.5644420854127642,0.5413135545434892,0.5164194869666359,0.5040607300135882,0.49099575837750925,0.4830508431934072,0.46115818801943703,0.450035306761694,0.4383827644916777,0.42567090019711423,0.4194915217205905,0.41119349919497267,0.40430790603541755,0.39018361237479166,0.3882415219964555,0.38576977060584605,0.3831214655444787,0.37959039212932216,0.3764124260556813,0.3725282452990092,0.3672316351762745,0.3584039516383833,0.3538135561986798,0.3513418048080703,0.3478107313929138,0.34498587266078856,0.34021892355032735,0.3370409574766865,0.33545197443986613,0.33350988406153,0.33086157900016266,0.3290960422925844,0.32733050558500615,0.32485875419439664,0.3246822005236388,0.3237994321698497,0.32291666381606055,0.3211511271084823,0.31603107065650543,0.31144067521680197,0.3072033871186142,0.304378528386489,0.29749293522693393,0.29378530814101955,0.2870762686522223,0.28336864156630803,0.2771892630897841,0.2701271162594711,0.2637711841121894,0.2593573423432438,0.25317796386672,0.24876412209777438,0.2418785289382192,0.23463982843714842,0.2284604499606246,0.22316383983788984,0.21786722971515513,0.21186440490938918,0.2081567778234748,0.20568502643286535,0.20197739934695094,0.19844632593179445,0.1915607327722394,0.18961864239390325,0.18608756897874676,0.1834392639173794,0.17284604367190995,0.1710805069643317,0.16860875557372226,0.1666666651953861,0.16401836013401874,0.16048728671886225,0.158721750011284,0.15695621330370577,0.15165960318097105,0.1500706201441506,0.14724576141202544,0.14406779533838462,0.14018361458171247,0.1375353095203451,0.13418078977594647,0.13223869939761038,0.129590394336243,0.12694208927487563,0.1253531062380552,0.12341101585971916,0.11829095940774224,0.1163488690294062,0.11564265434637493,0.11122881257742932,0.10769773916227283,0.10504943410090548,0.10151836068574899,0.09957627030741288,0.09798728727059251,0.09692796524604552,0.09427966018467816,0.09251412347709992,0.09163135512331079,0.0881002817081543,0.08633474500057607,0.08280367158541958,0.08103813487784134,0.07856638348723184,0.0768008467796536,0.07485875640131749,0.07485875640131749,0.07397598804752836,0.07221045133995013,0.071327682986161,0.06956214627858276,0.0688559315955515,0.06867937792479364,0.06779660957100452,0.06620762653418415,0.06514830450963716,0.06338276780205891,0.06249999944826979,0.06073446274069155,0.05985169438690243,0.05896892603311331,0.05737994299629288,0.057203389325535065,0.05632062097174594,0.05543785261795682,0.0538488695811364,0.05278954755658946,0.05208333287355815,0.05190677920280034,0.05120056451976903,0.05120056451976903,0.05120056451976903,0.05102401084901122,0.05102401084901122,0.05102401084901122,0.05120056451976903,0.05190677920280034,0.05102401084901122,0.05031779616597991,0.049435027812190786,0.048552259458401664,0.04837570578764385,0.04766949110461255,0.04749293743385473,0.046610169080065614,0.046610169080065614,0.04572740072627649,0.04325564933566694,0.042196327311120004,0.042196327311120004,0.04060734427429958,0.039548022249752644,0.03866525389596352,0.0377824855421744,0.0377824855421744,0.0377824855421744,0.036016948834596156,0.03425141212701791,0.03425141212701791,0.03336864377322879,0.03248587541943967,0.030720338711861427,0.02983757035807231,0.028954802004283187,0.028954802004283187,0.02736581896746276,0.025423728589126702,0.02454096023533758,0.022951977198517153,0.020127118466391973,0.018538135429571546,0.01747881340502461,0.015889830368204183,0.015713276697446366,0.013947739989868126,0.013064971636079004,0.011299434928500761,0.011299434928500761,0.011299434928500761,0.011299434928500761,0.010416666574711641,0.009533898220922519,0.009533898220922519,0.009533898220922519,0.009533898220922519,0.008651129867133399,0.008651129867133399,0.0077683615133442765,0.006885593159555155,0.006885593159555155,0.006885593159555155
9118450,0.034090889721085364,0.034090889721085364,0.034090889721085364,0.034090889721085364,0.034090889721085364,0.034090889721085364,0.034090889721085364,0.034090889721085364,0.034090889721085364,0.034090889721085364,0.034090889721085364,0.034090889721085364,0.034090889721085364,0.034090889721085364,0.034090889721085364,0.034090889721085364,0.034090889721085364,0.034090889721085364,0.034090889721085364,0.034090889721085364,0.034090889721085364,0.034090889721085364,0.034090889721085364,0.034090889721085364,0.028409074767571152,0.01704544486054263,0.01704544486054263,0.01704544486054263,0.011363629907028421,0.0,0.0,0.0,0.01704544486054263,0.01704544486054263,0.028409074767571152,0.028409074767571152,0.028409074767571152,0.034090889721085364,0.034090889721085364,0.034090889721085364,0.034090889721085364,0.034090889721085364,0.034090889721085364,0.034090889721085364,0.034090889721085364,0.034090889721085364,0.034090889721085364,0.03977270467459958,0.062499964488656516,0.06818177944217073,0.07954540934919925,0.08522722430271346,0.09090903925622768,0.09090903925622768,0.09090903925622768,0.09659085420974188,0.1079544841167704,0.12499992897731303,0.13068174393082724,0.14772718879136998,0.14772718879136998,0.14772718879136998,0.16477263365191272,0.18749989346596954,0.20454533832651228,0.20454533832651228,0.20454533832651228,0.23295441309408343,0.24999985795462618,0.2613634878616546,0.272727117768683,0.29545437758274007,0.3181816373967969,0.3352270822573396,0.3579543420713965,0.3749997869319392,0.41249976562513335,0.43749975142059583,0.46136337422535567,0.4886360860022238,0.5454542355373662,0.5795451252584516,0.6022723850725085,0.6545450826448395,0.6590905346076508,0.6761359794681935,0.7045450542357646,0.7159086841427931,0.7568177518080954,0.7727268336779354,0.812499538352535,0.8295449832130777,0.8295449832130777,0.8465904280736204,0.8749995028411915,0.88636313274822,0.88636313274822,0.9170449334971968,0.9431812822833624,0.9431812822833624,0.9431812822833624,0.9431812822833624,0.9943176168649903,0.9999994318185047,0.9999994318185047,0.9999994318185047,0.9999994318185047,0.9999994318185047,0.9999994318185047,0.9999994318185047,0.9999994318185047,0.9999994318185047,0.9999994318185047,0.9999994318185047,0.9931812538742877,0.9693176310695278,0.9431812822833624,0.9431812822833624,0.9306812893856311,0.9022722146180598,0.88636313274822,0.88636313274822,0.8670449619062716,0.8295449832130777,0.827272257231672,0.7977268194733982,0.7727268336779354,0.7602268407802041,0.7443177589103642,0.7159086841427931,0.6874996093752219,0.6693178015239764,0.6590905346076508,0.6534087196541364,0.6465905417099195,0.6420450897471079,0.6409087267564052,0.6363632747935939,0.6363632747935939,0.6352269118028908,0.6295450968493768,0.6022723850725085,0.6022723850725085,0.6022723850725085,0.6022723850725085,0.5988632961004001,0.5988632961004001,0.6022723850725085,0.6022723850725085,0.6022723850725085,0.6022723850725085,0.6068178370353197,0.6022723850725085,0.6022723850725085,0.6022723850725085,0.6022723850725085,0.6022723850725085,0.5988632961004001,0.5840905772212629,0.5636360433886118,0.5454542355373662,0.5454542355373662,0.5454542355373662,0.4931815379650351,0.4886360860022238,0.4818179080580069,0.4318179364670815,0.4318179364670815,0.4318179364670815,0.4261361215135672,0.40227249870880755,0.393181594783185,0.40340886169951035,0.41249976562513335,0.41249976562513335,0.40340886169951035,0.40340886169951035,0.41249976562513335,0.40340886169951035,0.3749997869319392,0.3749997869319392,0.3749997869319392,0.3749997869319392,0.3749997869319392,0.3749997869319392,0.3749997869319392,0.36931797197842486,0.3681816089877223,0.3681816089877223,0.3681816089877223,0.3738634239412364,0.3738634239412364,0.36931797197842486,0.3738634239412364,0.3738634239412364,0.3681816089877223,0.36363615702491076,0.36931797197842486,0.36931797197842486,0.36931797197842486,0.3738634239412364,0.3749997869319392,0.3749997869319392,0.3738634239412364,0.3749997869319392,0.3749997869319392,0.3795452388947505,0.3852270538482648,0.3852270538482648,0.3909088688017791,0.40795431366232165,0.4306815734763787,0.4318179364670815,0.43749975142059583,0.4727270041323845,0.4886360860022238,0.4931815379650351,0.5318178796489322,0.5511360504908804,0.5727269473142345,0.6022723850725085,0.6249996448865652,0.6352269118028908,0.6465905417099195,0.6749996164774906,0.6988632392822504,0.7147723211520902,0.7159086841427931,0.7204541361056043,0.7329541290033358,0.7522722998452841,0.7647722927430154,0.767045018724421,0.767045018724421,0.767045018724421,0.767045018724421,0.767045018724421,0.767045018724421,0.767045018724421,0.7727268336779354,0.7727268336779354,0.7727268336779354,0.767045018724421,0.7556813888173927,0.7431813959196614,0.7306814030219303,0.7215904990963073,0.7215904990963073,0.7215904990963073,0.7215904990963073,0.7159086841427931,0.7159086841427931,0.7102268691892787,0.6988632392822504,0.6920450613380331,0.6704541645146792,0.664772349561165,0.6590905346076508,0.6590905346076508,0.6590905346076508,0.637499637784297,0.6022723850725085,0.6022723850725085,0.5749996732956403,0.5681814953514229,0.5511360504908804,0.5454542355373662,0.5340906056303377,0.5124997088069837,0.4886360860022238,0.48068154506730404,0.47499973011378993,0.46022701123465265,0.4556815592718414,0.4545451962811384,0.4545451962811384,0.4420452033834071,0.43749975142059583,0.4329542994577845,0.43409066244848715,0.4318179364670815,0.4363633884298928,0.4318179364670815,0.4318179364670815,0.4318179364670815,0.4318179364670815,0.4318179364670815,0.4318179364670815,0.43749975142059583,0.44318156637410994,0.44318156637410994,0.44886338132762427,0.46022701123465265,0.46022701123465265,0.46022701123465265,0.46022701123465265,0.4545451962811384,0.4545451962811384,0.4545451962811384,0.44886338132762427,0.44318156637410994,0.43749975142059583,0.4318179364670815,0.4318179364670815,0.4318179364670815,0.4261361215135672,0.4090906766530247,0.3920452317924819,0.38636341683896763,0.3749997869319392,0.3749997869319392,0.3749997869319392,0.3749997869319392,0.36363615702491076,0.3579543420713965,0.34659071216436804,0.32954526730382533,0.3181816373967969,0.3181816373967969,0.3181816373967969,0.3181816373967969,0.30681800748976845,0.29545437758274007,0.2784089327221973,0.2613634878616546,0.2613634878616546,0.2613634878616546,0.24431804300111185,0.22159078318705502,0.20454533832651228,0.20454533832651228,0.20454533832651228,0.20454533832651228,0.19886352337299806,0.19318170841948387,0.17613626355894113,0.1590908186983984,0.14772718879136998,0.14772718879136998,0.14772718879136998,0.14772718879136998,0.14772718879136998,0.14772718879136998,0.14204537383785576,0.13068174393082724,0.11363629907028461,0.1079544841167704,0.10227266916325609,0.09090903925622768,0.09090903925622768,0.09090903925622768,0.09090903925622768,0.09090903925622768,0.09090903925622768,0.09090903925622768,0.07954540934919925,0.06818177944217073,0.062499964488656516,0.062499964488656516,0.062499964488656516,0.062499964488656516,0.062499964488656516,0.062499964488656516,0.0511363345816281,0.0511363345816281,0.0511363345816281
9119000,0.016613524365369635,0.016613524365369635,0.014096323703950014,0.013425070194238121,0.011243496287674445,0.010740056155390438,0.008726295626254764,0.008222855493970817,0.008222855493970817,0.008222855493970817,0.008222855493970817,0.008222855493970817,0.008222855493970817,0.008222855493970817,0.008222855493970817,0.008222855493970817,0.007551601984258925,0.006712535097119031,0.007551601984258925,0.006712535097119031,0.006712535097119031,0.005705654832551194,0.0033562675485595155,0.002349387283991619,0.001510320396851785,0.0006712535097118912,0.0006712535097118912,0.0006712535097118912,0.0016781337742797278,0.002349387283991619,0.002349387283991619,0.0,0.002349387283991619,0.0025172006614196216,0.004363147813127412,0.005873468209979137,0.008222855493970817,0.009061922381110709,0.012586003307098227,0.01443195045880596,0.016613524365369635,0.016613524365369635,0.016613524365369635,0.018459471517077365,0.020976672178497045,0.023326059462488665,0.024332939727056562,0.025004193236768453,0.02836046078532797,0.03339486210816727,0.03339486210816727,0.03507299588244706,0.03943614369557441,0.04363147813127382,0.05017619985096491,0.05017619985096491,0.05269340051238453,0.05688873494808394,0.06024500249664352,0.06611847070662265,0.07115287202946195,0.0773619669942971,0.08306762182684829,0.08474575560112796,0.09145829069824724,0.10320522711820551,0.11411309665102383,0.1223359521449947,0.12837723373240195,0.1340828885649531,0.14918609253347095,0.1600939620662894,0.17184089848624778,0.17653967305423113,0.1871119158321937,0.19885885225215197,0.20825640138811868,0.21983552443064902,0.2315824608506074,0.2517200661419645,0.26581638984591455,0.28511492825013185,0.30189626599292946,0.32824296624912175,0.3488840116727628,0.3522402792213224,0.3639872156412808,0.36902161696412,0.37741228583551883,0.38194324702607424,0.38580295470691767,0.3941936235783165,0.4025842924497153,0.4109749613211141,0.41936563019251294,0.41936563019251294,0.42775629906391177,0.42775629906391177,0.42775629906391177,0.42775629906391177,0.42943443283819166,0.42943443283819166,0.42943443283819166,0.42943443283819166,0.43614696793531055,0.42943443283819166,0.42775629906391177,0.41936563019251294,0.41936563019251294,0.4109749613211141,0.4109749613211141,0.4109749613211141,0.4025842924497153,0.38580295470691767,0.38580295470691767,0.38160762027121825,0.37791572596780276,0.37741228583551883,0.37741228583551883,0.38026511325179446,0.38160762027121825,0.38026511325179446,0.38160762027121825,0.38748108848119756,0.3941936235783165,0.4109749613211141,0.41936563019251294,0.42775629906391177,0.42943443283819166,0.4378251017095905,0.4529283056781082,0.4546064394523881,0.47138777719518576,0.4864909811637035,0.5032723189065011,0.5200536566492987,0.5636851347805727,0.6039603453632869,0.6475918234945609,0.689545167851555,0.7314985122085491,0.7633830539198644,0.7969457294054597,0.8221177360196562,0.8640710803766503,0.8976337558622455,0.9278401637992817,0.9563684379620373,0.966437240607716,0.9983217823190313,0.9999999160933113,0.9983217823190313,0.9848967121247936,0.9647591068334361,0.9563684379620373,0.9311964313478408,0.9144150936050431,0.8724617492480491,0.8489678764081325,0.823795869793936,0.7885550605340609,0.7298203784342692,0.6626950274630786,0.6308104857517632,0.5620070010062928,0.4881691149379834,0.3958717573525964,0.3253901388328461,0.2632991891844952,0.22201709833721275,0.18476252854820202,0.1538848671014544,0.11730155082215546,0.11042120234760848,0.09330423784995497,0.06695753759376255,0.05873468209979173,0.05151870687038869,0.04245678448927804,0.02668232701104836,0.02231917919792089,0.012586003307098288,0.008222855493970817,0.004195334435699469,0.0025172006614196216,0.0025172006614196216,0.003524080925987518,0.008222855493970817,0.016613524365369635,0.025004193236768453,0.03507299588244718,0.057224361702939944,0.06091625600635552,0.06695753759376255,0.08541700911084009,0.10907869532818458,0.12233595214499482,0.14247355743635193,0.15338142696917034,0.16798119080540438,0.191978503777605,0.2089276548978307,0.2263802461503401,0.2347709150217389,0.24316158389313774,0.2515522527645366,0.2607819885230753,0.27185767143332173,0.276724259378733,0.2874643155341236,0.29635842453780625,0.30189626599292946,0.3089444278449045,0.3186776037357271,0.3270682726071259,0.33545894147852473,0.3431783568402117,0.34384961034992356,0.34384961034992356,0.35391841299560217,0.354757479882742,0.35391841299560217,0.34384961034992356,0.34384961034992356,0.33545894147852473,0.3186776037357271,0.3086088010900485,0.2935055971215306,0.276724259378733,0.25994292163593535,0.2468534781965532,0.2347709150217389,0.2221849117146408,0.20741733450097885,0.19667727834558835,0.17956031384793483,0.15992614868886157,0.14247355743635193,0.12569221969355426,0.1174693641995834,0.10891088195075664,0.10052021307935782,0.10052021307935782,0.08373887533656019,0.08373887533656019,0.07534820646516137,0.06863567136804245,0.06695753759376255,0.06695753759376255,0.06695753759376255,0.06175532289349536,0.058566868722363725,0.05621748143837205,0.05051182660582092,0.05017619985096491,0.05017619985096491,0.04950494634125302,0.04480617177326972,0.042624597866705985,0.04178553097956609,0.04195334435699409,0.042624597866705985,0.04296022462156193,0.04480617177326972,0.046819932302405394,0.04732337243468928,0.05017619985096491,0.05202214700267264,0.05688873494808394,0.05789561521265184,0.058566868722363725,0.058566868722363725,0.058566868722363725,0.058566868722363725,0.058566868722363725,0.060412815874071456,0.06544721719691077,0.06695753759376255,0.07232756567145779,0.07534820646516137,0.07803322050400899,0.08373887533656019,0.08826983652711559,0.092129544207959,0.09749957228565426,0.10303741374077745,0.10404429400534546,0.10823962844104487,0.11411309665102383,0.12200032539013882,0.12569221969355426,0.1340828885649531,0.14247355743635193,0.14834702564633112,0.1518711065723185,0.16764556405054837,0.18375564828363425,0.19298538404217278,0.20573920072669905,0.2149689364852377,0.22168147158235674,0.2263802461503401,0.22856182005690384,0.23074339396346746,0.2315824608506074,0.2315824608506074,0.2267158729051961,0.2263802461503401,0.22486992575348838,0.22168147158235674,0.21798957727894128,0.20641045423641083,0.19281757066474484,0.18476252854820202,0.17956031384793483,0.16764556405054837,0.16546399014398475,0.15925489517914956,0.15757676140486976,0.15086422630775073,0.14264137081377987,0.14012417015236023,0.1340828885649531,0.12602784644841028,0.12569221969355426,0.11730155082215546,0.11663029731244369,0.11394528327359588,0.10740056155390491,0.10052021307935782,0.09817082579536614,0.092129544207959,0.08390668871398813,0.08373887533656019,0.07769759374915311,0.07132068540688996,0.06695753759376255,0.06695753759376255,0.06611847070662265,0.060580629251499464,0.05453934766409232,0.05202214700267264,0.0510152667381048,0.05017619985096491,0.04933713296382502,0.0459808654152655,0.042792411244133986,0.04195334435699409,0.04044302396014231,0.03759019654386668,0.035912062769586896,0.03423392899530717,0.03339486210816727,0.03339486210816727,0.03339486210816727,0.03339486210816727,0.03188454171131549,0.03188454171131549,0.03339486210816727,0.03171672833388749,0.03171672833388749,0.031045474824175592,0.030038594559607758,0.02768920727561608,0.02584326012390835,0.02584326012390835
9124500,0.0019976028366439705,0.0019976028366439705,0.0019976028366439705,0.0019976028366439705,0.0019976028366439705,0.0019976028366439705,0.0019976028366439705,0.0019976028366439705,0.0019976028366439705,0.0019976028366439705,0.0019976028366439705,0.0019976028366439705,0.0019976028366439705,0.0019976028366439705,0.0019976028366439705,0.0018377946097124563,0.0019976028366439705,0.0019976028366439705,0.0019976028366439705,0.0017978425529795706,0.0016380343260480564,0.0012784658154521423,0.0009988014183219852,0.0007990411346575853,0.0003196164538630285,3.9952056732885655e-05,3.9952056732885655e-05,0.0,0.0,0.0,0.0,0.0,0.0,0.0,0.0,0.0,0.0,0.0,0.0,0.0,0.0,0.0,0.0,0.0,0.0,0.0,0.0,0.0,0.0,0.0,0.0,0.0,3.9952056732885655e-05,0.000838993191390471,0.001038753475054871,0.0019976028366439705,0.003316020708828984,0.003995205673287941,0.003995205673287941,0.0051538153185414545,0.0059928085099319114,0.006632041417657983,0.007830603119644368,0.007990411346575882,0.008789452481233468,0.009188973048562267,0.009988014183219852,0.01046743886401441,0.011985617019863823,0.011985617019863823,0.011985617019863823,0.012824610211254294,0.013983219856507793,0.014182980140172193,0.015980822693151764,0.01713943233840528,0.017978425529795734,0.018178185813460136,0.019976028366439705,0.02057530921743289,0.021973631203083675,0.023971234039727646,0.023971234039727646,0.024370754607056445,0.025569316309042817,0.025968836876371616,0.027646823259152558,0.027966439713015587,0.027966439713015587,0.027966439713015587,0.029964042549659557,0.03056332340065277,0.03196164538630353,0.032920494747892624,0.03483819347107085,0.03795445389623544,0.03995205673287941,0.04194965956952338,0.04394726240616735,0.04578505701587981,0.04794246807945529,0.05193767375274323,0.0539352765893872,0.05593287942603117,0.05872952339733274,0.06360367431874403,0.06831801701322382,0.07263283914037477,0.07790651062911486,0.08389931913904676,0.09188973048562264,0.09756292254169152,0.10395525161895224,0.10986815601541838,0.1148621631070283,0.12385137587192617,0.13184178721850207,0.1418298014017219,0.15181781558494176,0.1558130212582297,0.1638034326048056,0.17179384395138148,0.18178185813460132,0.1897722694811772,0.19776268082775308,0.2097482978476169,0.22173391486748073,0.23971234039727646,0.2556931630904282,0.2720735063509088,0.29364761698666364,0.3080303574105002,0.34159008506611893,0.35996803116324344,0.389932073712903,0.41989611626256257,0.4378745417923584,0.4514582410815373,0.475429475121265,0.49141029781441675,0.5177786552581173,0.5477426978077768,0.5753096169534635,0.6036755772338079,0.6500199630439482,0.6831801701322379,0.7279264736730628,0.7670794892712847,0.7930483261476563,0.8174190807547129,0.8549740140836194,0.9033160027304037,0.9292848396067753,0.9428685388959541,0.9708349786089697,0.980023951657532,0.9932081303793823,0.9932081303793823,0.9956052537833551,0.9999999800239717,0.9999999800239717,0.9956052537833551,0.9852177190328063,0.9736316225802711,0.9728325814456137,0.9604474438584212,0.9308829218760902,0.8925289474125262,0.8318018211785493,0.7934478467149852,0.7590890779247088,0.7335197616156659,0.7079504453066231,0.6875748963728548,0.6592089360925103,0.6312424963794947,0.6056731800704518,0.5797043431940804,0.5461446155384616,0.5293647517106522,0.5061925588055822,0.4858170098718137,0.46224529639941486,0.4414702268983175,0.4238913219358505,0.41150618434865793,0.39592488222283495,0.38154214179899837,0.36356371626920264,0.35397522265331155,0.34798241414337966,0.3419896056334477,0.3320015914502279,0.3180183715937201,0.30603275457385626,0.2980423432272804,0.2900519318807045,0.2796643971301559,0.27007590351426486,0.26208549216768895,0.2516979574171403,0.24410706663789322,0.2401118609646053,0.23571713472398853,0.23371953188734454,0.22772672337741265,0.2237315177041247,0.22013583259816558,0.2157411063575488,0.2097482978476169,0.20575309217432897,0.20215740706836985,0.19616459855843793,0.19216939288515,0.18777466664453324,0.18218137870193016,0.17978425529795736,0.1757890496246694,0.17019576168206632,0.16779863827809352,0.16580103544144956,0.1638034326048056,0.16020774749884648,0.15781062409487367,0.15381541842158572,0.1498202127482978,0.14782260991165383,0.14582500707500984,0.14382740423836587,0.13983219856507795,0.13583699289179,0.13383939005514603,0.13184178721850207,0.1278465815452141,0.12584897870857015,0.12321214296420012,0.1204954031063643,0.11785856736199427,0.11554134807148726,0.11386336168870632,0.11222532736265828,0.11186575885206235,0.10986815601541838,0.1078705531787744,0.10711146410084971,0.10595285445559621,0.10587295034213044,0.105353573604603,0.10391529956221934,0.10287654608716448,0.1018777446688425,0.09988014183219852,0.09788253899555456,0.09588493615891058,0.09396723743573239,0.09252896339334873,0.09097083318076643,0.08989212764897868,0.0878945248123347,0.08589692197569074,0.08373951091211528,0.08218138069953294,0.08126248339467673,0.07990411346575882,0.07990411346575882,0.07810627091277923,0.07790651062911486,0.07634838041653255,0.07590890779247088,0.07554933928187497,0.07391130495582691,0.07275269531057343,0.07191370211918294,0.07055533219026505,0.07015581162293623,0.06991609928253897,0.06895724992094986,0.06831801701322379,0.067918496445895,0.0675189758785662,0.06624051006311406,0.06592089360925103,0.06516180453132629,0.06476228396399755,0.06392329077260706,0.06352377020527826,0.06216540027636034,0.061925687935963085,0.06116659885803836,0.059968037156051986,0.059928085099319114,0.058969235737730004,0.057930482262675144,0.05777067403574366,0.05593287942603117,0.05437474921344888,0.0539352765893872,0.052137434036407616,0.051218536731551405,0.04994007091609926,0.04962045446223624,0.04794246807945529,0.047742707795790894,0.04594486524281132,0.04594486524281132,0.04418697474656463,0.04302836510131114,0.04194965956952338,0.04035157730020821,0.03995205673287941,0.03835397446356424,0.03795445389623544,0.03639632368365314,0.03595685105959147,0.03563723460572844,0.0339592482229475,0.0339592482229475,0.0326008782940296,0.03196164538630353,0.03136236453531034,0.029964042549659557,0.027966439713015587,0.027966439713015587,0.02740711091875527,0.025968836876371616,0.023971234039727646,0.023571713472398847,0.021973631203083675,0.02117459006842609,0.019976028366439705,0.017978425529795734,0.017978425529795734,0.016180582976816165,0.015980822693151764,0.015101877445028422,0.014182980140172193,0.013983219856507793,0.013823411629576279,0.013184178721850208,0.012385137587192624,0.011985617019863823,0.011985617019863823,0.010667199147678809,0.009988014183219852,0.009388733332226668,0.009188973048562267,0.008789452481233468,0.007990411346575882,0.007990411346575882,0.007990411346575882,0.007590890779247082,0.006831801701322382,0.006192568793596312,0.0059928085099319114,0.0059928085099319114,0.005793048226267512,0.004834198864678412,0.00431482212715097,0.003995205673287941,0.003995205673287941,0.003995205673287941,0.0036755892194249126,0.0019976028366439705,0.0019976028366439705,0.0019976028366439705,0.0019976028366439705
9126000,0.0,0.0,0.0,0.0,0.0,0.0,0.0,0.0,0.0,0.0,0.0,0.0,0.0,0.0,0.0,0.0,0.0,0.0,0.0,0.0,0.0,0.0,0.0,0.0,0.0,0.0,0.0,0.0,0.0,0.0,0.0,0.0006451612556364875,0.0010752687593941488,0.0016129031390912328,0.0016129031390912328,0.002150537518788307,0.002150537518788307,0.002150537518788307,0.0026881718984853816,0.0026881718984853816,0.0026881718984853816,0.0026881718984853816,0.0026881718984853816,0.002795698774424795,0.003225806278182456,0.003225806278182456,0.003225806278182456,0.003225806278182456,0.003225806278182456,0.003225806278182456,0.003225806278182456,0.003225806278182456,0.003225806278182456,0.003225806278182456,0.003225806278182456,0.0037634406578795306,0.004301075037576614,0.004301075037576614,0.004838709417273689,0.005376343796970763,0.005376343796970763,0.005376343796970763,0.005376343796970763,0.005376343796970763,0.005376343796970763,0.005376343796970763,0.005376343796970763,0.005376343796970763,0.005376343796970763,0.005376343796970763,0.005376343796970763,0.005913978176667838,0.006451612556364912,0.006989246936061996,0.007526881315759071,0.008172042571395558,0.009139784454850294,0.009139784454850294,0.009677418834547378,0.010322580090183876,0.010752687593941527,0.010752687593941527,0.010752687593941527,0.011827956353335676,0.01344085949242691,0.013978493872123984,0.015053762631518142,0.01612903139091229,0.01612903139091229,0.01612903139091229,0.01612903139091229,0.01612903139091229,0.017741934530003525,0.019892472048791823,0.021505375187883053,0.021505375187883053,0.021505375187883053,0.021505375187883053,0.025268815845762585,0.02688171898485382,0.02688171898485382,0.02688171898485382,0.027526880240490305,0.030645159642733347,0.03225806278182458,0.03225806278182458,0.03344085841715816,0.0365591378194012,0.038709675338189496,0.043010750375766106,0.043010750375766106,0.04677419103364564,0.04838709417273687,0.04892472855243395,0.05268816921031349,0.05376343796970764,0.056021502364435365,0.0591397817666784,0.060752684905769634,0.06451612556364916,0.06559139432304331,0.06946236185686228,0.06989246936061992,0.0752688131575907,0.07741935067637899,0.08064515695456145,0.08602150075153221,0.09096773704474533,0.09322580143947305,0.1021505321424445,0.10752687593941528,0.1182795635333568,0.129462358631056,0.14516128251821062,0.1612903139091229,0.17268816275870094,0.1883870866458556,0.20967740808185978,0.2365591270667136,0.29161288754769427,0.31956987529194225,0.34408600300612885,0.3980644947277154,0.4569892227425149,0.5053763169152518,0.5430107234940471,0.5752687862758717,0.591397817666784,0.6075268490576963,0.6354838368019443,0.6935483498092285,0.725806412591053,0.7645160879292426,0.8118279133425853,0.8763440389062345,0.9043010266504825,0.9526881208232192,0.9892472586426205,0.9946236024395912,0.999999946236562,0.999999946236562,0.9956988711989854,0.9903225274020145,0.9892472586426205,0.9795698398080731,0.9473117770262485,0.9258064018383654,0.8989246828535118,0.8612902762747164,0.8182795258989503,0.7967741507110673,0.7688171629668192,0.7526881315759069,0.7376343689443888,0.725806412591053,0.7150537249971115,0.7053763061625643,0.682795662215287,0.6559139432304332,0.6505375994334623,0.6354838368019443,0.619354805411032,0.6075268490576963,0.6021505052607256,0.5967741614637547,0.5870967426292074,0.5817203988322367,0.5752687862758717,0.5645160986819302,0.5591397548849594,0.5537634110879887,0.5483870672910178,0.5376343796970764,0.5322580359001056,0.5268816921031348,0.5268816921031348,0.521505348306164,0.5172042732685875,0.5161290045091933,0.5161290045091933,0.5107526607122226,0.5107526607122226,0.5107526607122226,0.5107526607122226,0.5107526607122226,0.5107526607122226,0.5107526607122226,0.5053763169152518,0.5053763169152518,0.5053763169152518,0.5053763169152518,0.5053763169152518,0.5053763169152518,0.5010752418776753,0.499999973118281,0.49462362932131027,0.49462362932131027,0.49462362932131027,0.49462362932131027,0.4903225542837337,0.4892472855243395,0.4838709417273687,0.47849459793039795,0.4731182541334272,0.4731182541334272,0.46268814716730394,0.4623655665394857,0.4569892227425149,0.45161287894554414,0.4507526639380288,0.44623653514857337,0.4408601913516026,0.4354838475546318,0.4354838475546318,0.4301075037576611,0.4252687943403874,0.42473115996069033,0.41935481616371956,0.4147311604983247,0.408602128569778,0.40591395667129265,0.40322578477280724,0.39247309717886575,0.387096753381895,0.3817204095849242,0.36559137819401194,0.3548386906000704,0.3431182611226742,0.3221505203144882,0.2894623500289059,0.2526881584576259,0.23827955708174425,0.22172041818707433,0.16666665770609368,0.1505376263151814,0.13978493872123984,0.12903225112729833,0.1182795635333568,0.10913977907850654,0.09892472586426204,0.09150537142444241,0.09139784454850299,0.08602150075153221,0.08602150075153221,0.08290322134928918,0.0817204257139556,0.08064515695456145,0.07806451193201551,0.07430107127413595,0.07204300687940822,0.0683870930974681,0.0661290287027404,0.06451612556364916,0.06451612556364916,0.06451612556364916,0.06451612556364916,0.06311827617643676,0.06247311492080028,0.06247311492080028,0.06290322242455793,0.06247311492080028,0.06290322242455793,0.06451612556364916,0.06451612556364916,0.06451612556364916,0.06451612556364916,0.06451612556364916,0.06451612556364916,0.06397849118395207,0.06290322242455793,0.06247311492080028,0.061290319285466695,0.0591397817666784,0.0591397817666784,0.058602147386981315,0.056559136744132446,0.05483870672910179,0.05376343796970764,0.04946236293213102,0.04752687916522157,0.046236556653948574,0.043010750375766106,0.043010750375766106,0.042473115996069025,0.040967739732917244,0.03763440657879535,0.03225806278182458,0.0280645146201874,0.027419353364550893,0.02688171898485382,0.02688171898485382,0.02580645022545967,0.025268815845762585,0.023763439582610783,0.021505375187883053,0.021505375187883053,0.021505375187883053,0.020107525800670677,0.017741934530003525,0.01612903139091229,0.01612903139091229,0.01612903139091229,0.01612903139091229,0.013978493872123984,0.011827956353335676,0.010752687593941527,0.010752687593941527,0.010752687593941527,0.010752687593941527,0.010752687593941527,0.010752687593941527,0.010752687593941527,0.010752687593941527,0.009139784454850294,0.0076344081916984935,0.006989246936061996,0.005913978176667838,0.005376343796970763,0.005376343796970763,0.005376343796970763,0.005376343796970763,0.005376343796970763,0.005376343796970763,0.005376343796970763,0.005376343796970763,0.005376343796970763,0.005376343796970763,0.004838709417273689,0.004838709417273689,0.004838709417273689,0.004301075037576614,0.0037634406578795306,0.0037634406578795306,0.0037634406578795306,0.003225806278182456,0.003225806278182456,0.003225806278182456,0.003225806278182456,0.003225806278182456,0.003225806278182456,0.0026881718984853816,0.002150537518788307,0.000752688131575929,0.0,0.0,0.0
9128000,0.4925675509267719,0.4925675509267719,0.4925675509267719,0.4925675509267719,0.4925675509267719,0.4925675509267719,0.4925675509267719,0.4925675509267719,0.4925675509267719,0.4925675509267719,0.4925675509267719,0.4925675509267719,0.4925675509267719,0.4925675509267719,0.4925675509267719,0.4925675509267719,0.4925675509267719,0.4925675509267719,0.4959459291910159,0.4959459291910159,0.4959459291910159,0.4959459291910159,0.4959459291910159,0.4959459291910159,0.4959459291910159,0.4986486318024113,0.4986486318024113,0.4986486318024113,0.4986486318024113,0.4986486318024113,0.4986486318024113,0.5094594422479918,0.5094594422479918,0.5094594422479918,0.5094594422479918,0.5094594422479918,0.5094594422479918,0.5094594422479918,0.5094594422479918,0.51621619877648,0.5432432248904315,0.5635134944758958,0.5635134944758958,0.5770270075328714,0.5783783588385693,0.5797297101442668,0.5770270075328714,0.5797297101442668,0.5918918718955452,0.6128378171338575,0.62837835714938,0.6351351136778679,0.6445945728177509,0.6445945728177509,0.6486486267348438,0.6547297076104828,0.6581080858747268,0.6695945719731566,0.6783783554601907,0.6783783554601907,0.6783783554601907,0.6783783554601907,0.6655405180560637,0.6547297076104828,0.6445945728177509,0.6222972762737405,0.5851351153670572,0.5635134944758954,0.5533783596831635,0.5533783596831635,0.5263513335692117,0.4945945778853186,0.47229728134130805,0.4695945787299132,0.4655405248128201,0.4621621465485761,0.43986485000456615,0.4236486343361949,0.41554052650200957,0.4121621482377656,0.41148647258491644,0.41148647258491644,0.3851351221238138,0.3452702586057348,0.32635134032596846,0.31418917857469025,0.27297296375091357,0.24797296459550805,0.20202702020178986,0.1986486419375459,0.16891891321219923,0.15202702189097936,0.1331081036112128,0.12837837404127153,0.12229729316563194,0.11824323924853959,0.1148648609842956,0.10540540184441205,0.10405405053871454,0.10405405053871454,0.10405405053871454,0.10405405053871454,0.10405405053871454,0.1013513479273197,0.09729729401022658,0.0939189157459826,0.08783783487034379,0.07499999746621663,0.06554053832633328,0.057432430492147996,0.05337837657505488,0.0499999983108109,0.04391891743517209,0.040540539170927724,0.030405404378195985,0.027027026113951816,0.027027026113951816,0.02635135046110306,0.020945945238313005,0.020945945238313005,0.020945945238313005,0.02635135046110306,0.02635135046110306,0.02635135046110306,0.02635135046110306,0.02635135046110306,0.030405404378195985,0.03445945829528891,0.040540539170927724,0.043243241782322944,0.04391891743517209,0.04391891743517209,0.04391891743517209,0.046621620046566926,0.04391891743517209,0.046621620046566926,0.04729729569941606,0.050675673963660045,0.054729727880752393,0.05135134961650842,0.057432430492147996,0.06081080875639197,0.06689188963203117,0.08310810530040211,0.1013513479273197,0.10743242880295852,0.11081080706720249,0.11148648272005163,0.11756756359569044,0.12094594185993442,0.12094594185993442,0.12162161751278318,0.1243243201241784,0.12499999577702754,0.12770269838842238,0.13108107665266636,0.13108107665266636,0.1378378331811543,0.1743243184349895,0.24459458633126407,0.31216215161614363,0.4047297160564285,0.41148647258491644,0.41554052650200957,0.42162160737764837,0.4256756612947415,0.48581079439828395,0.5351351170562465,0.6486486267348438,0.7195945702839677,0.8452702417138435,0.8554053765065753,0.8682432139107024,0.8918918617604101,0.9263513200556989,0.9358107791955819,0.9459459139883138,0.9567567244338947,0.9662161835737777,0.9743242914079632,0.9831080748949975,0.9891891557706366,0.9925675340348805,0.9939188853405785,0.9999999662162175,0.9993242905633685,0.9925675340348805,0.9891891557706366,0.9709459131437191,0.9432432113769188,0.931756725278489,0.915540509610118,0.8945945643718052,0.8945945643718052,0.8912161861075613,0.8885134834961662,0.8777026730505854,0.8749999704391903,0.8743242947863413,0.8743242947863413,0.8709459165220974,0.8682432139107024,0.8641891599936095,0.8608107817293654,0.8513513225894824,0.8378378095325065,0.8371621338796575,0.8371621338796575,0.8371621338796575,0.8337837556154136,0.8310810530040186,0.8304053773511696,0.8277026747397747,0.8270269990869257,0.8270269990869257,0.8270269990869257,0.8243242964755306,0.8236486208226816,0.8202702425584377,0.8202702425584377,0.8202702425584377,0.8202702425584377,0.8202702425584377,0.8141891616827986,0.8135134860299498,0.8067567295014618,0.7932432164444859,0.7837837573046029,0.776351325123266,0.766891865983383,0.760135109454895,0.7560810555378021,0.7527026772735581,0.7499999746621632,0.7493242990093142,0.7459459207450702,0.7425675424808262,0.7391891642165822,0.7364864616051873,0.7094594354912354,0.6831080850301325,0.6682432206674588,0.6445945728177509,0.631756735413624,0.627702681496531,0.6141891684395551,0.6081080875639161,0.5979729527711841,0.5878378179784522,0.5608107918645004,0.5567567379474074,0.5486486301132222,0.5432432248904315,0.5432432248904315,0.5432432248904315,0.5432432248904315,0.5432432248904315,0.5324324144448511,0.5263513335692117,0.5195945770407238,0.5162161987764797,0.5128378205122358,0.5094594422479918,0.49932430745525985,0.4925675509267719,0.4891891726625279,0.48581079439828395,0.48243241613404,0.475675659605552,0.4729729569941568,0.47229728134130805,0.47229728134130805,0.4385134986988687,0.4195945804191019,0.4148648508491604,0.3817567438595698,0.3655405281911983,0.3209459351031782,0.3074324220462023,0.2702702611395182,0.26013512634678665,0.2560810724296935,0.25270269416544955,0.24932431590120555,0.21891891152300977,0.21216215499452182,0.19594593932615106,0.1513513462381302,0.14797296797388623,0.13851350883400346,0.12094594185993442,0.09594594270452907,0.0804054026890067,0.06689188963203078,0.057432430492147996,0.05675675483929885,0.050675673963660045,0.04729729569941606,0.043243241782322944,0.03986486351807897,0.036486485253834994,0.03310810698959101,0.03310810698959101,0.029729728725347036,0.029729728725347036,0.02635135046110306,0.02635135046110306,0.01621621566837113,0.013513513056975908,0.012837837404127151,0.012837837404127151,0.012837837404127151,0.010135134792732124,0.009459459139883174,0.009459459139883174,0.0067567565284881465,0.0067567565284881465,0.003378378264244169,0.0,0.0067567565284881465,0.009459459139883174,0.009459459139883174,0.010135134792732124,0.012837837404127151,0.013513513056975908,0.03243243133674245,0.046621620046566926,0.06081080875639197,0.06689188963203078,0.06689188963203078,0.06689188963203078,0.06689188963203078,0.07027026789627476,0.07770270007761186,0.0804054026890067,0.0804054026890067,0.0804054026890067,0.0804054026890067,0.08175675399470421,0.08851351052319255,0.08175675399470421,0.08175675399470421,0.08175675399470421,0.0804054026890067,0.07770270007761186,0.07162161920197228,0.06756756528487955,0.06689188963203078,0.06689188963203078,0.06689188963203078,0.06689188963203078,0.06689188963203078,0.047972971352264825,0.040540539170927724,0.03716216090668394,0.036486485253834994,0.036486485253834994,0.036486485253834994,0.036486485253834994,0.03716216090668394,0.03716216090668394,0.040540539170927724,0.08445945660610289,0.25270269416544955,0.2587837750410893,0.2898648550721333
9132500,0.001016260152273779,0.001016260152273779,0.001016260152273779,0.001016260152273779,0.001016260152273779,0.001016260152273779,0.001016260152273779,0.001016260152273779,0.001016260152273779,0.0009349593400918783,0.0009349593400918783,0.0007113821065916481,0.0003048780456821308,4.065040609095751e-05,0.0,2.0325203045478755e-05,0.0,0.0,0.0,0.0,0.0,0.0,0.0,0.0,0.0,0.0,0.0,0.0,0.0,0.0,0.0,0.0,0.0,0.0,0.0,0.0,0.0,0.0,0.0,0.00010162601522737934,0.00010162601522737934,0.00012195121827285809,0.0005081300761368895,0.001016260152273779,0.001016260152273779,0.0012195121827285377,0.001727642258865427,0.002032520304547558,0.002032520304547558,0.002032520304547558,0.0028861788324575357,0.003048780456821337,0.003048780456821337,0.003455284517730847,0.004065040609095116,0.004085365812140595,0.0048170731217777145,0.006097560913642674,0.006097560913642674,0.007113821065916453,0.008130081218190232,0.008556910482145227,0.01008130071055589,0.01117886167501157,0.012195121827285348,0.013516260025241257,0.014227642131832906,0.016260162436380465,0.01729674779169972,0.018394308756155393,0.02016260142111178,0.021544715228204118,0.02329268269011503,0.0252235769794352,0.028455284263665812,0.02983739807075815,0.03252032487276093,0.034552845177308486,0.0367073167001289,0.04046747926354188,0.042723576801589676,0.04573170685232005,0.04878048730914139,0.052845527918236504,0.056910568527331624,0.06199186928870052,0.06727642208052419,0.07621951142053342,0.0855691048214522,0.08943089340009255,0.09451219416146145,0.09776422664873756,0.10467479568419924,0.10975609644556812,0.1150406492373918,0.1209349581205797,0.1333333319783198,0.14634146192742417,0.1554878032978882,0.16260162436380463,0.16991869746017582,0.1800812989829136,0.19837398172384163,0.20934959136839848,0.22865853426160027,0.24288617639343318,0.26016259898208743,0.2932926799462126,0.3136178829916882,0.3365853624330756,0.3623983703008296,0.38658536192494547,0.4065040609095116,0.42235771928498256,0.4422764182695486,0.4689024342591217,0.49593495430960416,0.5254064987255437,0.5469512139537479,0.5723577177605924,0.5857723517706063,0.606707310907446,0.6219512131915528,0.6394308878106618,0.6640243834956873,0.6784552776579749,0.6961382043075386,0.7117886106525547,0.7288617812107543,0.7597560898398772,0.7796747888244433,0.8018292601440116,0.8262195037985823,0.8455284466917841,0.8711382025290834,0.8882113730872828,0.9036585274018444,0.9443089334927954,0.9585365756246284,0.9695121852691851,0.9796747867919229,0.9796747867919229,0.9918699086192085,0.9999999898373985,0.9999999898373985,0.9999999898373985,0.9999999898373985,0.9898373883146607,0.971544705573733,0.967886169025547,0.9593495837464473,0.9534552748632594,0.9278455190259602,0.9065040558282108,0.882317064204095,0.8534552758795196,0.8296747883163132,0.7969512114130975,0.7605690979616961,0.7280487730889352,0.689227635272077,0.6518292616684019,0.6128048718210887,0.5772357664915064,0.5337398319741887,0.5012195071014278,0.46605690583275505,0.4371951175081798,0.39939023984359523,0.3682926791840175,0.3414634111639897,0.31646341141805473,0.2949186961898507,0.2766260134489227,0.25833333070799464,0.24817072918525687,0.24085365608888562,0.23475609517524293,0.22865853426160027,0.22073170507386483,0.2164634124343149,0.21341463197749358,0.21056910355112698,0.20731707106385092,0.20528455075930335,0.20426829060702958,0.20121951015020823,0.20020324999793446,0.1991869898456607,0.1981707296933869,0.1981707296933869,0.19715446954111313,0.19715446954111313,0.19613820938883933,0.19512194923656556,0.1941056890842918,0.1941056890842918,0.1941056890842918,0.193089428932018,0.19207316877974423,0.19207316877974423,0.19105690862747043,0.19004064847519667,0.1890243883229229,0.1880081281706491,0.18699186801837533,0.18699186801837533,0.18597560786610154,0.1851625997442825,0.18495934771382777,0.18495934771382777,0.1829268274092802,0.1829268274092802,0.18191056725700644,0.18089430710473264,0.18089430710473264,0.18089430710473264,0.17987804695245888,0.1788617868001851,0.1778455266479113,0.17703251852609228,0.17682926649563754,0.17682926649563754,0.17581300634336375,0.17479674619108998,0.17479674619108998,0.17479674619108998,0.17479674619108998,0.1737804860388162,0.17276422588654242,0.17276422588654242,0.17174796573426865,0.17073170558199485,0.16971544542972108,0.16971544542972108,0.16869918527744732,0.16788617715562829,0.16768292512517352,0.16666666497289975,0.16565040482062598,0.1646341446683522,0.16361788451607842,0.16260162436380463,0.1605691040592571,0.1544715431456144,0.12967479543013424,0.09715447055737332,0.08150406421235709,0.07337398299416686,0.06707317005006941,0.059959348984152956,0.05589430837505784,0.0520325197964175,0.04898373933959616,0.045813007664501956,0.04439024345131867,0.039959349187405,0.0386178857864036,0.03626016223312844,0.034918698832127046,0.03398373949203518,0.0331300809641252,0.03252032487276093,0.03150406472048715,0.03048780456821337,0.030325202943849567,0.02947154441593959,0.02906504035503007,0.028028454999710836,0.027276422487028232,0.026422763959118252,0.026422763959118252,0.026422763959118252,0.025934959086026835,0.025406503806844474,0.0249796745428895,0.024390243654570695,0.024390243654570695,0.023373983502296917,0.022967479441387398,0.02237804855306861,0.02227642253784125,0.02207317050738648,0.021341463197749357,0.02085365832465794,0.020447154263748425,0.020325203045475578,0.020142276218066305,0.02004065020283892,0.01932926809624727,0.01829268274092802,0.01821138192874612,0.01754065022824543,0.017276422588654243,0.017073170558199485,0.016483739669880693,0.016158536421153086,0.015447154314561444,0.014532520177515036,0.014349593350105763,0.014227642131832906,0.014227642131832906,0.014126016116605526,0.013922764086150775,0.013536585228286735,0.013048780355195326,0.012723577106467716,0.012398373857740107,0.012195121827285348,0.012195121827285348,0.011910568984648689,0.011686991751148458,0.011382113705466327,0.011300812893284426,0.01117886167501157,0.011097560862829668,0.01099593484760229,0.01097560964455681,0.010772357614102059,0.010284552741010648,0.010162601522737789,0.009613821040509956,0.00916666657350949,0.00914634137046401,0.00914634137046401,0.008943089340009251,0.008455284466917842,0.008130081218190232,0.007845528375553572,0.007439024314644062,0.007113821065916453,0.006930894238507173,0.006605690989779563,0.006097560913642674,0.006097560913642674,0.006097560913642674,0.005487804822278405,0.0050813007613688945,0.004918699137005093,0.004674796700459385,0.004288617842595346,0.004065040609095116,0.004065040609095116,0.004065040609095116,0.004065040609095116,0.004065040609095116,0.004065040609095116,0.0035569105329582265,0.003048780456821337,0.003048780456821337,0.0029674796446394363,0.0021341463197749374,0.002032520304547558,0.002032520304547558,0.002032520304547558,0.002032520304547558,0.002032520304547558,0.002032520304547558,0.002032520304547558,0.002032520304547558,0.002032520304547558,0.001727642258865427,0.001016260152273779,0.001016260152273779,0.001016260152273779,0.001016260152273779
9144250,0.016624290860314108,0.019166829462479797,0.02327400720443966,0.024251906666811072,0.024251906666811072,0.024251906666811072,0.024251906666811072,0.024251906666811072,0.024251906666811072,0.024251906666811072,0.024251906666811072,0.024251906666811072,0.02542538602165681,0.02542538602165681,0.02542538602165681,0.02542538602165681,0.027185605053925307,0.028750244193719587,0.033639741505576755,0.033639741505576755,0.04889497311857068,0.05554468946269624,0.05652258892506765,0.05730490849496474,0.05730490849496474,0.05886954763475902,0.06141208623692471,0.06141208623692471,0.06219440580682179,0.06649716344125597,0.06884412215094746,0.07216898032301024,0.07529825860259869,0.07686289774239297,0.07725405752734162,0.07940543634455877,0.08351261408651851,0.0868374722585814,0.0868374722585814,0.08898885107579856,0.0911402298930156,0.0938783483876555,0.0964208869898212,0.09700762666724407,0.10443966258126682,0.11891257462436366,0.12008605397920939,0.12380207193622071,0.12458439150611791,0.13201642742014066,0.13964404322663762,0.148249558495506,0.15392137537726014,0.16017993193643726,0.16194015096870576,0.16448268957087145,0.16898102709777985,0.16976334666767706,0.17308820483973994,0.17563074344190552,0.17563074344190552,0.17563074344190552,0.17484842387200844,0.17563074344190552,0.17680422279675115,0.17778212225912268,0.1797379211838655,0.1807158206462369,0.181498140216134,0.18443183860324822,0.18462741849572245,0.18971249570005394,0.19264619408716807,0.19518873268933376,0.19812243107644797,0.19968707021624227,0.20222960881840796,0.20594562677541928,0.2122041833345964,0.2167025208615048,0.21983179914109335,0.22785057473253897,0.23352239161429314,0.23626051010893304,0.23626051010893304,0.23645609000140735,0.2386074688186244,0.24017210795841867,0.24056326774336734,0.24662624441007003,0.2511245819369785,0.2532759607541957,0.2601212569907956,0.26774887279729254,0.2716604706467782,0.28202620494791514,0.2900449805393607,0.2963035370985378,0.30119303441039474,0.3086250703244175,0.31547036656101735,0.3203598638728744,0.32485820139978294,0.3342460362385485,0.34676314935690256,0.35556424451824525,0.3598670021526794,0.3659299788193822,0.3745354940882506,0.39370232355073026,0.4015255192497016,0.4113045138734157,0.43281830204558697,0.440641497744558,0.45042049236827214,0.46019948699198626,0.4797574762394145,0.5012712644115858,0.5384314439816992,0.5677684278528415,0.599061210648727,0.6264423955951263,0.6479561837672972,0.6675141730147257,0.6851163633374109,0.7144533472085532,0.7144533472085532,0.7359671353807246,0.7535693257034097,0.7829063095745521,0.784862108499295,0.8044200977467231,0.8220222880694085,0.8415802773168367,0.8650498644137511,0.9002542450591214,0.9119890386075786,0.9687072074251203,0.9882651966725484,0.9980441912962625,0.9999999902210054,0.9999999902210054,0.9999999902210054,0.9980441912962625,0.9980441912962625,0.9882651966725484,0.9687072074251203,0.9589282128014062,0.9295912289302638,0.8904752504354073,0.8806962558116932,0.861138266564265,0.8415802773168367,0.8220222880694085,0.8024642988219803,0.7750831138755807,0.7633483203271239,0.7359671353807246,0.7144533472085532,0.6753373687136968,0.6381771891435833,0.5971054117239839,0.5697242267775844,0.5306082482827279,0.5090944601105568,0.47193428054044345,0.4308625031208439,0.4113045138734157,0.3804028908624791,0.352630546131131,0.3166438459158631,0.2972814365609091,0.2871112821522464,0.27342068967904665,0.2607079966682183,0.2552317596789384,0.2411500074207901,0.22667709537769326,0.21983179914109335,0.21357324258191634,0.20320750828077938,0.19518873268933376,0.19225503430221952,0.1885390163452082,0.18834343645273388,0.1867787973129397,0.18364951903335114,0.18052024075376258,0.17778212225912268,0.17660864290427694,0.17680422279675115,0.17856444182901976,0.1797379211838655,0.1797379211838655,0.1807158206462369,0.181498140216134,0.181498140216134,0.1807158206462369,0.181498140216134,0.18267161957097974,0.18443183860324822,0.18443183860324822,0.18267161957097974,0.181498140216134,0.17895560161396842,0.17699980268922547,0.17563074344190552,0.17387052440963702,0.16898102709777985,0.16604732871066574,0.1658517488181914,0.1658517488181914,0.16487384935582,0.16291805043107718,0.16194015096870576,0.16096225150633436,0.16017993193643726,0.15900645258159152,0.1560727541944773,0.1552904346245802,0.1552904346245802,0.1552904346245802,0.15509485473210588,0.15411695526973448,0.1525523161299402,0.15040093731272317,0.14844513838798032,0.14746723892560892,0.14453354053849468,0.14257774161375186,0.1404263627965347,0.13847056387179188,0.13847056387179188,0.13847056387179188,0.13847056387179188,0.13866614376426623,0.1404263627965347,0.14081752258148325,0.14238216172127754,0.14355564107612326,0.14844513838798032,0.14961861774282606,0.15216115634499164,0.15216115634499164,0.15137883677509456,0.14961861774282606,0.15137883677509456,0.15216115634499164,0.1543125351622088,0.1552904346245802,0.15724623354932304,0.15724623354932304,0.15841971290416876,0.15998435204396294,0.16017993193643726,0.16115783139880857,0.16233131075365442,0.16487384935582,0.16506942924829432,0.16898102709777985,0.17171914559241988,0.17563074344190552,0.17954234129139118,0.18267161957097974,0.1850185782806711,0.1885390163452082,0.18932133591510528,0.1912771348398481,0.1912771348398481,0.18971249570005394,0.1885390163452082,0.18756111688283678,0.18443183860324822,0.18443183860324822,0.18756111688283678,0.1885390163452082,0.18834343645273388,0.18834343645273388,0.18834343645273388,0.18756111688283678,0.18462741849572245,0.18286719946345406,0.18462741849572245,0.18462741849572245,0.18208487989355698,0.17836886193654555,0.18208487989355698,0.18208487989355698,0.17680422279675115,0.17582632333437986,0.17171914559241988,0.16115783139880857,0.1543125351622088,0.14453354053849468,0.13475454591478056,0.131625267635192,0.12673577032333494,0.12380207193622071,0.12086837354910648,0.1112849588178667,0.10052806473178116,0.08977117064569565,0.0823391347316729,0.07901427655961012,0.07510267871012435,0.07138666075311315,0.0702131813982674,0.06610600365630744,0.06434578462403895,0.06160766612939903,0.05945628731218177,0.05847838784981047,0.0543712101078505,0.0498728725809421,0.04869939322609636,0.04400547580671363,0.04087619752712507,0.03989829806475365,0.03657343989269088,0.03383532139805086,0.03285742193567945,0.03285742193567945,0.03305300182815377,0.03383532139805086,0.0350088007528966,0.03579112032279368,0.036377860000216554,0.03892039860238224,0.03579112032279368,0.034813220860422274,0.03383532139805086,0.03383532139805086,0.03305300182815377,0.03285742193567945,0.032075102365782364,0.030901623010936626,0.02914140397866813,0.026598865376502436,0.02522980612918248,0.02229610774206825,0.020535888709799752,0.01858008978505693,0.013886172365674198,0.012321533225879807,0.010365734301136983,0.0076276158064970765,0.0066497163441256646,0.0056718168817542535,0.005476236989279927,0.005476236989279927,0.005476236989279927,0.005476236989279927,0.005476236989279927,0.005476236989279927,0.0037160179570114305,0.0,0.0,0.0,0.0015646391397942806,0.001955798924742934,0.001955798924742934,0.0015646391397942806,0.0,0.0,0.0015646391397942806,0.0015646391397942806
9146200,0.006747638098932586,0.006477732574975289,0.006410256193985952,0.006140350670028654,0.005802968765082021,0.005802968765082021,0.005735492384092708,0.0054655868601354105,0.005398110479146074,0.005060728574199439,0.005060728574199439,0.005060728574199439,0.004790823050242142,0.0037786773354022635,0.0034412954304556295,0.003373819049466293,0.003373819049466293,0.003373819049466293,0.003373819049466293,0.003373819049466293,0.003373819049466293,0.003373819049466293,0.0027665316205623615,0.001754385905722483,0.0010796220958292147,0.0006747638098932682,0.0,0.0,0.0,0.0,0.0,0.0,0.0,6.747638098933641e-05,6.747638098933641e-05,0.0003373819049466341,6.747638098933641e-05,0.0003373819049466341,0.0013495276197865124,0.0016869095247331466,0.001754385905722483,0.001754385905722483,0.0020242914296797806,0.0026990552395730247,0.003036437144519659,0.003373819049466293,0.003373819049466293,0.003373819049466293,0.003373819049466293,0.003373819049466293,0.004385964764306171,0.006747638098932586,0.006747638098932586,0.006747638098932586,0.0077597838137724645,0.009446693338505611,0.010121457148398879,0.010121457148398879,0.011133602863238758,0.012483130483025294,0.013495276197865173,0.013495276197865173,0.01558704400853429,0.016869095247331465,0.016869095247331465,0.017881240962171346,0.019635626867893826,0.020242914296797757,0.021052630868669677,0.023616733346264053,0.023616733346264053,0.024966260966050563,0.026990552395730345,0.026990552395730345,0.028407556396506193,0.030364371445196638,0.030364371445196638,0.03211875735091912,0.03373819049466293,0.03488528897148148,0.03711200954412922,0.039338730116776965,0.040485828593595515,0.040485828593595515,0.043859647643061814,0.043859647643061814,0.047233466692528106,0.047638324978464076,0.0506072857419944,0.05195681336178091,0.05398110479146069,0.05499325050630057,0.05735492384092698,0.061740888605233205,0.06410256193985957,0.06747638098932586,0.07085020003879215,0.07159244022967473,0.07442644823122643,0.08043184613927644,0.08434547623665734,0.0879217244290916,0.09311740576526967,0.1012145714839888,0.10533063072433767,0.11363022558602477,0.12010795816100006,0.13515519112161972,0.1479082271286023,0.15856949532491577,0.16599189723374164,0.1740890629524607,0.18090417743238266,0.18589742962559272,0.19230768581957872,0.20215923744402028,0.20917678106691018,0.21592441916584276,0.21997300202520237,0.22941969536370793,0.2429149715615731,0.253036428709972,0.26315788585837085,0.27327934300676976,0.2834008001551686,0.2968960763530338,0.3070175335014327,0.3178137544597249,0.3306342668476967,0.3448043068554552,0.3582995830533204,0.37854249735011813,0.40148446688648887,0.4217273811832866,0.4419702954800844,0.46558702882634845,0.49932521932101137,0.526990535526635,0.5499325050630057,0.5641025450707642,0.587044514607135,0.6174088860523317,0.6376518003491294,0.6612685336953934,0.6882590860911239,0.7085020003879215,0.7429149546924779,0.7726045623277811,0.7995951147235115,0.8333333052181744,0.863697676663371,0.8873144100096351,0.9014844500173936,0.9143049624053654,0.9345478767021632,0.9615384290978936,0.9689608310067196,0.9757084691056521,0.9723346500561858,0.9757084691056521,0.9851551624441576,0.9865046900639444,0.9999999662618095,0.9999999662618095,0.9865046900639444,0.965587011957253,0.9581646100484272,0.9345478767021632,0.9109311433558992,0.8906882290591014,0.8670714957128374,0.8535762195149722,0.8367071242676407,0.8198380290203092,0.7935222404344723,0.7591092861299159,0.7287449146847194,0.7132253470571744,0.6754385737031519,0.6477732574975282,0.6282051070106237,0.6039136098544665,0.5668016003103372,0.5465586860135395,0.5134952593287698,0.493252345031972,0.47975706883410685,0.46896084787581477,0.4527665164383766,0.4385964764306181,0.4257759640426462,0.4217273811832866,0.4055330497458485,0.3981106478370226,0.39136300973809,0.37786773354022485,0.36774627639182594,0.3542510001939608,0.3475033620950282,0.3407557239960956,0.33130903065759004,0.3238866287487641,0.31713899064983153,0.3070175335014327,0.30364371445196636,0.2935222573035675,0.2901484382541012,0.28677461920463493,0.2834008001551686,0.276653162056236,0.2705802877671968,0.26315788585837085,0.25641024775943827,0.24966260966050569,0.2429149715615731,0.2395411525121068,0.23279351441317422,0.22604587631424164,0.21997300202520237,0.21255060011637647,0.21255060011637647,0.20917678106691018,0.20580296201744389,0.20107961534819105,0.195681504869045,0.1912280637237495,0.18448042562481692,0.1802294136224894,0.17543859057224725,0.17206477152278096,0.16869095247331467,0.16531713342384835,0.16194331437438206,0.15856949532491577,0.15519567627544947,0.15182185722598318,0.1486504673194849,0.1484480381765169,0.14561403017496524,0.14379216788825344,0.1417004000775843,0.1417004000775843,0.138326581028118,0.138326581028118,0.13778676998020342,0.13468285645469447,0.1320512775961107,0.13157894292918543,0.13157894292918543,0.12860998216565506,0.12820512387971914,0.12483130483025284,0.12226720235265849,0.12145748578078655,0.12145748578078655,0.11808366673132026,0.11572199339669384,0.11470984768185397,0.11410256025295006,0.11187583968030226,0.11133602863238767,0.11133602863238767,0.11133602863238767,0.11133602863238767,0.1097840718696332,0.10796220958292138,0.10796220958292138,0.10769230405896413,0.10668015834412416,0.10661268196313485,0.10627530005818824,0.10458839053345509,0.10458839053345509,0.10290148100872194,0.1015519533889354,0.10060728405508489,0.0978407524345225,0.0978407524345225,0.09757084691056525,0.09520917357593879,0.09446693338505621,0.09331983490823766,0.09109311433558992,0.09109311433558992,0.08954115757283544,0.08839405909601689,0.08771929528612363,0.08771929528612363,0.08771929528612363,0.08771929528612363,0.08744938976216637,0.08603238576139048,0.08508771642753991,0.08441295261764664,0.08434547623665734,0.08434547623665734,0.08434547623665734,0.08434547623665734,0.08434547623665734,0.08407557071270003,0.08306342499786015,0.08130903909213767,0.08097165718719103,0.08097165718719103,0.08070175166323373,0.07834007832860733,0.07759783813772474,0.07624831051793823,0.07503373566013037,0.07422401908825844,0.07219972765857867,0.07085020003879215,0.06983805432395228,0.06747638098932586,0.06578947146459271,0.06410256193985957,0.060728742890393275,0.05809716403180956,0.05735492384092698,0.054453439458385974,0.05398110479146069,0.053711199267503396,0.05134952593287698,0.0506072857419944,0.0506072857419944,0.04932523450319722,0.047233466692528106,0.04635627373966687,0.04460188783394439,0.043859647643061814,0.043859647643061814,0.040485828593595515,0.040485828593595515,0.04021592306963822,0.03711200954412922,0.03711200954412922,0.03616734021027866,0.035425100019396076,0.03380566687565227,0.03373819049466293,0.03211875735091912,0.030364371445196638,0.029082320206399462,0.026990552395730345,0.026990552395730345,0.026990552395730345,0.024358973537146632,0.023616733346264053,0.023616733346264053,0.022941969536370784,0.02159244191658427,0.020242914296797757,0.020242914296797757,0.018893386677011247,0.0172064771522781,0.016869095247331465,0.016869095247331465,0.016869095247331465,0.016869095247331465,0.016261807818427534,0.015519567627544953,0.014507421912705052,0.013495276197865173,0.013495276197865173,0.013495276197865173,0.013157894292918538
9147000,0.6030856750148843,0.6030856750148843,0.6030856750148843,0.6030856750148843,0.6030856750148843,0.6030856750148843,0.6030856750148843,0.6030856750148843,0.6030856750148843,0.6030856750148843,0.6030856750148843,0.6030856750148843,0.6030856750148843,0.6030856750148843,0.6030856750148843,0.6030856750148843,0.6030856750148843,0.6030856750148843,0.6030856750148843,0.6030856750148843,0.6030856750148843,0.6030856750148843,0.6030856750148843,0.6030856750148843,0.6030856750148843,0.6030856750148843,0.6030856750148843,0.6030856750148843,0.6030856750148843,0.6030856750148843,0.6030856750148843,0.6030856750148843,0.6030856750148843,0.6030856750148843,0.6030856750148843,0.6030856750148843,0.6030856750148843,0.6081612992786015,0.6132369235423188,0.6183125478060362,0.6183125478060362,0.6233881720697534,0.6233881720697534,0.6284637963334706,0.6335394205971878,0.6487662933883397,0.6538419176520569,0.6538419176520569,0.6538419176520569,0.6538419176520569,0.6538419176520569,0.6548570425048003,0.6690687904432087,0.6751595395596695,0.6842956632343604,0.6893712874980776,0.6995225360255122,0.7045981602892294,0.7045981602892294,0.7045981602892294,0.7045981602892294,0.7096737845529467,0.7249006573440984,0.735051905871533,0.7502787786626847,0.755354402926402,0.755354402926402,0.755354402926402,0.755354402926402,0.755354402926402,0.755354402926402,0.755354402926402,0.755354402926402,0.755354402926402,0.755354402926402,0.7705812757175537,0.7807325242449883,0.7868232733614492,0.8010350212998573,0.8061106455635746,0.8061106455635746,0.8061106455635746,0.8061106455635746,0.8061106455635746,0.8061106455635746,0.8061106455635746,0.8061106455635746,0.8061106455635746,0.8061106455635746,0.8061106455635746,0.8061106455635746,0.8061106455635746,0.8061106455635746,0.8071257704163182,0.8122013946800354,0.8182921437964958,0.8264131426184435,0.8325038917349044,0.8467156396733125,0.856866888200747,0.856866888200747,0.856866888200747,0.8517912639370296,0.8375795159986217,0.8061106455635746,0.8061106455635746,0.8061106455635746,0.755354402926402,0.7512939035154282,0.694446911761795,0.6538419176520569,0.6030856750148843,0.5624806809051462,0.5015731897405392,0.4558925713670839,0.4000607044661941,0.359455710356456,0.30930854263092955,0.26880506100646595,0.21571403120798338,0.15561863992557104,0.13024051860698474,0.11582574569802775,0.08415385029243212,0.06659219033997037,0.04984263026970342,0.039995919198091964,0.03461575747855164,0.030250720611754826,0.0295401332148344,0.020099472084320284,0.014617797879505687,0.0063952865722837595,0.004162011896248119,0.0029438620729559995,0.0018272247349381912,0.0018272247349381912,0.0016241997643894781,0.0,0.0018272247349381912,0.004162011896248119,0.004162011896248119,0.013501160541487879,0.02009947208432035,0.03065677055285221,0.0396913817422689,0.04943658032860604,0.060196903767686626,0.07116025217731597,0.09075216183526452,0.11176524628705403,0.13206774334192303,0.14800520352999527,0.16891677549651032,0.20718698244493833,0.2173382309723729,0.22809855441145355,0.25794322508211087,0.2643385116543946,0.27580942249039564,0.2906302453404501,0.29925880658876947,0.31580534168848784,0.33509271389061324,0.3500150492259419,0.3706220837366341,0.4020909541716812,0.45081694710336667,0.4772101932746963,0.5015731897405392,0.5381176844393035,0.5523294323777118,0.6030856750148843,0.608161299278602,0.6538419176520569,0.6538419176520569,0.6548570425048003,0.6822654135288738,0.7045981602892294,0.7045981602892294,0.7045981602892294,0.755354402926402,0.7817476490977319,0.8223526432074697,0.8487458893787996,0.856866888200747,0.856866888200747,0.8741240106973859,0.9076231308379196,0.9076231308379196,0.9228500036290714,0.9380768764202232,0.9380768764202232,0.9390920012729667,0.9533037492113748,0.9543188740641184,0.9543188740641184,0.9624398728860662,0.9999994924375737,0.9949238681738564,0.9807121202354483,0.9583793734750922,0.9543188740641184,0.9533037492113748,0.9431525006839403,0.9380768764202232,0.9228500036290714,0.9147290048071239,0.9086382556906631,0.9086382556906631,0.9086382556906631,0.9076231308379196,0.9076231308379196,0.9035626314269458,0.9025475065742022,0.8984870071632285,0.9025475065742022,0.8974718823104851,0.8771693852556159,0.8578820130534907,0.856866888200747,0.856866888200747,0.8578820130534907,0.856866888200747,0.856866888200747,0.8487458893787996,0.8375795159986217,0.8061106455635746,0.8010350212998573,0.7624602768956064,0.755354402926402,0.755354402926402,0.755354402926402,0.7401275301352502,0.7360670307242767,0.7401275301352502,0.7309914064605594,0.7259157821968419,0.7259157821968419,0.7299762816078157,0.735051905871533,0.7421577798407373,0.7421577798407373,0.7512939035154282,0.7380972804297636,0.7512939035154282,0.7512939035154282,0.7411426549879938,0.7411426549879938,0.7512939035154282,0.755354402926402,0.755354402926402,0.755354402926402,0.755354402926402,0.755354402926402,0.755354402926402,0.755354402926402,0.755354402926402,0.7563695277791456,0.7715964005702972,0.785808148508706,0.8061106455635746,0.8071257704163182,0.8416400154095952,0.856866888200747,0.856866888200747,0.856866888200747,0.856866888200747,0.856866888200747,0.856866888200747,0.8578820130534907,0.856866888200747,0.856866888200747,0.856866888200747,0.856866888200747,0.856866888200747,0.856866888200747,0.864987887022695,0.8781845101083596,0.883260134372077,0.883260134372077,0.8873206337830506,0.8873206337830506,0.8873206337830506,0.8923962580467678,0.8923962580467678,0.9025475065742022,0.9076231308379196,0.9076231308379196,0.9076231308379196,0.9076231308379196,0.9076231308379196,0.9228500036290714,0.9228500036290714,0.9279256278927885,0.9340163770092494,0.9482281249476576,0.9533037492113748,0.9583793734750922,0.9583793734750922,0.9583793734750922,0.9583793734750922,0.9583793734750922,0.9583793734750922,0.9583793734750922,0.9543188740641184,0.9533037492113748,0.9431525006839403,0.9431525006839403,0.9279256278927885,0.917774379365354,0.9076231308379196,0.9076231308379196,0.9076231308379196,0.9076231308379196,0.9076231308379196,0.9076231308379196,0.9076231308379196,0.8974718823104851,0.8873206337830506,0.8720937609918988,0.856866888200747,0.856866888200747,0.8517912639370296,0.8467156396733125,0.8264131426184435,0.8061106455635746,0.8061106455635746,0.8061106455635746,0.7858081485087056,0.755354402926402,0.755354402926402,0.755354402926402,0.755354402926402,0.7502787786626847,0.7401275301352502,0.7208401579331246,0.7045981602892294,0.7045981602892294,0.7045981602892294,0.7045981602892294,0.694446911761795,0.6842956632343604,0.6650082910322349,0.6538419176520569,0.6538419176520569,0.6538419176520569,0.6538419176520569,0.6538419176520569,0.6538419176520569,0.6538419176520569,0.6538419176520569,0.6538419176520569,0.6538419176520569,0.6447057939773659,0.638615044860905,0.6335394205971878,0.6294789211862141,0.6284637963334706,0.6284637963334706,0.6284637963334706,0.6233881720697534,0.6233881720697534,0.6233881720697534,0.6233881720697534,0.6244032969224969
9147500,0.0,0.0,0.0,0.0,0.0,0.0,0.0,0.0,0.0,6.289307978324632e-05,0.0,6.289307978324632e-05,0.0,0.0,0.0,0.0,0.0,0.0,0.0,0.0,0.0,0.0,0.0,0.0,0.0,0.0,0.0,0.0,0.0,6.289307978324632e-05,6.289307978324632e-05,0.0003144653989161869,0.0003144653989161869,0.0003144653989161869,0.0003144653989161869,6.289307978324632e-05,0.0,0.0003144653989161869,0.0003144653989161869,0.0003144653989161869,0.0003144653989161869,0.0003144653989161869,0.0003144653989161869,0.0010062892765317847,0.0012578615956647253,0.0015723269945809122,0.002201257792413286,0.0025157231913294506,0.0031446539891618244,0.0031446539891618244,0.003459119388078011,0.0037735847869941985,0.0047169809837427365,0.005031446382658924,0.0057232702602745215,0.006289307978323649,0.007610062653771621,0.00855345885052016,0.009119496568569287,0.009433961967485473,0.00949685504726872,0.011698112839681984,0.012578615956647297,0.012578615956647297,0.012578615956647297,0.01415094295122821,0.015723269945809124,0.015723269945809124,0.015786163025592367,0.01761006233930622,0.018867923934970946,0.018867923934970946,0.020503144009335107,0.022012577924132772,0.022138364083699263,0.024654087275028713,0.02641509350895932,0.02830188590245642,0.030943395253352365,0.032075470689450616,0.0349685523594795,0.037798740949725115,0.044025155848265544,0.04716980983742737,0.049056602230924486,0.05031446382658919,0.053459117815751016,0.05660377180491284,0.05974842579407467,0.0628930797832365,0.06509433757564978,0.06918238776156013,0.07232704175072197,0.07861634972904562,0.08182389679799067,0.08603773314346756,0.09377358195680563,0.09748427366401656,0.10062892765317838,0.10710691487085175,0.11440251212570716,0.1206918201040308,0.1289308135556348,0.14037735407618385,0.15094339147976757,0.15723269945809124,0.16729559222340912,0.17924527738222398,0.19245282413670373,0.2018867861041892,0.21383647126300406,0.22641508721965137,0.23584904918713684,0.251572319132946,0.2735848970570787,0.28679244381155844,0.305031436948697,0.330817599659824,0.35283017758395674,0.3679245167319335,0.3817609942842456,0.3993710566235517,0.41823898055852265,0.4377358352913259,0.45094338204580575,0.4716980983742737,0.4937106762984064,0.5132075310312098,0.5471697941141574,0.5572326868794752,0.5754716800166139,0.6006289119299085,0.6194968358648795,0.632704382619359,0.6603773377239831,0.6761006076697923,0.6949685316047632,0.7018867703809194,0.7138364555397342,0.7213836251137227,0.7371068950595318,0.7452829954313525,0.7578616113879997,0.7735848813338089,0.7861634972904561,0.8018867672362653,0.8257861375538952,0.8440251306910338,0.8628930546260047,0.8792452553696462,0.887421355741467,0.9119496568569291,0.9345911655788944,0.9534590895138652,0.9704402210553391,0.9999999685534602,0.9999999685534602,0.9999999685534602,0.9811320446184892,0.9704402210553391,0.959748397492189,0.9566037435030271,0.9477987123333742,0.9339622347810619,0.9213836188244146,0.9150943108460909,0.9088050028677673,0.8968553177089524,0.8867924249436345,0.8842767017523052,0.8710691549978253,0.8528301618606867,0.8371068919148779,0.8144653831929125,0.789308151279618,0.7748427429294736,0.7622641269728264,0.7484276494205142,0.7232704175072197,0.7106918015505723,0.7044024935722487,0.7012578395830869,0.6955974624025957,0.6918238776156014,0.6886792236264395,0.6823899156481159,0.6666666457023068,0.6578616145326538,0.6540880297456595,0.6421383445868447,0.6389936905976829,0.6383647597998504,0.6383647597998504,0.6383647597998504,0.6333333134171916,0.6289307978323649,0.6232704206518735,0.6226414898540412,0.6194968358648795,0.6169811126735499,0.6163521818757176,0.6163521818757176,0.6163521818757176,0.6106918046952263,0.6006289119299085,0.5974842579407467,0.5880502959732612,0.5849056419840993,0.5786163340057757,0.5754716800166139,0.5723270260274521,0.5660377180491284,0.5566037560816429,0.5503144481033193,0.5383647629445043,0.5226414929986952,0.518867908211701,0.5157232542225392,0.503144638265892,0.4968553302875683,0.48805029911791514,0.4716980983742737,0.45345910523713506,0.4371069044934936,0.4245282885368463,0.4062892953997077,0.39308174864522805,0.37798740949725135,0.3616352087536098,0.3490565927969625,0.33710690763814766,0.3207547068945061,0.3056603677465294,0.28993709780072024,0.2704402430679169,0.2547169731221078,0.232704395197975,0.21383647126300406,0.2044025092955186,0.1893081701475419,0.17610062339306218,0.1666666614255767,0.15723269945809124,0.14842766828843817,0.13924527864008562,0.13213836062457984,0.125786159566473,0.11949685158814934,0.11371068824809157,0.10867924186543267,0.10383647472212343,0.10062892765317838,0.09433961967485474,0.09119496568569291,0.08704402241999933,0.08201257603734043,0.08150943139907454,0.07861634972904562,0.07547169573988378,0.07547169573988378,0.0749685511016179,0.07232704175072197,0.07031446319765844,0.06918238776156013,0.06918238776156013,0.06918238776156013,0.06792452616589544,0.06603773377239831,0.06553458913413243,0.06452829985760063,0.06396226213955152,0.06308175902258621,0.062138362825837665,0.062138362825837665,0.061698111267354964,0.06207546974605444,0.0628930797832365,0.0638993690597683,0.0638993690597683,0.0638993690597683,0.0638993690597683,0.0628930797832365,0.06264150746410359,0.06113207354930591,0.05974842579407467,0.05974842579407467,0.05974842579407467,0.05918238807602556,0.058238991879276975,0.05723270260274521,0.05635219948577994,0.054591193251849274,0.053459117815751016,0.05283018701791864,0.051886790821170106,0.050691822305288584,0.05031446382658919,0.0500628915074563,0.04874213683200828,0.048427671433092116,0.04716980983742737,0.04597484132154584,0.044025155848265544,0.04251572193346786,0.04088050185910372,0.03716981015189279,0.033459118444681815,0.0318867914501009,0.028679244381155853,0.026792451987658755,0.02553459039199403,0.025157231913294595,0.024213835716546058,0.022704401801748368,0.022075471003916016,0.02125786096673395,0.020754716328468047,0.01987421321150273,0.01924528241367038,0.018616351615838005,0.01792452773822241,0.01735849002017328,0.015723269945809124,0.014779873749060583,0.014213836031011456,0.01389937063209527,0.013270439834262895,0.012955974435346731,0.012578615956647297,0.012578615956647297,0.011949685158814925,0.011383647440765818,0.010754716642933445,0.009433961967485473,0.009182389648352532,0.008238993451603994,0.007861634972904562,0.007232704175072187,0.006352201058106895,0.006289307978323649,0.006289307978323649,0.005974842579407462,0.005974842579407462,0.005660377180491275,0.004779874063525983,0.004465408664609796,0.003459119388078011,0.0031446539891618244,0.0031446539891618244,0.0031446539891618244,0.0031446539891618244,0.0031446539891618244,0.0031446539891618244,0.002578616271112697,0.0025157231913294506,0.0022641508721965103,0.0018867923934970993,0.0018867923934970993,0.0012578615956647253,0.0012578615956647253,0.0010062892765317847,0.0009433961967485385,0.0006289307978323738,0.0006289307978323738,0.0006289307978323738,6.289307978324632e-05
9149500,0.036827193728649885,0.032105758635233225,0.028328610560499977,0.028328610560499977,0.027384323541816562,0.027384323541816562,0.027384323541816562,0.027384323541816562,0.027384323541816562,0.027384323541816562,0.027384323541816562,0.027384323541816562,0.028328610560499977,0.027384323541816562,0.027384323541816562,0.027384323541816562,0.027384323541816562,0.028328610560499977,0.027384323541816562,0.0226628884483999,0.017941453354983237,0.017941453354983237,0.013220018261566574,0.009442870186833326,0.009442870186833326,0.009442870186833326,0.009442870186833326,0.008498583168149913,0.008498583168149913,0.008498583168149913,0.009442870186833326,0.008498583168149913,0.008498583168149913,0.008498583168149913,0.008498583168149913,0.008498583168149913,0.009442870186833326,0.008498583168149913,0.008498583168149913,0.004721435093416663,0.0037771480747332497,0.0037771480747332497,0.0037771480747332497,0.0037771480747332497,0.0,0.0,0.0037771480747332497,0.0037771480747332497,0.0037771480747332497,0.008498583168149913,0.008498583168149913,0.013220018261566574,0.017941453354983237,0.017941453354983237,0.0226628884483999,0.0226628884483999,0.027384323541816562,0.027384323541816562,0.027384323541816562,0.027384323541816562,0.027384323541816562,0.027384323541816562,0.027384323541816562,0.027384323541816562,0.027384323541816562,0.027384323541816562,0.027384323541816562,0.032105758635233225,0.032105758635233225,0.036827193728649885,0.036827193728649885,0.04154862882206655,0.04627006391548321,0.04627006391548321,0.050991499008899877,0.050991499008899877,0.055712934102316536,0.0604343691957332,0.06987723938256653,0.07459867447598319,0.0755429614946666,0.07932010956939985,0.08404154466281652,0.08876297975623318,0.08876297975623318,0.08876297975623318,0.08876297975623318,0.09348441484964984,0.09348441484964984,0.0982058499430665,0.10292728503648316,0.11237015522331649,0.13125589559698314,0.13220018261566654,0.1359773306903998,0.1359773306903998,0.1359773306903998,0.13125589559698314,0.12181302541014981,0.11237015522331649,0.10387157205516657,0.10292728503648316,0.0982058499430665,0.09348441484964984,0.08876297975623318,0.07459867447598319,0.07082152640124993,0.05193578602758329,0.050991499008899877,0.04627006391548321,0.04154862882206655,0.0377714807473333,0.032105758635233225,0.028328610560499977,0.027384323541816562,0.027384323541816562,0.028328610560499977,0.036827193728649885,0.04249291584074996,0.04721435093416663,0.06137865621441661,0.07082152640124993,0.07459867447598319,0.07932010956939985,0.08120868360676668,0.09348441484964984,0.09915013696174992,0.10764872012989983,0.12181302541014981,0.1359773306903998,0.15486307106406647,0.1661945152882666,0.18791311671798308,0.19263455181139974,0.19830027392349983,0.2124645792037498,0.22662888448399982,0.2398489027455664,0.24457033783898305,0.2502360599510831,0.2596789301379163,0.2738432354181663,0.28234181858631635,0.287063253679733,0.29178468877314967,0.29178468877314967,0.30217184597866625,0.30783756809076646,0.32105758635233295,0.32105758635233295,0.3248347344270663,0.3248347344270663,0.3248347344270663,0.32105758635233295,0.30594899405339965,0.2974504108852496,0.287063253679733,0.28234181858631635,0.26912180032474964,0.2681775133060664,0.2502360599510831,0.2398489027455664,0.22096316237189972,0.20774314411033315,0.19830027392349983,0.18319168162456642,0.1746930984564165,0.16902737634431644,0.16052879317616653,0.15486307106406647,0.14164305280249986,0.1359773306903998,0.12653446050356648,0.12653446050356648,0.12181302541014981,0.11709159031673315,0.11709159031673315,0.11709159031673315,0.11331444224199991,0.11237015522331649,0.11331444224199991,0.11237015522331649,0.10859300714858323,0.10764872012989983,0.10859300714858323,0.10764872012989983,0.10764872012989983,0.10859300714858323,0.11237015522331649,0.11237015522331649,0.11237015522331649,0.11331444224199991,0.11709159031673315,0.12181302541014981,0.12275731242883323,0.13220018261566654,0.1359773306903998,0.14164305280249986,0.14542020087723312,0.15486307106406647,0.16430594125089978,0.16997166336299985,0.16997166336299985,0.16902737634431644,0.16902737634431644,0.16902737634431644,0.16902737634431644,0.16902737634431644,0.16430594125089978,0.16430594125089978,0.16430594125089978,0.15958450615748312,0.15580735808274987,0.1510859229893332,0.15486307106406647,0.15580735808274987,0.15958450615748312,0.16052879317616653,0.16430594125089978,0.1652502282695832,0.1737488114377331,0.17941453354983317,0.19735598690481643,0.2020774219982331,0.2030217090169165,0.2115202921850664,0.21624172727848306,0.22096316237189972,0.22568459746531638,0.2351274676521497,0.2398489027455664,0.2492917729323997,0.25873464311923305,0.2681775133060664,0.2776203834928997,0.29178468877314967,0.301227558959983,0.3106704291468163,0.31539186424023297,0.3342776046138996,0.343720474800733,0.3531633449875663,0.37204908536123293,0.3966005478469995,0.4192634362953996,0.44759204685589954,0.4721435093416661,0.4853635276032328,0.5051935549955827,0.5278564434439827,0.5665722112099993,0.6033994049386494,0.6279508674244163,0.6562794779849163,0.6940509587322495,0.7308781524608993,0.7554296149466662,0.7790367904137494,0.8064211139555659,0.8441925947028992,0.8725212052633992,0.8961283807304825,0.925401278309666,0.9433427316646491,0.9631727590569993,0.9858356475053991,0.9952785176922324,0.9962228047109156,0.999999952785649,0.999999952785649,0.999999952785649,0.999999952785649,0.999999952785649,0.999999952785649,0.999999952785649,0.9962228047109156,0.9915013696174992,0.9820584994306659,0.9716713422251491,0.9669499071317325,0.9631727590569993,0.9622284720383157,0.9669499071317325,0.967894194150416,0.9726156292438326,0.9763927773185658,0.9763927773185658,0.9716713422251491,0.9669499071317325,0.9622284720383157,0.9527856018514824,0.9348441484964993,0.9197355561975658,0.9102926860107324,0.8961283807304825,0.882908362468916,0.8677997701699826,0.8498583168149993,0.8394711596094825,0.8158639841423992,0.7979225307874162,0.7790367904137494,0.7686496332082325,0.7459867447598328,0.721435282274066,0.707270976993816,0.6798866534519995,0.6610009130783329,0.6411708856859827,0.618507997237583,0.5901793866770827,0.5703493592847327,0.5429650357429161,0.5136921381637328,0.49197353673401634,0.46742207424824944,0.44759204685589954,0.43342774157564956,0.4154862882206662,0.4013219829404162,0.39187911275358284,0.3767705204546496,0.3673276502678163,0.3626062151743996,0.35788478008098296,0.3531633449875663,0.3408876137446831,0.3342776046138996,0.32955616952048294,0.31539186424023297,0.30217184597866625,0.301227558959983,0.2974504108852496,0.29178468877314967,0.287063253679733,0.287063253679733,0.2776203834928997,0.2776203834928997,0.27289894839948303,0.2634560782126497,0.25495749504449966,0.2492917729323997,0.24457033783898305,0.2398489027455664,0.22662888448399982,0.21624172727848306,0.2030217090169165,0.19735598690481643,0.19263455181139974,0.18791311671798308,0.18319168162456642,0.1737488114377331,0.15580735808274987,0.15014163597064978,0.14069876578381646,0.13125589559698314,0.12181302541014981,0.11709159031673315,0.10764872012989983,0.10292728503648316,0.09348441484964984,0.08404154466281652,0.0755429614946666,0.07082152640124993,0.062322943233100024,0.0604343691957332
9152500,0.020508111260268566,0.026629935517064964,0.028007345974844156,0.033670033412381055,0.033670033412381055,0.028007345974844156,0.026629935517064964,0.026629935517064964,0.027242117942744587,0.027242117942744587,0.027242117942744587,0.02999693885830306,0.02999693885830306,0.02999693885830306,0.03168044052892215,0.02999693885830306,0.02999693885830306,0.03168044052892215,0.034282215838060674,0.03443526144448063,0.03443526144448063,0.038261401604978484,0.04300581540399577,0.04300581540399577,0.04438322586177505,0.046831955564493634,0.046831955564493634,0.04652586435165382,0.04652586435165382,0.046831955564493634,0.04805632041585296,0.04836241162869277,0.04958677648005211,0.04958677648005211,0.04958677648005211,0.04958677648005211,0.04958677648005211,0.04958677648005211,0.04958677648005211,0.04958677648005211,0.04958677648005211,0.04958677648005211,0.04958677648005211,0.04958677648005211,0.04958677648005211,0.04958677648005211,0.05723905680104782,0.05723905680104782,0.05723905680104782,0.05723905680104782,0.05876951286524696,0.06489133712204354,0.06489133712204354,0.07254361744303925,0.07254361744303925,0.07254361744303925,0.07254361744303925,0.07254361744303925,0.07254361744303925,0.07254361744303925,0.07254361744303925,0.07254361744303925,0.07254361744303925,0.07254361744303925,0.08019589776403496,0.08019589776403496,0.08019589776403496,0.08019589776403496,0.08019589776403496,0.08019589776403496,0.08784817808503068,0.08784817808503068,0.09550045840602639,0.1031527387270221,0.11080501904801782,0.11845729936901353,0.12610957969000924,0.12610957969000924,0.13376186001100496,0.14141414033200067,0.14906642065299638,0.14906642065299638,0.15824915703819142,0.17202326161598352,0.17202326161598352,0.17967554193697924,0.1812059980011784,0.18732782225797495,0.19498010257897067,0.20263238289996638,0.2041628389641657,0.2102846632209621,0.21946739960615713,0.24089378450494495,0.2561983451469364,0.2638506254679321,0.2806856421741227,0.3021120270729107,0.30976430739390637,0.3174165877149021,0.3250688680358978,0.33272114835689354,0.3403734286778892,0.3495561650630843,0.35567798931988065,0.3725130060260714,0.39393939092485925,0.40159167124585493,0.40924395156685067,0.4322007925298378,0.46280991381382064,0.4719926501990157,0.4934190350978035,0.508723595739795,0.5163758760607906,0.5240281563817863,0.5469849973447735,0.5622895579867649,0.5852463989497521,0.6112641520411377,0.6617692021597092,0.6801346749300993,0.7168656204708783,0.7490051978190607,0.7612488463326536,0.778083863038844,0.799510247937632,0.8377716495426105,0.8454239298636063,0.8760330511475891,0.8775635072117883,0.885215787532784,0.885215787532784,0.9005203481747754,0.9142944527525677,0.9234771891377629,0.9617385907427412,0.9846954317057286,0.992347712026724,0.9984695362835205,0.9999999923477197,0.9999999923477197,0.9999999923477197,0.9984695362835205,0.9908172559625248,0.9755126953205334,0.9617385907427412,0.9479644861649492,0.9234771891377629,0.9142944527525677,0.885215787532784,0.8760330511475891,0.853076210184602,0.8148148085796234,0.7842056872956406,0.7535965660116578,0.7245179007918741,0.7076828840856835,0.6770737628017006,0.6388123611967221,0.6020814156559429,0.5699418383077607,0.5469849973447735,0.5010713154187992,0.4857667547768078,0.44903580923602854,0.41689623188784636,0.38781756666806283,0.3648607257050755,0.33272114835689354,0.30976430739390637,0.2791551861099235,0.2638506254679321,0.24089378450494495,0.22558922386295352,0.2179369435419578,0.2102846632209621,0.19651055864317,0.19498010257897067,0.18732782225797495,0.18732782225797495,0.18732782225797495,0.17967554193697924,0.17967554193697924,0.17202326161598352,0.16590143735918714,0.1567187009739921,0.14906642065299638,0.14141414033200067,0.14141414033200067,0.13529231607520428,0.12764003575420857,0.12764003575420857,0.13376186001100496,0.14141414033200067,0.14141414033200067,0.14141414033200067,0.12764003575420857,0.12610957969000924,0.12610957969000924,0.12610957969000924,0.12610957969000924,0.11845729936901353,0.11233547511221713,0.11080501904801782,0.10468319479122142,0.1031527387270221,0.10468319479122142,0.1031527387270221,0.1031527387270221,0.1031527387270221,0.1031527387270221,0.1031527387270221,0.1031527387270221,0.0970309144702257,0.09550045840602639,0.09550045840602639,0.09550045840602639,0.1031527387270221,0.1031527387270221,0.1031527387270221,0.1031527387270221,0.10468319479122142,0.10468319479122142,0.11080501904801782,0.11080501904801782,0.11080501904801782,0.11080501904801782,0.11080501904801782,0.11845729936901353,0.11998775543321268,0.12610957969000924,0.12610957969000924,0.13376186001100496,0.14141414033200067,0.1567187009739921,0.1567187009739921,0.1643709812949878,0.17202326161598352,0.17355371768018285,0.18732782225797495,0.20263238289996638,0.2102846632209621,0.2179369435419578,0.22558922386295352,0.23324150418394923,0.24089378450494495,0.24854606482594066,0.2577288012111357,0.27150290578892783,0.2791551861099235,0.28680746643091926,0.29445974675191494,0.3036424831371098,0.3174165877149021,0.3250688680358978,0.33272114835689354,0.3403734286778892,0.3495561650630843,0.35567798931988065,0.3648607257050755,0.3709825499618721,0.3786348302828678,0.3862871106038635,0.39393939092485925,0.40159167124585493,0.40924395156685067,0.40924395156685067,0.41077440763105,0.41077440763105,0.41689623188784636,0.40924395156685067,0.40924395156685067,0.4031221273100541,0.40159167124585493,0.40159167124585493,0.4031221273100541,0.4031221273100541,0.4031221273100541,0.4031221273100541,0.40159167124585493,0.40159167124585493,0.3954698469890584,0.3954698469890584,0.3954698469890584,0.3954698469890584,0.40159167124585493,0.4031221273100541,0.41077440763105,0.4031221273100541,0.39393939092485925,0.3648607257050755,0.35567798931988065,0.34802570899888496,0.33425160442109264,0.3250688680358978,0.30976430739390637,0.29445974675191494,0.2791551861099235,0.27150290578892783,0.2653810815321314,0.2577288012111357,0.24854606482594066,0.23477196024814856,0.22711967992715285,0.22558922386295352,0.2102846632209621,0.20263238289996638,0.19498010257897067,0.18732782225797495,0.17967554193697924,0.17202326161598352,0.17202326161598352,0.15824915703819142,0.14906642065299638,0.14906642065299638,0.13376186001100496,0.12610957969000924,0.11845729936901353,0.11080501904801782,0.10468319479122142,0.09550045840602639,0.09550045840602639,0.09550045840602639,0.08937863414922982,0.08784817808503068,0.08784817808503068,0.08019589776403496,0.08019589776403496,0.08019589776403496,0.08019589776403496,0.08019589776403496,0.08019589776403496,0.07254361744303925,0.07254361744303925,0.07254361744303925,0.06489133712204354,0.06489133712204354,0.06489133712204354,0.05876951286524696,0.05723905680104782,0.05111723254425142,0.04820936602227291,0.042852769797575914,0.0352004894765802,0.032445668561021726,0.02938475643262344,0.028925619613363675,0.027089072336324724,0.0244872970271862,0.02433425142076625,0.023109886569406917,0.02020202004742858,0.018365472770389628,0.016069788674090913,0.01270278533285273,0.011325374875073535,0.005356596224696913,0.003673094554077821,0.003673094554077821,0.003673094554077821,0.003673094554077821,0.003673094554077821,0.003673094554077821,0.0,0.0
9163500,0.0,0.0,0.0,0.0,0.0,0.0003333333327777778,0.001999999996666667,0.001999999996666667,0.001999999996666667,0.003333333327777778,0.003333333327777778,0.003333333327777778,0.003666666660555556,0.005333333324444444,0.006666666655555556,0.006666666655555556,0.006666666655555556,0.006666666655555556,0.006999999988333333,0.009999999983333334,0.009999999983333334,0.010333333316111188,0.011666666647222223,0.01366666664388889,0.015333333307777778,0.01666666663888889,0.01833333330277778,0.021666666630555557,0.023333333294444446,0.023333333294444446,0.024999999958333335,0.024999999958333335,0.024999999958333335,0.024999999958333335,0.024999999958333335,0.024999999958333335,0.024999999958333335,0.025333333291111114,0.026666666622222224,0.026666666622222224,0.026666666622222224,0.026666666622222224,0.026666666622222224,0.026666666622222224,0.026666666622222224,0.026999999955000003,0.028333333286111113,0.028666666618888965,0.02999999995,0.02999999995,0.03166666661388889,0.03166666661388889,0.03333333327777778,0.034999999941666665,0.034999999941666665,0.03666666660555556,0.03666666660555556,0.03833333326944444,0.03833333326944444,0.03833333326944444,0.03833333326944444,0.03666666660555556,0.03699999993833333,0.03833333326944444,0.038666666602222226,0.039999999933333336,0.039999999933333336,0.039999999933333336,0.039999999933333336,0.04033333326611111,0.04166666659722222,0.04199999993000008,0.043333333261111114,0.044999999925,0.04533333325777778,0.04833333325277778,0.04999999991666667,0.05333333324444445,0.056666666572222225,0.0599999999,0.06033333323277778,0.06833333321944444,0.07166666654722223,0.07333333321111112,0.07699999987166667,0.07999999986666667,0.08033333319944445,0.08499999985833334,0.08833333318611111,0.09033333318277778,0.09333333317777778,0.09699999983833334,0.09999999983333334,0.10199999983000001,0.10699999982166668,0.10999999981666667,0.11166666648055557,0.11499999980833334,0.11666666647222222,0.1199999998,0.12166666646388889,0.12499999979166668,0.12666666645555555,0.13033333311611112,0.1383333331027778,0.14199999976333333,0.14666666642222223,0.15333333307777777,0.15999999973333334,0.1633333330611111,0.16866666638555555,0.17366666637722222,0.18666666635555557,0.19533333300777778,0.20333333299444445,0.21999999963333333,0.23333333294444444,0.24499999959166668,0.2569999995716667,0.26666666622222224,0.2769999995383333,0.29533333284111113,0.31033333281611114,0.3199999994666667,0.33833333276944444,0.3583333327361111,0.37399999937666667,0.39733333267111115,0.4189999993016667,0.4653333325577778,0.49199999918000004,0.5119999991466669,0.5649999990583333,0.5953333323411112,0.6616666655638889,0.6849999988583335,0.7173333321377778,0.7436666654272223,0.769999998716667,0.8119999986466667,0.8423333319294445,0.897333331837778,0.9369999984383335,0.9606666650655556,0.9773333317044445,0.9816666650305556,0.9919999983466667,0.9986666650022222,0.9999999983333334,0.9999999983333334,0.9969999983383334,0.9853333316911111,0.9799999983666667,0.9606666650655556,0.9359999984400001,0.9153333318077779,0.8866666651888889,0.8726666652122222,0.8536666652438889,0.8349999986083334,0.8136666653105558,0.7736666653772223,0.741333332097778,0.7013333321644445,0.6833333321944445,0.6669999988883334,0.6459999989233334,0.6266666656222223,0.600333332332778,0.5673333323877778,0.5173333324711111,0.45699999923833334,0.4219999992966667,0.4059999993233335,0.3799999993666667,0.3486666660855556,0.32199999946333335,0.3049999994916667,0.28699999952166666,0.26999999955000004,0.2533333329111111,0.23333333294444444,0.21699999963833333,0.2086666663188889,0.19699999967166668,0.18199999969666666,0.17333333304444445,0.15833333306944444,0.14533333309111113,0.13066666644888897,0.12033333313277779,0.11333333314444445,0.10533333315777778,0.09999999983333334,0.09333333317777778,0.08999999985,0.08699999985500001,0.08333333319444444,0.08166666653055556,0.07999999986666667,0.074999999875,0.07333333321111112,0.07166666654722223,0.0686666665522223,0.06699999988833334,0.06333333322777777,0.06033333323277778,0.05833333323611111,0.05833333323611111,0.056666666572222225,0.05333333324444445,0.051666666580555555,0.04999999991666667,0.04866666658555556,0.04833333325277778,0.046999999921666744,0.04666666658888889,0.04833333325277778,0.051666666580555555,0.056666666572222225,0.05833333323611111,0.06166666656388889,0.06333333322777777,0.06533333322444444,0.06833333321944444,0.06833333321944444,0.06999999988333333,0.06999999988333333,0.07199999988,0.07333333321111112,0.074999999875,0.07666666653888889,0.07999999986666667,0.08199999986333341,0.08666666652222223,0.0916666665138889,0.09499999984166667,0.09666666650555555,0.09866666650222222,0.10166666649722222,0.10499999982500001,0.10833333315277778,0.10999999981666667,0.11166666648055557,0.11333333314444445,0.11533333314111112,0.11833333313611112,0.12033333313277779,0.12333333312777778,0.12666666645555555,0.12699999978833343,0.12999999978333335,0.13033333311611112,0.13166666644722222,0.13333333311111112,0.13333333311111112,0.1336666664438889,0.13499999977500002,0.13499999977500002,0.13499999977500002,0.1369999997716667,0.1383333331027778,0.1383333331027778,0.13866666643555556,0.13999999976666666,0.13999999976666666,0.13999999976666666,0.13999999976666666,0.14033333309944446,0.14199999976333333,0.14333333309444446,0.14333333309444446,0.14333333309444446,0.14333333309444446,0.14333333309444446,0.14499999975833333,0.14533333309111113,0.14533333309111113,0.14533333309111113,0.14533333309111113,0.14499999975833333,0.14499999975833333,0.14499999975833333,0.14666666642222223,0.14666666642222223,0.146999999755,0.14833333308611113,0.14866666641888898,0.1516666664138889,0.15333333307777777,0.15499999974166667,0.15533333307444444,0.15499999974166667,0.15666666640555557,0.15833333306944444,0.15999999973333334,0.15999999973333334,0.15999999973333334,0.15999999973333334,0.15999999973333334,0.15699999973833334,0.15366666641055562,0.15333333307777777,0.1503333330827778,0.14666666642222223,0.14499999975833333,0.14333333309444446,0.13999999976666666,0.1383333331027778,0.1369999997716667,0.1366666664388889,0.1366666664388889,0.1336666664438889,0.13166666644722222,0.12833333311944445,0.12666666645555555,0.12499999979166668,0.12333333312777778,0.1199999998,0.11666666647222222,0.11333333314444445,0.11033333314944445,0.10999999981666667,0.1066666664888889,0.10333333316111111,0.09999999983333334,0.09666666650555555,0.09333333317777778,0.08833333318611111,0.08499999985833334,0.08166666653055556,0.07999999986666667,0.07833333320277779,0.074999999875,0.07166666654722223,0.0686666665522223,0.06666666655555556,0.06333333322777777,0.058666666568888894,0.056666666572222225,0.05333333324444445,0.04999999991666667,0.04833333325277778,0.04166666659722222,0.039999999933333336,0.03833333326944444,0.034999999941666665,0.03333333327777778,0.028666666618888965,0.026666666622222224,0.021666666630555557,0.01666666663888889,0.014999999975,0.014999999975,0.011666666647222223,0.011666666647222223,0.009999999983333334,0.009999999983333334,0.009999999983333334,0.008333333319444445,0.008333333319444445,0.006666666655555556,0.006666666655555556,0.003333333327777778,0.0,0.0
9166500,0.00033596129349622756,0.000179179356531315,0.000179179356531315,0.0,0.0,0.000179179356531315,0.000179179356531315,0.0005375380695939529,0.0006271277478596105,0.0006271277478596105,0.0006271277478596105,0.0006271277478596105,0.0006271277478596105,0.0007391148456916863,0.0007391148456916863,0.0007391148456916863,0.0009854864609222483,0.0010750761391879059,0.0010750761391879059,0.0010750761391879059,0.0010750761391879059,0.0010750761391879059,0.0010750761391879059,0.0007839096848245151,0.0007391148456916863,0.0007839096848245151,0.0010750761391879059,0.0010974735587543243,0.0012318580761528184,0.0014110374326841335,0.001746998726180353,0.0022173445370750667,0.0024413187327392187,0.0028668697045010957,0.0028668697045010957,0.0028668697045010957,0.002889267124067514,0.0029788568023331715,0.003314818095829391,0.0034716000327943038,0.0036955742284584554,0.003986740682821838,0.004165920039353154,0.004591471011115046,0.005106611661142581,0.005218598758974657,0.005711341989435789,0.0060249058633655905,0.006226482639463324,0.006920802646022189,0.007256763939518409,0.007570327813448218,0.008354237498272733,0.009138147183097255,0.009586095574425552,0.00994445428748819,0.011041927846242514,0.011557068496270063,0.012161798824563256,0.013012900768087027,0.014065579487708521,0.015409424661693417,0.016305321444350006,0.018007525331397538,0.018545063400991494,0.020381651805437512,0.02190467633595372,0.023024547314274463,0.024144418292595206,0.025264289270915948,0.028108761555850643,0.029743773184198918,0.031065220938617404,0.03433524419531396,0.03558949969103319,0.03883712552816335,0.040942482967406345,0.04275667395228594,0.04378695525234104,0.04654183785901006,0.05084214241576172,0.05355223018329793,0.05886041862053823,0.06177208316417217,0.06557964449046268,0.07211969100385583,0.07677835427367012,0.08237770916527383,0.08932090923086246,0.094696289926802,0.10141551579672646,0.11059845781895657,0.1182135804715376,0.12851639347208846,0.13411574836369217,0.14621035492955617,0.1551693227561221,0.1630084196043673,0.17331123260491813,0.18204622623581992,0.19100519406238586,0.20354774901957817,0.2281849105426345,0.2447590010217815,0.2671564205881964,0.2956011434375433,0.31889445978661474,0.3399480341790446,0.3657050666804217,0.3928059443557838,0.4120677251829004,0.4423042415975605,0.4734366547948773,0.4922504872306656,0.5135280358187597,0.539509042515801,0.5619064620822158,0.5751209396264005,0.6120766819109851,0.6387296111950188,0.66471061789206,0.6886758568281239,0.7153287861121577,0.7401899218308781,0.7545242703533835,0.7693065672672174,0.7934957803989453,0.8194767870959866,0.8429940776407221,0.8618079100765106,0.8687511101420993,0.8920444264911707,0.9144418460575855,0.9204891493405176,0.9283282461887629,0.9475900270158797,0.9706593691692869,0.9888012790180828,0.9959684532793356,0.9999999888012903,0.995072556496679,0.9941766597140225,0.9856656402787848,0.9816341047568301,0.9798423111915169,0.9753628272782339,0.9637161691036982,0.9303440139497401,0.9039150588613706,0.8642716262288164,0.8385145937274392,0.7807292512460889,0.7285432636563424,0.6714298437619843,0.6333542304990791,0.6053574560410606,0.5724332492784309,0.5301021262979068,0.5012094550572316,0.4846353645780847,0.45686256431573014,0.43513706733630775,0.4107238800089157,0.3813832603769121,0.3571940472451841,0.32785342761318065,0.30791972419907143,0.2884339691762905,0.2729797496754643,0.25618168500065314,0.2416233622824834,0.23244042026025333,0.2234814524336874,0.2156423555854422,0.2069073619545404,0.19660454895398957,0.19122916825805,0.18316609721414068,0.17980648427917845,0.17465507777890307,0.16972764547429176,0.16524816156100877,0.16099265184338998,0.15852893569108434,0.15740906471276359,0.1529295807994806,0.14979394206018257,0.14643432912522034,0.1430747161902581,0.14195484521193735,0.1408349742336166,0.1394911290596317,0.13837125808131095,0.1374753612986544,0.13613151612466948,0.13613151612466948,0.13613151612466948,0.1352356193420129,0.13411574836369217,0.13277190318970725,0.1316520322113865,0.13053216123306577,0.12941229025474502,0.12851639347208846,0.1282924192764243,0.1282924192764243,0.12717254829810354,0.12717254829810354,0.12717254829810354,0.12717254829810354,0.12717254829810354,0.12381293536314131,0.12381293536314131,0.12291703858048474,0.12269306438482057,0.12157319340649982,0.11933345144985834,0.11709370949321685,0.11597383851489611,0.11485396753657537,0.11373409655825463,0.11149435460161314,0.11149435460161314,0.10947858684063581,0.10477512873168868,0.1025353867750472,0.10029564481840571,0.09805590286176423,0.09693603188344348,0.09380039314414543,0.09268052216582467,0.09245654797016051,0.09245654797016051,0.09133667699183977,0.09133667699183977,0.09133667699183977,0.09021680601351903,0.09021680601351903,0.08932090923086246,0.08909693503519829,0.08797706405687754,0.08797706405687754,0.08797706405687754,0.0868571930785568,0.0868571930785568,0.08461745112191532,0.08349758014359457,0.08349758014359457,0.08237770916527383,0.08125783818695309,0.08013796720863234,0.0790180962303116,0.07789822525199086,0.07677835427367012,0.07565848329534937,0.07341874133870789,0.0711789993820664,0.07005912840374565,0.06893925742542491,0.06669951546878343,0.06522128577740005,0.06445977351214194,0.06222003155550045,0.05998028959885897,0.05901720055750313,0.05756136828568617,0.056620676663896745,0.05449292180508734,0.052611538561508485,0.05102132177229303,0.049811861115706645,0.047482529480799486,0.04566833849591988,0.04392133976973952,0.042129546204426334,0.040942482967406345,0.039845009408652016,0.03915068940209316,0.037582870032444114,0.036462999054123375,0.03614943518019356,0.03534312807580263,0.03523114097797057,0.03514155129970491,0.03511915388013848,0.034380039034446794,0.0342456545170483,0.03422325709748189,0.03404407774095057,0.03343934741265737,0.033103386119161145,0.033103386119161145,0.0321178996582389,0.031983515140840406,0.031692348686477016,0.03088604158208608,0.030662067386421927,0.030438093190757784,0.030124529316827974,0.029743773184198918,0.029430209310269108,0.02887027382110874,0.028287940912381956,0.027504031227557433,0.026608134444900844,0.025958609277474815,0.025264289270915948,0.025264289270915948,0.024525174425224262,0.024144418292595206,0.023830854418665396,0.023024547314274463,0.02190467633595372,0.02105357439242996,0.020583228581535246,0.01955294728148016,0.018881024694487714,0.018657050498823567,0.018545063400991494,0.01832108920532734,0.0176491666183349,0.017425192422670748,0.016641282737846225,0.01563339885735756,0.015185450466029265,0.014177566585540598,0.014065579487708521,0.013416054320282493,0.012856118831122122,0.0120722091462976,0.011512273657137228,0.010952338167976855,0.009586095574425552,0.008869378148300284,0.0077271097504131225,0.007346353617784066,0.006898405226455771,0.006226482639463324,0.006002508443799172,0.005106611661142581,0.005106611661142581,0.004905034885044847,0.004434689074150133,0.004098727780653914,0.003986740682821838,0.0038747535849897627,0.0035835871306263718,0.0030908439001652473,0.002710087767536191,0.0025533058305712945,0.0018813832435788473,0.0016350116283482773,0.001321447754418476,0.0010974735587543243,0.0008958967826565989,0.0008511019435237622,0.0006271277478596105,0.0006495251674260289,0.0008511019435237622,0.0008511019435237622,0.0008511019435237622,0.0007391148456916863,0.0006271277478596105,0.0006271277478596105,0.0006495251674260289,0.0006495251674260289
9169500,0.04144318833661911,0.04144318833661911,0.04144318833661911,0.04144318833661911,0.04144318833661911,0.03949292065019002,0.04144318833661911,0.04144318833661911,0.04144318833661911,0.03949292065019002,0.04144318833661911,0.04144318833661911,0.04144318833661911,0.04144318833661911,0.04388102294465557,0.04436858986626284,0.046806424474299294,0.048756692160728386,0.048756692160728386,0.048756692160728386,0.04924425908233575,0.05460749522001602,0.06874693594662704,0.07313503824109258,0.07313503824109258,0.07849827437877285,0.08581177820288204,0.10043878585110058,0.11457822657771177,0.12237929732342832,0.13651873805003953,0.14627007648218515,0.1560214149143308,0.16382248566004753,0.17064842256254936,0.1711359894841567,0.1760116587002296,0.18576299713237526,0.19502676864291354,0.19502676864291354,0.2047781070750592,0.21745484703684864,0.21940511472327773,0.22428078393935064,0.2272061854689943,0.2340321223714963,0.23646995697953274,0.24183319311721285,0.24378346080364194,0.24670886233328576,0.2608483030598969,0.2608483030598969,0.266211539197577,0.2705996414920426,0.2803509799241882,0.2925401529643703,0.2974158221804432,0.30472932600455244,0.3120428298286616,0.3169184990447345,0.3247195697904511,0.3291076720849166,0.34422224665474255,0.36079952198938997,0.3656751912054629,0.3705508604215358,0.38030219885368144,0.3900535372858271,0.3900535372858271,0.4076059464636893,0.4144318833661913,0.42174538719030047,0.43393456023048255,0.43881022944655546,0.43929779636816285,0.4490491348003085,0.45831290631084676,0.46318857552691967,0.47147721319424357,0.4807409847047819,0.4875669216072839,0.4880544885288912,0.49536799235300044,0.511945267687648,0.5129204015308628,0.5363236137680123,0.5387614483760487,0.5490003537298017,0.5558262906323035,0.5607019598483765,0.5616770936915911,0.5743538336533804,0.5831300382423116,0.5850803059287406,0.591906242831243,0.6099462189307122,0.633836998089469,0.6440759034432222,0.672842351818052,0.6879569263878775,0.7025839340360961,0.7235493116652094,0.75572872849129,0.7645049330802213,0.7898584130038,0.8122864913977351,0.8512918451263181,0.8776204588931109,0.8941977342277588,0.904924206503119,0.9244268833674106,0.9551435994286697,0.9858603154899283,0.9999997562165391,0.9999997562165391,0.9999997562165391,0.9995121892949319,0.9765965439793897,0.9551435994286697,0.9507554971342036,0.9180885133865154,0.9029739388166899,0.9019988049734752,0.8902971988549002,0.8776204588931109,0.8556799474207833,0.8430032074589942,0.839102672086136,0.8386151051645284,0.8386151051645284,0.8347145697916702,0.8298389005755973,0.8288637667323826,0.8249632313595244,0.8200875621434515,0.8113113575545206,0.7801070745716542,0.7562162954128974,0.7445146892943226,0.7264747131948529,0.7225741778219947,0.7094098709385982,0.6835688240934121,0.6825936902501974,0.6782055879557318,0.6587029110914406,0.6362748326975055,0.633836998089469,0.633836998089469,0.633836998089469,0.633836998089469,0.633836998089469,0.633836998089469,0.6099462189307122,0.6021451481849956,0.5875181405367773,0.5850803059287406,0.5811797705558824,0.5607019598483765,0.5421744168272997,0.5173085038253281,0.511945267687648,0.5002436615690733,0.4919550239017496,0.4900047562153203,0.4875669216072839,0.4856166539208548,0.4812285516263892,0.4778155831751382,0.47147721319424357,0.46660154397817066,0.46318857552691967,0.46075074091888324,0.45831290631084676,0.4544123709379886,0.45148696940834493,0.4490491348003085,0.4397853632897702,0.43881022944655546,0.43881022944655546,0.43637239483851903,0.43393456023048255,0.43198429254405346,0.4300340248576244,0.42905889101440986,0.4246707887199443,0.4202826864254787,0.4173572848958351,0.41491945028779864,0.41491945028779864,0.4124816156797622,0.41638215105262055,0.4266210564063734,0.4300340248576244,0.43685996176012637,0.43685996176012637,0.43881022944655546,0.4592880401540615,0.46318857552691967,0.4778155831751384,0.4875669216072839,0.4875669216072839,0.4875669216072839,0.4875669216072839,0.4778155831751384,0.46318857552691967,0.43929779636816285,0.43881022944655546,0.43881022944655546,0.43881022944655546,0.43881022944655546,0.43881022944655546,0.44124806405459194,0.4417356309761993,0.4417356309761993,0.44124806405459194,0.43881022944655546,0.43881022944655546,0.43881022944655546,0.43881022944655546,0.43881022944655546,0.43881022944655546,0.43881022944655546,0.43881022944655546,0.43881022944655546,0.43685996176012637,0.43685996176012637,0.43881022944655546,0.43685996176012637,0.43393456023048255,0.41491945028779864,0.4173572848958351,0.4168697179742277,0.4144318833661913,0.4144318833661913,0.4144318833661913,0.4144318833661913,0.4144318833661913,0.4144318833661913,0.4144318833661913,0.4144318833661913,0.4041929780124385,0.3900535372858271,0.3637249235190338,0.32666983747688016,0.29985365678847953,0.27840071223775914,0.2442710277252493,0.23744509082274748,0.21306674474238327,0.18625056405398246,0.15553384799272363,0.12237929732342832,0.10970255736163886,0.08386151051645295,0.07313503824109258,0.06825936902501967,0.04631885755269193,0.024865913001971555,0.024378346080364193,0.024378346080364193,0.024378346080364193,0.0224280783939351,0.01950267686429137,0.010238905353753002,0.009751338432145642,0.009751338432145642,0.009751338432145642,0.007801070745716549,0.0034129684512510874,0.0,0.0,0.002437834608036454,0.0034129684512510874,0.009751338432145642,0.012189173040182097,0.0224280783939351,0.024378346080364193,0.024378346080364193,0.024865913001971555,0.02974158221804429,0.048756692160728386,0.05411992829840866,0.06338369980894694,0.07069720363305612,0.07362260516269994,0.07849827437877285,0.08337394359484558,0.09312528202699123,0.09751338432145677,0.10043878585110058,0.10043878585110058,0.10043878585110058,0.10043878585110058,0.09751338432145677,0.09751338432145677,0.09507554971342032,0.09507554971342032,0.09507554971342032,0.09507554971342032,0.09507554971342032,0.09751338432145677,0.09751338432145677,0.09556311663502769,0.09507554971342032,0.09556311663502769,0.09751338432145677,0.09751338432145677,0.09751338432145677,0.09751338432145677,0.09751338432145677,0.09751338432145677,0.09751338432145677,0.09751338432145677,0.09556311663502769,0.09507554971342032,0.09507554971342032,0.09507554971342032,0.09507554971342032,0.09507554971342032,0.09507554971342032,0.09751338432145677,0.09751338432145677,0.09507554971342032,0.09507554971342032,0.09556311663502769,0.09751338432145677,0.09751338432145677,0.09556311663502769,0.09019988049734759,0.08776204588931114,0.08581177820288204,0.08093610898680913,0.0760604397707364,0.07801070745716548,0.07801070745716548,0.07557287284912903,0.07362260516269994,0.07313503824109258,0.07313503824109258,0.07069720363305612,0.06825936902501967,0.0638712667305543,0.05899559751448139,0.056070195984837576,0.053632361376801295,0.05119452676876484,0.048756692160728386,0.048756692160728386,0.048756692160728386,0.046806424474299294,0.04631885755269193,0.04388102294465557,0.04388102294465557,0.041930755258226385,0.04144318833661911,0.03705508604215365,0.034129684512509834,0.03217941682608074,0.03169184990447347,0.02974158221804429,0.03169184990447347,0.03169184990447347,0.03169184990447347,0.03169184990447347,0.02974158221804429
9171100,0.07794869796187247,0.08205126101249724,0.08205126101249724,0.08256408139382543,0.08205126101249724,0.07999997948718486,0.08205126101249724,0.08205126101249724,0.08205126101249724,0.07999997948718486,0.07999997948718486,0.07999997948718486,0.07999997948718486,0.07999997948718486,0.07999997948718486,0.08205126101249724,0.08717946482577821,0.09025638711374696,0.09999997435898089,0.10256407626562146,0.10871792084155898,0.12153843037476167,0.1282050953320268,0.1282050953320268,0.1317948380013236,0.15641021630507276,0.17230764812624422,0.1851281576594469,0.195384565286009,0.20307687100593053,0.21076917672585227,0.2287178900723359,0.23435891426694505,0.2410255792242104,0.24410250151217916,0.2564101906640536,0.25692301104538184,0.26717941867194395,0.27999992820514663,0.2856409523997558,0.30256402498358326,0.3128204326101455,0.3158973548981141,0.33076914595662915,0.3461537573964724,0.35692298540436274,0.3589742669296751,0.3615383688363157,0.36717939303092484,0.37692298027615895,0.38461528599608047,0.38461528599608047,0.3928204120973302,0.4082050235371735,0.4128204069691264,0.41794861078240736,0.4241024553583449,0.43076912031561004,0.4358973241288912,0.44102552794217237,0.45128193556873447,0.4553844986193594,0.4615383431952966,0.46410244510193716,0.4723075712031869,0.482563978829749,0.49794859026959226,0.5056408959895138,0.5153844832347478,0.5333331965812316,0.5384614003945126,0.5435896042077938,0.5569229341223245,0.5620511379356057,0.564102419460918,0.5717947251808396,0.5820511328074018,0.5897434385273234,0.5907690792899798,0.602563948060526,0.6076921518738072,0.6082049722551353,0.6107690741617758,0.6153844575937287,0.615897277975057,0.6389741951348218,0.6410254766601341,0.6548716269559932,0.6682049568705238,0.6923075147929448,0.6969228982248981,0.7287177618672406,0.7435895529257556,0.7492305771203648,0.7692305719921609,0.7758972369494265,0.788204926101301,0.7953844114398945,0.8205126101249717,0.8215382508876281,0.8399997846154399,0.8497433718606738,0.8589741387245797,0.8717946482577824,0.9087177157134064,0.9230766863905931,0.9292305309665306,0.9738459041420763,0.9856407729126225,0.9999997435898093,0.9999997435898093,0.9856407729126225,0.9758971856673883,0.9758971856673883,0.9856407729126225,0.9856407729126225,0.9758971856673883,0.9723074429980919,0.9533330888889521,0.9441023220250457,0.9292305309665306,0.9235895067719212,0.9230766863905931,0.9230766863905931,0.9066664341880937,0.8974356673241878,0.8569228571992678,0.8492305514793455,0.8523074737673145,0.8441023476660646,0.8415382457594242,0.8410254253780959,0.8364100419461431,0.8292305566075496,0.8169228674556751,0.8030767171598162,0.7953844114398945,0.7948715910585663,0.7323075045365384,0.7179485338593502,0.7112818689020849,0.6928203351742731,0.6702562383958366,0.649230602761384,0.6410254766601341,0.6410254766601341,0.6276921467456033,0.6164100983563852,0.6153844575937287,0.6153844575937287,0.611281894543104,0.611281894543104,0.6082049722551353,0.6005126665352137,0.5799998512820895,0.5651280602235744,0.5564101137409965,0.5384614003945126,0.5358972984878722,0.5153844832347478,0.5128203813281073,0.5076921775148262,0.5051280756081857,0.501025512557561,0.49487166798162346,0.4923075660749831,0.4902562845496707,0.48717936226170194,0.48717936226170194,0.48717936226170194,0.477435775016468,0.47435885272849926,0.46307680433928095,0.4615383431952966,0.4594870616699842,0.4594870616699842,0.4594870616699842,0.45692295976334363,0.45692295976334363,0.4564101393820154,0.45025629480607826,0.45025629480607826,0.4564101393820154,0.4564101393820154,0.45692295976334363,0.45692295976334363,0.45692295976334363,0.45692295976334363,0.45692295976334363,0.45692295976334363,0.45025629480607826,0.4594870616699842,0.4615383431952966,0.4615383431952966,0.4615383431952966,0.4615383431952966,0.4620511635766248,0.47435885272849926,0.4820511584484208,0.4851280807363896,0.48717936226170194,0.48717936226170194,0.48717936226170194,0.48769218264303016,0.48769218264303016,0.48717936226170194,0.4820511584484208,0.47589731387248363,0.47589731387248363,0.46615372662724974,0.4748716731098275,0.4620511635766248,0.4615383431952966,0.4615383431952966,0.4471793725181097,0.4461537317554533,0.4358973241288912,0.4358973241288912,0.43076912031561004,0.4317947610782664,0.4317947610782664,0.4358973241288912,0.44410245023014094,0.4471793725181097,0.44410245023014094,0.4374357852728756,0.4358973241288912,0.4358973241288912,0.4358973241288912,0.42051271268904794,0.41025630506248584,0.41025630506248584,0.41025630506248584,0.41025630506248584,0.41025630506248584,0.41025630506248584,0.41025630506248584,0.41025630506248584,0.4112819458251422,0.41025630506248584,0.41025630506248584,0.41025630506248584,0.4025639993425643,0.36564093188694063,0.3358973497699103,0.31025633070350517,0.2928204377383493,0.27794864667983427,0.2564101906640536,0.23128199197897648,0.2179486620644456,0.195384565286009,0.17230764812624422,0.14615380867851066,0.11076920236687118,0.08358972215648162,0.07948715910585667,0.06205126614070103,0.05128203813281073,0.032307684023670895,0.032307684023670895,0.0312820432610147,0.025641019066405365,0.021025635634452408,0.01333332991453087,0.005641024194609151,0.01333332991453087,0.016410252202499538,0.016410252202499538,0.01333332991453087,0.0010256407626562838,0.0,0.0,0.0,0.0010256407626562838,0.008717946482577912,0.025641019066405365,0.025641019066405365,0.02666665982906174,0.04102563050624862,0.04615383431952959,0.05128203813281073,0.057435882708748255,0.06666664957265399,0.07692305719921609,0.08717946482577821,0.09230766863905936,0.09230766863905936,0.10256407626562146,0.10256407626562146,0.10512817817226204,0.10769228007890261,0.10769228007890261,0.10769228007890261,0.10769228007890261,0.10512817817226204,0.10769228007890261,0.10769228007890261,0.10769228007890261,0.110256381985543,0.110256381985543,0.11538458579882414,0.11538458579882414,0.11282048389218358,0.11282048389218358,0.11794868770546471,0.12051278961210529,0.11794868770546471,0.11794868770546471,0.12307689151874568,0.1282050953320268,0.1282050953320268,0.1282050953320268,0.1282050953320268,0.12358971190007387,0.11794868770546471,0.11538458579882414,0.11538458579882414,0.11538458579882414,0.11282048389218358,0.11076920236687118,0.110256381985543,0.10256407626562146,0.09487177054569992,0.09025638711374696,0.08974356673241878,0.08717946482577821,0.08461536291913763,0.08205126101249724,0.07948715910585667,0.07692305719921609,0.07692305719921609,0.07692305719921609,0.07692305719921609,0.07692305719921609,0.07487177567390371,0.07435895529257552,0.06923075147929456,0.07025639224195093,0.07025639224195093,0.06512818842866978,0.058974343852732265,0.05128203813281073,0.049230756607498344,0.03641024707429566,0.026153839447733553,0.025641019066405365,0.025641019066405365,0.02051281525312431,0.01794871334648374,0.015384611439843255,0.015384611439843255,0.015384611439843255,0.015384611439843255,0.015384611439843255,0.015384611439843255,0.011282048389218485,0.015384611439843255,0.015384611439843255,0.015897431821171353,0.021025635634452408,0.02358973754109298,0.03384614516765509,0.04461537317554557,0.05128203813281073,0.05589742156476387
9172500,0.0,0.0,0.0,0.0,0.0,0.0,0.0,0.0,0.0,0.0,0.0,0.0,0.0,0.0,0.0,0.0,0.0,0.0,0.0,0.0,0.0,0.0,4.553733958249028e-05,0.000683060093737241,0.000683060093737241,0.00091074679164966,0.0011384334895620791,0.0013661201874744981,0.0022768669791241583,0.0030054644124438896,0.0034153004686862374,0.0039162112040935495,0.0045537339582483165,0.0045537339582483165,0.0045537339582483165,0.0045537339582483165,0.0045537339582483165,0.005009107354073155,0.006147540843635234,0.007058287635284894,0.007285974333197312,0.008014571766517044,0.009107467916496633,0.009107467916496633,0.009107467916496633,0.009107467916496633,0.009107467916496633,0.009107467916496633,0.009107467916496633,0.010018214708146293,0.01138433489562079,0.01275045508309529,0.01366120187474495,0.014389799308064681,0.015482695458044269,0.0175774130788385,0.018897995926730506,0.020491802812117425,0.020491802812117425,0.020491802812117425,0.021311474924602135,0.022131147037086817,0.023451729884978824,0.02504553677036574,0.0259562835620154,0.0273224037494899,0.028734061276546888,0.030054644124438895,0.031876137707738214,0.033469944593125134,0.03469945276185218,0.03642987166598653,0.03870673864511069,0.0389799626826056,0.040801456265904916,0.0423952631512918,0.043260472603359,0.04403460737626123,0.04576502628039557,0.04781420656160732,0.04963570014490664,0.05009107354073148,0.05236794051985564,0.054234971442737465,0.0546448074989798,0.057012749157268935,0.05919854145722812,0.06147540843635227,0.06293260330299173,0.06489070890503851,0.06775956129873496,0.07153916048408109,0.0751821476506797,0.08060109106099521,0.08479052630258367,0.08879781218584216,0.09562841312321464,0.0998178483648031,0.10396174626680905,0.1092896149979596,0.11347905023954806,0.12295081687270454,0.13433515176832533,0.14344261968482197,0.15027322062219445,0.1639344224969394,0.17759562437168433,0.19171219964225417,0.20537340151699912,0.2185792299959192,0.23679416582891247,0.2577413420368547,0.2714025439115997,0.28961747974459295,0.3019125614318635,0.3169398834940828,0.32559197801475465,0.3392531798894996,0.35519124874336866,0.37158469099306257,0.38479051947198273,0.403005455304976,0.41211292322147264,0.4257741250962176,0.44398906092921087,0.45081966186658334,0.45992712978308,0.4758651986369491,0.489526400511694,0.503187602386439,0.5104735767196363,0.5373406070733013,0.5510018089480463,0.5719489851559887,0.6015482558846027,0.6334243935923409,0.6557376899877576,0.6766848661956999,0.6944444286328683,0.719489965403234,0.7354280342571031,0.7468123691527239,0.7604735710274688,0.7832422408187104,0.8219489794638212,0.8451730226508876,0.8588342245256327,0.8743169199836768,0.8998178301498673,0.9153005256079116,0.9462659165240002,0.9653915991486431,0.969034586315242,0.9813296680025122,0.9904371359190088,0.995901616668907,0.9999999772313303,0.995901616668907,0.9908925093148336,0.984517281773286,0.981785041398337,0.969034586315242,0.9485427835031244,0.9294171008784816,0.9180327659828605,0.8861566282751226,0.8724954264003774,0.8629325850880559,0.8469945162341869,0.8233150996512958,0.8110200179640253,0.7540983434859212,0.7285974333197306,0.6967212956119924,0.6671220248833784,0.632969020196516,0.6065573632386758,0.5824225732599598,0.562841517239492,0.5355191134900021,0.5122950703029356,0.49635700144906647,0.47404370505364973,0.4535519022415323,0.4303278590544659,0.41211292322147264,0.40072858832585184,0.37795991853461025,0.36202184968074114,0.3556466221391935,0.3442622872435727,0.33060108536882776,0.32103824405650633,0.316484510098258,0.3051001752026372,0.2937158403070164,0.2827868788072205,0.275956277869848,0.2714025439115997,0.26411656957840235,0.2618397025992782,0.25273223468278155,0.24817850072453324,0.24134789978716079,0.23679416582891247,0.22814207130824068,0.22540983093329167,0.22085609697504335,0.21630236301679504,0.21402549603767088,0.21402549603767088,0.20947176207942256,0.2071948951002984,0.20309653453787496,0.1958105602046776,0.18897995926730513,0.1844262253090568,0.17759562437168433,0.173041890413436,0.17076502343431188,0.16666666287188842,0.1639344224969394,0.1621129289136401,0.15938068853869108,0.15710382155956693,0.15482695458044277,0.15027322062219445,0.1479963536430703,0.14571948666394613,0.1411657527056978,0.13706739214327437,0.13433515176832533,0.13205828478920117,0.13205828478920117,0.1302367912059019,0.12978141781007702,0.12750455083095286,0.12750455083095286,0.1252276838518287,0.1252276838518287,0.1252276838518287,0.12295081687270454,0.12295081687270454,0.12295081687270454,0.12190345806230744,0.12067394989358039,0.11976320310193071,0.11839708291445623,0.11621129061449705,0.11557376786034228,0.11384334895620792,0.11156648197708376,0.109517301695872,0.10910746563962967,0.10733150939591282,0.10701274801883544,0.10478141837929375,0.10341529819181927,0.10245901406058712,0.10245901406058712,0.10072859515645274,0.10018214708146296,0.10018214708146296,0.09904371359190088,0.0979052801023388,0.0979052801023388,0.0979052801023388,0.09590163716070955,0.09562841312321464,0.09562841312321464,0.09335154614409048,0.09225864999411089,0.09107467916496632,0.09107467916496632,0.090664843108724,0.08884334952542465,0.086520945206718,0.0849726756609136,0.08365209281302159,0.0819672112484697,0.0806466284005777,0.07969034426934554,0.0784608361006185,0.07741347729022138,0.07659380517773669,0.07513661031109722,0.07336065406738038,0.07285974333197306,0.07244990727573074,0.07176684718199346,0.0705828763528489,0.0705828763528489,0.0694899802028693,0.06853369607163715,0.06830600937372475,0.06698542652583277,0.06607467973418306,0.06602914239460059,0.06493624624462098,0.0637978127550589,0.06329690201965159,0.06147540843635227,0.06070127366345005,0.05919854145722812,0.05737704787392879,0.05692167447810396,0.055191255573969616,0.0546448074989798,0.0538251353864951,0.05236794051985564,0.05009107354073148,0.048724953353257,0.04781420656160732,0.04758651986369492,0.04553733958248316,0.043260472603359,0.04257741250962176,0.04098360562423485,0.03984517213467277,0.03870673864511069,0.03711293175972377,0.03561019955350184,0.03415300468686237,0.031876137707738214,0.031876137707738214,0.031420764311913374,0.029826957426526475,0.028278687880722048,0.025318760807860666,0.02413478997871608,0.022540983093329164,0.021448086943349574,0.020491802812117425,0.020491802812117425,0.020036429416292585,0.018442622530905686,0.017304189041343607,0.01666666628718884,0.015938068853869107,0.015027322062219448,0.01366120187474495,0.01252276838518287,0.012204007008105486,0.01174863361228065,0.010837886820631006,0.010473588103971131,0.009790528010233874,0.009107467916496633,0.009107467916496633,0.009107467916496633,0.009107467916496633,0.009107467916496633,0.008879781218584213,0.008879781218584213,0.008561019841506846,0.008424407822759392,0.00787795974776959,0.007513661031109716,0.007513661031109716,0.007513661031109716,0.006830600937372475,0.006420764881130143,0.004918032674908174,0.0045537339582483165,0.0045537339582483165,0.0045537339582483165
9180000,0.02463093027885594,0.02463093027885594,0.02423620383207937,0.0238414773853028,0.0238414773853028,0.0238414773853028,0.0238414773853028,0.0238414773853028,0.0238414773853028,0.02423620383207937,0.026209836065962052,0.027788741853068163,0.027788741853068163,0.027788741853068163,0.027788741853068163,0.027788741853068163,0.027788741853068163,0.027788741853068163,0.027788741853068163,0.027788741853068163,0.029762374086950847,0.03173600632083353,0.03173600632083353,0.03765690302248158,0.04002526170314083,0.043577799724129625,0.045551431958012305,0.047525064191894985,0.04949869642577767,0.051867055106436924,0.05541959312742572,0.05976158404196765,0.06528775429683913,0.06528775429683913,0.0672613865307218,0.06765611297749838,0.06962974521138106,0.07120865099848718,0.07712954770013522,0.08107681216790058,0.08305044440178327,0.08502407663566595,0.08699770886954863,0.08699770886954863,0.08897134110343131,0.090944973337314,0.09331333201797325,0.09686587003896205,0.09883950227284473,0.10081313450672741,0.10081313450672741,0.10318149318738666,0.10673403120837546,0.10870766344225814,0.11068129567614082,0.1110760221229174,0.1126549279100235,0.11462856014390618,0.11462856014390618,0.11462856014390618,0.11462856014390618,0.11462856014390618,0.11462856014390618,0.11462856014390618,0.11660219237778886,0.11699691882456544,0.11857582461167154,0.11857582461167154,0.12054945684555424,0.12252308907943692,0.1244967213133196,0.1264703535472023,0.13041761801496765,0.13633851471661568,0.13831214695049837,0.14028577918438107,0.14225941141826373,0.1462066758860291,0.15015394035379448,0.1544959312683364,0.16002210152320787,0.16396936599097325,0.1679166304587386,0.17423225360716316,0.18370568832980005,0.1896265850314481,0.19752111396697883,0.2058103693492861,0.215283804071923,0.22949395615587828,0.24725664626082242,0.2551511751963531,0.2685718743867554,0.28238730002393414,0.29028182895946486,0.3218599447015878,0.34001736125330856,0.35935895714535876,0.3755427414631968,0.3929107051213644,0.40672613075854314,0.42843608533125266,0.45685638949916346,0.48132942919930866,0.5219862532172918,0.5614588978949454,0.5883002962757499,0.6380358285695937,0.690534445990873,0.7394805253911634,0.7860582461107949,0.8125049180448228,0.8369779577449679,0.8732927908484094,0.8890818487194708,0.8942132925275657,0.902502547909873,0.902502547909873,0.897371104101778,0.8942132925275657,0.902502547909873,0.9103970768454037,0.9103970768454037,0.9163179735470518,0.9163179735470518,0.9182916057809345,0.9222388702486999,0.9336859372052193,0.944343551268186,0.9553958917779288,0.9632904207134596,0.9632904207134596,0.9636851471602361,0.9632904207134596,0.9632904207134596,0.9632904207134596,0.9644746000537892,0.9632904207134596,0.9632904207134596,0.9632904207134596,0.9644746000537892,0.9660535058408952,0.9660535058408952,0.9735533083296496,0.985000375286169,0.9921054513281468,0.9999999802636778,0.9999999802636778,0.9921054513281468,0.989342366200711,0.983421469499063,0.9735533083296496,0.9538169859908228,0.9222388702486999,0.9040814536969791,0.8906607545065769,0.8669771676999848,0.847240845361158,0.8290834288094372,0.8113207387044931,0.7568484890493311,0.7146127592442416,0.686981907969884,0.6672455856310572,0.6498776219728896,0.6356674698889343,0.6186942326775432,0.5922475607435153,0.5733006912982415,0.5508012838319789,0.5077761011333365,0.4706718151363421,0.4501460399039621,0.42448882086348727,0.40514722497143707,0.38541090263261024,0.3715954769954315,0.3597536835921354,0.34554353150818,0.3337017381048839,0.3064656132773029,0.2906765554062414,0.2650193363657665,0.2448882875801632,0.22238888011390073,0.20738927513639224,0.19949474620086152,0.18567932056368275,0.1797584238620347,0.1722586213732805,0.16436409243774983,0.1560748370554425,0.15015394035379448,0.14225941141826373,0.13475960892950958,0.13041761801496765,0.1244967213133196,0.11739164527134201,0.10910238988903471,0.10515512542126934,0.0992342287196213,0.09489223780507937,0.08699770886954863,0.08107681216790058,0.07712954770013522,0.07120865099848718,0.0672613865307218,0.06331412206295645,0.05936685759519108,0.05344596089354303,0.04989342287255424,0.047525064191894985,0.04160416749024694,0.04160416749024694,0.04160416749024694,0.04160416749024694,0.04160416749024694,0.04160416749024694,0.04160416749024694,0.04002526170314083,0.03765690302248158,0.03449909144826935,0.03449909144826935,0.03449909144826935,0.03370963855471621,0.030551826980503988,0.028183468299844732,0.026209836065962052,0.02423620383207937,0.0238414773853028,0.021867845151420116,0.015552222002995697,0.013973316215889387,0.013973316215889387,0.013973316215889387,0.013973316215889387,0.013973316215889387,0.014368042662665958,0.017920580683654753,0.017920580683654753,0.017920580683654753,0.01831530713043132,0.01594694844977207,0.013973316215889387,0.013973316215889387,0.013973316215889387,0.011999683982006706,0.011999683982006706,0.011999683982006706,0.010026051748124022,0.00805241951424134,0.006947185463267034,0.006157732569713978,0.006078787280358658,0.004144627691153622,0.002881503061468704,0.001618378431783786,0.00027630851274357667,0.00015789057871061122,0.0,0.0,0.00015789057871061122,0.00015789057871061122,0.0009868161169413411,0.001618378431783786,0.0036314833103441423,0.0054472249655162135,0.006078787280358658,0.0067892948845564224,0.00805241951424134,0.010026051748124022,0.011999683982006706,0.01594694844977207,0.019894212917537433,0.021867845151420116,0.02581510961918548,0.026209836065962052,0.028183468299844732,0.03370963855471621,0.03765690302248158,0.03963053525636426,0.045551431958012305,0.04949869642577767,0.05147232865966035,0.05344596089354303,0.05976158404196765,0.06528775429683913,0.06923501876460449,0.07160337744526374,0.07712954770013522,0.08699770886954863,0.090944973337314,0.09489223780507937,0.09686587003896205,0.09726059648573862,0.09883950227284473,0.10081313450672741,0.10081313450672741,0.10278676674061009,0.10278676674061009,0.10476039897449277,0.10515512542126934,0.10673403120837546,0.10673403120837546,0.10673403120837546,0.10476039897449277,0.10120786095350398,0.09883950227284473,0.09686587003896205,0.09528696425185593,0.09489223780507937,0.09331333201797325,0.09291860557119667,0.090944973337314,0.090944973337314,0.08897134110343131,0.08699770886954863,0.08699770886954863,0.08502407663566595,0.08305044440178327,0.08107681216790058,0.08107681216790058,0.0791031799340179,0.0791031799340179,0.07712954770013522,0.07515591546625254,0.07120865099848718,0.06923501876460449,0.0656824807436157,0.06528775429683913,0.06528775429683913,0.06331412206295645,0.06331412206295645,0.061340489829073766,0.05936685759519108,0.0573932253613084,0.053840687340319604,0.05147232865966035,0.04949869642577767,0.04949869642577767,0.047525064191894985,0.047525064191894985,0.047525064191894985,0.047525064191894985,0.047525064191894985,0.047525064191894985,0.047525064191894985,0.045551431958012305,0.043577799724129625,0.043577799724129625,0.03963053525636426,0.03765690302248158,0.03410436500149278,0.029762374086950847,0.029762374086950847,0.027788741853068163,0.027788741853068163,0.027788741853068163,0.027788741853068163,0.027788741853068163,0.027788741853068163,0.027788741853068163,0.027788741853068163,0.027788741853068163,0.027788741853068163,0.027788741853068163
9180500,0.007422802839336695,0.007719714952910162,0.0092042755207775,0.010391923975071372,0.01068883608864484,0.011876484542938711,0.011876484542938711,0.011876484542938711,0.011876484542938711,0.011876484542938711,0.011876484542938711,0.011876484542938711,0.011876484542938711,0.011876484542938711,0.011876484542938711,0.011876484542938711,0.011876484542938711,0.011876484542938711,0.011876484542938711,0.01336104511080605,0.013657957224379519,0.01484560567867339,0.01484560567867339,0.01484560567867339,0.01484560567867339,0.01484560567867339,0.01633016624654073,0.01633016624654073,0.01633016624654073,0.017814726814408068,0.019299287382275404,0.019299287382275404,0.019299287382275404,0.019299287382275404,0.020783847950142743,0.022268408518010083,0.02404988119945089,0.02523752965374476,0.025534441767318228,0.0267220902216121,0.0267220902216121,0.0267220902216121,0.0267220902216121,0.0267220902216121,0.02820665078947944,0.02820665078947944,0.02969121135734678,0.02969121135734678,0.03266033249308146,0.03266033249308146,0.0341448930609488,0.03711401419668347,0.03859857476455081,0.03859857476455081,0.038895486878124344,0.04008313533241815,0.04038004744599162,0.04156769590028549,0.043052256468152826,0.043052256468152826,0.04334916858172629,0.044536817036020165,0.044536817036020165,0.044536817036020165,0.044536817036020165,0.046021377603887505,0.046021377603887505,0.047505938171754844,0.05047505930748952,0.05195961987535686,0.0534441804432242,0.05522565312466501,0.05789786214682622,0.06235154385042823,0.06383610441829557,0.0682897861218976,0.06858669823547106,0.07304037993907307,0.07719714952910162,0.08046318277840976,0.08313539180057097,0.087589073504173,0.08788598561774646,0.09233966732134848,0.09798099747924437,0.0994655580471117,0.10273159129641984,0.1068883608864484,0.10985748202218308,0.11163895470362388,0.1160926364072259,0.12024940599725445,0.1235154392465626,0.12499999981442993,0.13064132997232583,0.13509501167592783,0.13984560549310332,0.14400237508313188,0.14608075987814614,0.15053444158174817,0.15617577173964406,0.1603325413296726,0.16330166246540728,0.1677553441690093,0.175178147008346,0.17992874082552146,0.18557007098341735,0.19180522536846017,0.19922802820779686,0.2036817099113989,0.20961995218286825,0.21526128234076414,0.22268408518010083,0.23901425142664157,0.24495249369811092,0.25564132978675574,0.2663301658754006,0.2737529687147373,0.2986935862549086,0.3132422798200085,0.322446555340786,0.3340261277701512,0.34768408499453074,0.37143705408040817,0.39637767162057946,0.41270783786712023,0.4483372914959363,0.4735748211496811,0.4991092629169993,0.5314726832965073,0.5510688827923562,0.5985748209641111,0.6279691202078843,0.6591448921330985,0.6769596189475066,0.6977434668976493,0.7102137756677349,0.7321852720721715,0.7589073622937836,0.7906769584461448,0.8236342030527998,0.8551068870915873,0.9011282646954747,0.9236935853270583,0.9429928727093336,0.9465558180722152,0.9637767206594764,0.9860451291774868,0.9999999985154394,0.9872327776317806,0.9720902598395338,0.9521971482301115,0.944477433277201,0.9236935853270583,0.9046912100583563,0.8901425164932564,0.865795723180232,0.8539192386372934,0.8355106875957383,0.8123515427370078,0.7826603313796611,0.7499999988865796,0.7182304027342187,0.6784441795153738,0.6520190014073353,0.6312351534571925,0.608076008598462,0.5929334908062152,0.5611638946538541,0.5412707830444318,0.4991092629169993,0.44804037938236285,0.40766033193637125,0.3735154388754225,0.35956056953746945,0.3399643700416206,0.3150237525014493,0.29216151975629245,0.2865201895983964,0.26573634164825366,0.24584323003883146,0.22951306379229072,0.2155581944543376,0.20635391893356012,0.1915083132548867,0.18557007098341735,0.1722090258726113,0.1603325413296726,0.14429928719670534,0.12856294517731162,0.11728028486151977,0.10540380031858106,0.09204275520777501,0.08194774334627718,0.07719714952910162,0.0727434678254996,0.06977434668976493,0.06710213766760371,0.06532066498616292,0.06264845596400177,0.06086698328256089,0.058194774260399755,0.05641330157895888,0.05522565312466501,0.0534441804432242,0.05195961987535686,0.04899049873962218,0.046021377603887505,0.04334916858172629,0.043052256468152826,0.04156769590028549,0.04156769590028549,0.04156769590028549,0.04156769590028549,0.04156769590028549,0.04156769590028549,0.04156769590028549,0.04156769590028549,0.04156769590028549,0.043052256468152826,0.046021377603887505,0.047505938171754844,0.05195961987535686,0.05077197142106299,0.05225653198893033,0.05195961987535686,0.05225653198893033,0.0534441804432242,0.0534441804432242,0.0534441804432242,0.0534441804432242,0.05522565312466501,0.056710213692532346,0.05938242271469356,0.05938242271469356,0.061163895396134364,0.06383610441829557,0.06680522555403025,0.0682897861218976,0.07125890725763227,0.0727434678254996,0.07571258896123428,0.07868171009696896,0.08165083123270364,0.08313539180057097,0.08610451293630565,0.087589073504173,0.0893705461856138,0.09233966732134848,0.09501187634350969,0.10095011861497905,0.10391923975071372,0.10540380031858106,0.10540380031858106,0.10570071243215459,0.1068883608864484,0.1086698335678892,0.10985748202218308,0.11134204259005041,0.11282660315791776,0.11431116372578509,0.11579572429365244,0.11787410908866677,0.12203087867869526,0.12321852713298913,0.12470308770085646,0.12470308770085646,0.12470308770085646,0.12529691192800346,0.12767220883659114,0.12915676940445847,0.12915676940445847,0.12915676940445847,0.12915676940445847,0.12915676940445847,0.13064132997232583,0.13064132997232583,0.13212589054019316,0.13242280265376663,0.1336104511080605,0.1336104511080605,0.13509501167592783,0.1365795722437952,0.1365795722437952,0.13806413281166252,0.13954869337952985,0.14103325394739719,0.14103325394739719,0.14133016606097074,0.14251781451526455,0.14251781451526455,0.142814726628838,0.14251781451526455,0.142814726628838,0.14400237508313188,0.1454869356509992,0.1454869356509992,0.14726840833244,0.14726840833244,0.14726840833244,0.14697149621886654,0.1454869356509992,0.1454869356509992,0.14400237508313188,0.14251781451526455,0.14251781451526455,0.13984560549310332,0.13806413281166252,0.13509501167592783,0.1336104511080605,0.13212589054019316,0.1309382420858993,0.12915676940445847,0.1261876482687238,0.1261876482687238,0.11876484542938712,0.11579572429365244,0.11431116372578509,0.11282660315791776,0.11015439413575662,0.10718527300002187,0.10391923975071372,0.10243467918284638,0.10095011861497905,0.09798099747924437,0.09501187634350969,0.09085510675348114,0.087589073504173,0.08610451293630565,0.0801662706648363,0.07868171009696896,0.07422802839336694,0.0727434678254996,0.06977434668976493,0.06294536807757524,0.05938242271469356,0.05641330157895888,0.05225653198893033,0.04899049873962218,0.047505938171754844,0.04156769590028549,0.04008313533241815,0.035629453628816136,0.031175771925214115,0.0267220902216121,0.02523752965374476,0.020783847950142743,0.019299287382275404,0.017814726814408068,0.01633016624654073,0.01217339665651218,0.011876484542938711,0.011876484542938711,0.011876484542938711,0.011876484542938711,0.010391923975071372,0.007719714952910162,0.007422802839336695,0.0059382422714693555,0.004453681703602017,0.004453681703602017,0.0029691211357346778,0.0029691211357346778,0.0029691211357346778,0.0014845605678673389,0.0
9188500,0.0,0.0,0.0006181015384315528,0.0003090507692158235,0.0015452538460788822,0.0020750551647344853,0.002207505494398394,0.002207505494398394,0.002207505494398394,0.002207505494398394,0.002207505494398394,0.002207505494398394,0.002207505494398394,0.002207505494398394,0.002207505494398394,0.002207505494398394,0.002207505494398394,0.002207505494398394,0.002207505494398394,0.002207505494398394,0.002207505494398394,0.001103752747199197,0.001103752747199197,0.00022075054943984255,0.0,0.0,0.0,0.0,0.0,0.0,0.0,0.0,0.0,0.0,0.0,0.0,0.0,0.0,0.0,0.0,0.0,0.0,0.0,0.0,0.0,0.0,0.0,0.001103752747199197,0.001103752747199197,0.002207505494398394,0.002207505494398394,0.002207505494398394,0.0033112582415975914,0.003752759340477276,0.004415010988796788,0.004415010988796788,0.005518763735995986,0.005518763735995986,0.006622516483195183,0.006622516483195183,0.008830021977593576,0.008830021977593576,0.00894039725231349,0.011037527471991972,0.011037527471991972,0.011037527471991972,0.011037527471991972,0.011037527471991972,0.011037527471991972,0.013245032966390366,0.01545253846078876,0.016556291207987957,0.016556291207987957,0.022075054943983943,0.022075054943983943,0.022075054943983943,0.022075054943983943,0.022075054943983943,0.022075054943983943,0.02649006593278073,0.027593818679979926,0.03090507692157752,0.033112582415975915,0.033112582415975915,0.033112582415975915,0.033112582415975915,0.0386313461519719,0.04415010988796789,0.04415010988796789,0.04415010988796789,0.04746136812956547,0.051876379118362265,0.05518763735995985,0.05518763735995985,0.06070640109595584,0.06512141208475263,0.06622516483195183,0.06622516483195183,0.072847681315147,0.0772626923039438,0.0772626923039438,0.08278145603993978,0.08609271428153738,0.08830021977593577,0.08940397252313496,0.09933774724792774,0.10044149999512693,0.1103752747199197,0.1158940384559157,0.12251655493911087,0.13245032966390366,0.13686534065270045,0.14348785713589562,0.15342163186068838,0.16556291207987955,0.17439293405747314,0.18211920328786751,0.1898454725182619,0.19867549449585548,0.20309050548465227,0.21192052746224585,0.2207505494398394,0.2317880769118314,0.24503310987822174,0.25607063735021374,0.2704194230638033,0.28366445603019363,0.2935982307549864,0.3013244999853808,0.313465780204572,0.32339955492936473,0.3344370824013567,0.3421633516317511,0.35651213734534065,0.3785871922893246,0.39403973075011334,0.41721853844129647,0.4415010988796788,0.45805739008766677,0.4834437032732483,0.5176600384364234,0.5408388461276066,0.5805739450267776,0.60485650546516,0.6291390659035423,0.6578366373307215,0.677704186780307,0.6953642307354941,0.7174392856794781,0.7362030823818645,0.750551868095454,0.7737306757866371,0.7991169889722187,0.8123620219386091,0.823399549410601,0.845474604354585,0.8675496592985689,0.8896247142425528,0.901765994461744,0.9161147801753335,0.9271523076473256,0.9415010933609151,0.9503311153385087,0.9558498790745047,0.9580573845689031,0.9713024175352934,0.980132439512887,0.991169966984879,0.9999999889624726,0.991169966984879,0.9900662142376798,0.980132439512887,0.9679911592936958,0.9514348680857079,0.9403973406137159,0.9205297911641304,0.90728475819774,0.8951434779785489,0.8807946922649593,0.8631346483097722,0.8509933680905809,0.8355408296297921,0.8123620219386091,0.7947019779834219,0.7726269230394379,0.7516556208426532,0.7251655549098724,0.7019867472186894,0.6810154450219046,0.6567328845835223,0.6357615823867375,0.6192052911787496,0.6015452472235624,0.5794701922795785,0.5529801263467977,0.520971296678021,0.4999999944812363,0.4834437032732483,0.46467990657086194,0.4448123571212764,0.4315673241548861,0.4194260439356949,0.40066224723330857,0.380794697783723,0.3708609230589302,0.35651213734534065,0.3443708571261495,0.3333333296541575,0.32339955492936473,0.31456953295177115,0.3035320054797792,0.2935982307549864,0.28256070328299443,0.27483443405260005,0.2649006593278073,0.25607063735021374,0.24834436811981933,0.24061809888942495,0.23399558240622978,0.2251655604286362,0.21854304394544102,0.21523178570384344,0.20860926922064824,0.20309050548465227,0.19867549449585548,0.1909492252654611,0.1854304615294651,0.17991169779346913,0.17439293405747314,0.16997792306867635,0.16556291207987955,0.15783664284948518,0.1545253846078876,0.1523178791134892,0.1501103736190908,0.14790286812469242,0.14348785713589562,0.14017659889429804,0.13796909339989963,0.13576158790550125,0.13355408241110284,0.13024282416950525,0.12693156592790766,0.12472406043350927,0.12141280219191168,0.11920529669751329,0.11699779120311489,0.1147902857087165,0.1125827802143181,0.1103752747199197,0.10816776922552132,0.10706401647832212,0.10596026373112293,0.10375275823672453,0.10154525274232613,0.10044149999512693,0.09823399450072855,0.09713024175352934,0.09492273625913095,0.09271523076473255,0.09161147801753336,0.08962472307257482,0.08940397252313496,0.08830021977593577,0.08830021977593577,0.08719646702873657,0.08609271428153738,0.08498896153433817,0.08498896153433817,0.08388520878713898,0.08278145603993978,0.08167770329274059,0.08167770329274059,0.08057395054554138,0.07947019779834219,0.078366445051143,0.0772626923039438,0.0750551868095454,0.07395143406234621,0.07196467911738767,0.07064017582074861,0.06953642307354942,0.06843267032635023,0.06732891757915102,0.06622516483195183,0.06313465713979409,0.06181015384315504,0.06070640109595584,0.05739514285435825,0.05629139010715905,0.05518763735995985,0.05518763735995985,0.05298013186556146,0.05077262637116307,0.04966887362396387,0.04746136812956547,0.04525386263516708,0.04415010988796789,0.04415010988796789,0.04415010988796789,0.04194260439356949,0.0386313461519719,0.0364238406575735,0.033112582415975915,0.033112582415975915,0.033112582415975915,0.033112582415975915,0.02980132417437832,0.027593818679979926,0.02649006593278073,0.024282560438382336,0.022075054943983943,0.022075054943983943,0.022075054943983943,0.022075054943983943,0.020971302196784745,0.019867549449585548,0.016556291207987957,0.016556291207987957,0.016556291207987957,0.016556291207987957,0.016556291207987957,0.016556291207987957,0.016556291207987957,0.016556291207987957,0.011037527471991972,0.011037527471991972,0.011037527471991972,0.011037527471991972,0.011037527471991972,0.011037527471991972,0.011037527471991972,0.011037527471991972,0.011037527471991972,0.011037527471991972,0.011037527471991972,0.011037527471991972,0.011037527471991972,0.011037527471991972,0.011037527471991972,0.010816776922552129,0.009933774724792774,0.00949227362591309,0.008830021977593576,0.008830021977593576,0.008830021977593576,0.008830021977593576,0.007836644505114293,0.007174392856794781,0.006732891757915096,0.006622516483195183,0.006512141208475269,0.005518763735995986,0.004415010988796788,0.004415010988796788,0.0033112582415975914,0.002207505494398394,0.002207505494398394,0.002207505494398394,0.002207505494398394,0.0015452538460788822,0.0,0.0,0.0,0.0,0.0
9205000,0.0,0.0,0.0,0.0,0.00018867924350304208,0.0030188678960484322,0.00471698108757565,0.003962264113563562,0.00377358487006052,0.0030188678960484322,0.0030188678960484322,0.0011320754610181722,0.0,0.0,0.0,0.0,0.0,0.0,0.0,0.0,0.0,0.0,0.0,0.0,0.0,0.0,0.0,0.0,0.0,0.0,0.0,0.0,0.0,0.0,0.0,0.0,0.0,0.0,0.0,0.0,0.0,0.0,0.0,0.0,0.0,0.0,0.0,0.00377358487006052,0.00471698108757565,0.004905660331078692,0.00849056595763617,0.0094339621751513,0.0094339621751513,0.0094339621751513,0.0094339621751513,0.01132075461018156,0.01226415082769669,0.01320754704521182,0.01415094326272695,0.01415094326272695,0.016226414941260228,0.0188679243503026,0.0188679243503026,0.0188679243503026,0.020943396028835878,0.02358490543787825,0.0283018865254539,0.0283018865254539,0.0283018865254539,0.0283018865254539,0.0283018865254539,0.036981131726593085,0.0377358487006052,0.0377358487006052,0.0377358487006052,0.0377358487006052,0.04245282978818085,0.0471698108757565,0.0471698108757565,0.0471698108757565,0.0471698108757565,0.048301886336774645,0.052075471206835165,0.0566037730509078,0.0566037730509078,0.0566037730509078,0.05754716926842293,0.06037735792096832,0.06226415035599858,0.0660377352260591,0.0660377352260591,0.06716981068707725,0.07169811253114988,0.0754716974012104,0.0754716974012104,0.0754716974012104,0.07735848983624066,0.07924528227127092,0.08018867848878605,0.08113207470630118,0.08415094260234965,0.0849056595763617,0.0849056595763617,0.08679245201139196,0.08867924444642222,0.09245282931648274,0.094339621751513,0.09622641418654326,0.10018867830010686,0.10188679149163404,0.1037735839266643,0.1037735839266643,0.10471698014417943,0.10566037636169456,0.10754716879672482,0.11037735744927021,0.1132075461018156,0.1171698102153792,0.12188679130295485,0.12358490449448203,0.12566037617301537,0.13415094213065154,0.13962264019223924,0.14358490430580284,0.14924528161089362,0.15660377210751159,0.16132075319508724,0.16622641352616596,0.17528301721431122,0.18509433787646862,0.19245282837308653,0.2037735829832681,0.22226414884656465,0.2379245260573159,0.25056603537201866,0.28792452558561776,0.32094339319864734,0.34264150620149525,0.36981131726593097,0.391509430268779,0.42660376956034185,0.45660376927732294,0.5039622593965826,0.5354716930615878,0.5694339568921325,0.6133962206283377,0.6430188618583128,0.6720754653577786,0.7096226348148809,0.7452830118369528,0.783018860537558,0.8301886714133144,0.8603773503737988,0.8886792368992528,0.9056603688145248,0.9245282931648274,0.94339621751513,0.9528301796902814,0.9622641418654326,0.9830188586507655,0.992452820825917,0.9999999905660378,0.9811320662157352,0.9547169721253118,0.9452830099501603,0.94339621751513,0.9245282931648274,0.9150943309896762,0.8962264066393736,0.877358482289071,0.8509433881986476,0.8396226335884658,0.8207547092381632,0.8018867848878606,0.7699999927358492,0.7458490495674618,0.7273584837041652,0.7188679177465291,0.7133962196849414,0.7022641443182628,0.688867918029548,0.6784905596368815,0.6626415031826274,0.6483018806763974,0.6362264090922037,0.6084905602972589,0.5879245227554291,0.5677358437006054,0.5471698061587754,0.5273584855909578,0.5113207498932005,0.4962264104129584,0.4756603728711285,0.456792448520826,0.4347169770309721,0.4135849017586331,0.39830188303488795,0.3924528264862941,0.3792452794410823,0.36716980785688863,0.3567924494642222,0.34169810998398015,0.325849053529726,0.31226414799750807,0.29999999716981135,0.2877358463421147,0.27471697854040583,0.26509433712175157,0.2520754693200427,0.23679245059629764,0.22660377144713434,0.2162264130544679,0.209622639531862,0.20283018676575296,0.19622641324314705,0.1879245265290139,0.18301886619793523,0.17547169645781419,0.1698113191527234,0.16415094184763263,0.1603773569775721,0.15584905513349953,0.1501886778284087,0.14716980993236028,0.14245282884478463,0.13698113078319693,0.13226414969562128,0.12735848936454255,0.1226415082769669,0.11886792340690638,0.11528301778034894,0.1132075461018156,0.11132075366678534,0.1077358480402279,0.10584905560519764,0.10283018770914917,0.09999999905660378,0.0983018858650766,0.09622641418654326,0.094339621751513,0.09169811234247069,0.09056603688145248,0.08962264066393735,0.08962264066393735,0.08867924444642222,0.08867924444642222,0.08679245201139196,0.08509433881986478,0.0849056595763617,0.0849056595763617,0.0849056595763617,0.0849056595763617,0.0849056595763617,0.0849056595763617,0.0849056595763617,0.0849056595763617,0.08396226335884657,0.08301886714133144,0.08301886714133144,0.08320754638483452,0.08396226335884657,0.08415094260234965,0.0849056595763617,0.0849056595763617,0.08584905579387683,0.08584905579387683,0.08584905579387683,0.08603773503737991,0.08698113125489504,0.08792452747241017,0.0888679236899253,0.08962264066393735,0.09056603688145248,0.09075471612495556,0.09245282931648274,0.09245282931648274,0.09264150855998582,0.09339622553399787,0.09339622553399787,0.094339621751513,0.09622641418654326,0.09811320662157352,0.09905660283908865,0.09999999905660378,0.10188679149163404,0.10207547073513712,0.1037735839266643,0.10471698014417943,0.1066037725792097,0.10867924425774303,0.11037735744927021,0.11132075366678534,0.11132075366678534,0.11150943291028842,0.11150943291028842,0.11132075366678534,0.11056603669277329,0.11037735744927021,0.10867924425774303,0.1077358480402279,0.10754716879672482,0.10754716879672482,0.1066037725792097,0.1066037725792097,0.1066037725792097,0.10490565938768251,0.1037735839266643,0.10301886695265225,0.10188679149163404,0.09905660283908865,0.09528301796902813,0.094339621751513,0.09245282931648274,0.0888679236899253,0.08584905579387683,0.0849056595763617,0.08207547092381631,0.07754716907974368,0.0754716974012104,0.0754716974012104,0.07283018799216803,0.0660377352260591,0.0660377352260591,0.0660377352260591,0.0566037730509078,0.0566037730509078,0.0566037730509078,0.054905659859380555,0.048490565580277714,0.0471698108757565,0.0471698108757565,0.0471698108757565,0.039811320379138475,0.0377358487006052,0.0377358487006052,0.0377358487006052,0.0377358487006052,0.03301886761302955,0.03207547139551442,0.0283018865254539,0.0283018865254539,0.0283018865254539,0.0283018865254539,0.02358490543787825,0.02358490543787825,0.0188679243503026,0.0188679243503026,0.0188679243503026,0.0188679243503026,0.0188679243503026,0.0188679243503026,0.01415094326272695,0.0094339621751513,0.0094339621751513,0.0094339621751513,0.0094339621751513,0.0094339621751513,0.0094339621751513,0.0094339621751513,0.0094339621751513,0.0094339621751513,0.005660377305090861,0.00471698108757565,0.00471698108757565,0.00471698108757565,0.00471698108757565
9209400,0.00999000994010984,0.00999000994010984,0.00999000994010984,0.00999000994010984,0.00999000994010984,0.00999000994010984,0.00999000994010984,0.00999000994010984,0.00999000994010984,0.00999000994010984,0.009590409542505498,0.007092907057478038,0.00509490506945607,0.00499500497005492,0.00499500497005492,0.00499500497005492,0.00499500497005492,0.00499500497005492,0.00499500497005492,0.00499500497005492,0.00499500497005492,0.00499500497005492,0.00499500497005492,0.00499500497005492,0.00499500497005492,0.00499500497005492,0.004495504473049429,0.002597402584428553,0.0,0.0,0.0,0.0,0.0,0.0,0.0,0.0,0.0,0.0,0.0012987012922142907,0.00499500497005492,0.00499500497005492,0.00499500497005492,0.00499500497005492,0.00499500497005492,0.00499500497005492,0.00499500497005492,0.00509490506945607,0.00999000994010984,0.00999000994010984,0.012587412524538393,0.014985014910164761,0.01998001988021968,0.01998001988021968,0.01998001988021968,0.024975024850274603,0.029970029820329522,0.029970029820329522,0.034965034790384444,0.034965034790384444,0.034965034790384444,0.03996003976043936,0.04275724254367013,0.04495504473049428,0.04495504473049428,0.049950049700549205,0.05494505467060412,0.05794205765263713,0.059940059640659044,0.06493506461071397,0.06993006958076889,0.06993006958076889,0.0749250745508238,0.07992007952087872,0.08241758200590618,0.08991008946098857,0.09370629323823038,0.09990009940109841,0.09990009940109841,0.10989010934120824,0.10989010934120824,0.11988011928131809,0.11988011928131809,0.12237762176634555,0.12987012922142793,0.1389610382669279,0.1399600392609389,0.1498501491016476,0.15484515407170252,0.15984015904175744,0.15994005914115858,0.16493506411121345,0.16983016898186729,0.17382617295791122,0.17982017892197713,0.18151848061179585,0.18981018886208698,0.19180819085010894,0.195904094925554,0.19780219681417485,0.19980019880219682,0.19990009890159793,0.20429570327524624,0.2078921068536858,0.21188811082972975,0.2122877112273341,0.21378621271835058,0.21788211679379565,0.2213786202728341,0.22277722166444944,0.22277722166444944,0.22327672216145494,0.2247752236524714,0.22727272613749888,0.2307692296165373,0.23276723160455928,0.2349650337913835,0.23836163717102082,0.24185814065005926,0.2450549438308944,0.24735264611711968,0.24785214661412516,0.24825174701172953,0.24855144730993284,0.25104894979496034,0.25334665208118556,0.2572427559578284,0.2633366620212954,0.2674325660967405,0.2732267718620041,0.2754245740488283,0.2803196789194822,0.29010988866078974,0.30079919929670734,0.3142857127158556,0.3346653329936797,0.35464535287389937,0.36563436380802017,0.38561438368823986,0.4205794184786244,0.4495504473049428,0.47452547215521745,0.5144855119156568,0.5454545427299973,0.5964035934245577,0.6343656311969749,0.6803196769214802,0.7352647315920843,0.7842157802986225,0.8041958001788422,0.8341658299991717,0.8561438518674136,0.8941058896398307,0.9140859095200504,0.9190809144901053,0.9260739214481825,0.939060934370325,0.9490509443104349,0.9690309641906545,0.9740259691607095,0.9800199751247753,0.9900099850648852,0.999999995004995,0.999999995004995,0.9940059890409292,0.9890109840708742,0.9800199751247753,0.9510489462984568,0.9440559393403799,0.9150849105140614,0.8851148806937319,0.874125869759611,0.8641358598195013,0.8441558399392816,0.819180815089007,0.8041958001788422,0.7742257703585127,0.7602397564423589,0.7402597365621392,0.7202797166819195,0.6993006958076888,0.6853146818915351,0.6693306659873594,0.6553446520712056,0.6393606361670298,0.6243756212568651,0.6053946023706563,0.5854145824904367,0.5794205765263708,0.5694305665862609,0.5444555417359863,0.5154845129096679,0.49950049700549204,0.4895104870653822,0.47452547215521745,0.45954045724505266,0.43956043736483297,0.4195804174846133,0.4145854125145584,0.4005993985984047,0.38561438368823986,0.36463536281400916,0.35564435386791043,0.3406593389577457,0.3346653329936797,0.31748251589669074,0.30739260585717976,0.28831168687157,0.27272727136499864,0.26673326540093273,0.2523476510871746,0.24175824055065814,0.233466532300367,0.22337662226085606,0.20899100794709785,0.1943056933351364,0.188811187868076,0.1774225765363508,0.16943056858426292,0.163436562620197,0.15834165755074098,0.15304695228248275,0.14345654273997732,0.13646353578190046,0.12937062872442243,0.11988011928131809,0.1150849145100654,0.11098901043462035,0.10509490456995557,0.09900099850648854,0.09340659294002701,0.09100899055440068,0.08601398558434575,0.08401598359632378,0.08241758200590618,0.07902097862626886,0.0765234761412414,0.07392607355681283,0.07302697266220298,0.07042957007777438,0.06843156808975241,0.06643356610173044,0.06493506461071397,0.06353646321909864,0.06253746222508759,0.06093906063467003,0.05944055914365355,0.05844155814964257,0.05544455516760961,0.053946053676593136,0.05294705268258215,0.05254745228497776,0.051948051688571174,0.051948051688571174,0.05154845129096683,0.05104895079396134,0.05094905069456019,0.05054945029695579,0.05054945029695579,0.05094905069456019,0.05104895079396134,0.05144855119156568,0.05154845129096683,0.051948051688571174,0.05294705268258215,0.0535464532789888,0.05404595377599429,0.05454545427299973,0.05494505467060412,0.05494505467060412,0.0564435561616206,0.05694305665862609,0.057042956758027244,0.05894105864664806,0.05944055914365355,0.059940059640659044,0.060439560137664536,0.06183816152927995,0.06613386580352713,0.0685314681891535,0.06953046918316454,0.072027971668192,0.0749250745508238,0.07662337624064247,0.07892107852686774,0.0809190805148897,0.08291708250291167,0.08701298657835674,0.09200799154841166,0.09540459492804898,0.09790209741307644,0.09990009940109841,0.09999999950049952,0.1008991003951094,0.10139860089211489,0.10239760188612587,0.10339660288013686,0.10489510437115332,0.10689310635917529,0.10689310635917529,0.10689310635917529,0.10699300645857641,0.10739260685618078,0.10849150794959289,0.10839160785019177,0.10839160785019177,0.10739260685618078,0.10689310635917529,0.10689310635917529,0.10599400546456543,0.10299700248253248,0.10189810138912038,0.09990009940109841,0.09810189761187868,0.0950049945304446,0.09060939015679624,0.08731268687656005,0.07992007952087872,0.07992007952087872,0.0749250745508238,0.06993006958076889,0.06993006958076889,0.06773226739394476,0.06493506461071397,0.06493506461071397,0.06443556411370847,0.06063936033646672,0.059940059640659044,0.059940059640659044,0.05494505467060412,0.05494505467060412,0.050849150595159126,0.049950049700549205,0.04495504473049428,0.04495504473049428,0.03996003976043936,0.03506493488978559,0.034965034790384444,0.032567432404758075,0.029970029820329522,0.029970029820329522,0.029970029820329522,0.029970029820329522,0.024975024850274603,0.024975024850274603,0.024975024850274603,0.024975024850274603,0.0220779219676428,0.01998001988021968,0.01998001988021968,0.01998001988021968,0.01998001988021968,0.01998001988021968,0.01998001988021968,0.01998001988021968,0.01998001988021968,0.016183816102977932,0.014985014910164761,0.014985014910164761,0.014985014910164761,0.014985014910164761,0.014985014910164761,0.014985014910164761,0.014985014910164761,0.012687312623939486,0.012087912027532958,0.00999000994010984
9210500,0.0,0.0,0.0,0.0,0.0,0.0,0.0,0.0,0.0,0.0,0.0,0.0,0.0,0.0,0.0,0.0,0.0,0.0,0.0,0.0,0.0,0.0,0.0,0.0,0.0,0.0,0.0,0.0,0.0,0.0,0.0,0.0,0.0,0.0,0.0,0.0,0.006593405868856592,0.010989009781427497,0.010989009781427497,0.010989009781427497,0.010989009781427497,0.010989009781427497,0.010989009781427497,0.010989009781427497,0.010989009781427497,0.010989009781427497,0.010989009781427497,0.010989009781427497,0.021978019562854993,0.021978019562854993,0.021978019562854993,0.021978019562854993,0.021978019562854993,0.021978019562854993,0.021978019562854993,0.029890106605482778,0.032967029344282486,0.032967029344282486,0.032967029344282486,0.032967029344282486,0.032967029344282486,0.032967029344282486,0.032967029344282486,0.032967029344282486,0.032967029344282486,0.04065933619128173,0.043956039125709986,0.043956039125709986,0.043956039125709986,0.043956039125709986,0.044395599516967116,0.052967027146480536,0.05494504890713748,0.05494504890713748,0.05494504890713748,0.06593405868856497,0.06593405868856497,0.06593405868856497,0.07230768436179298,0.07692306846999247,0.08791207825141997,0.08791207825141997,0.09890108803284746,0.1013186701847615,0.10989009781427496,0.12087910759570246,0.12087910759570246,0.12747251346455898,0.13186811737712995,0.14285712715855745,0.15384613693998495,0.16483514672141245,0.17582415650283995,0.1764834970897256,0.18681316628426745,0.19780217606569492,0.20879118584712242,0.20879118584712242,0.21978019562854992,0.23076920540997742,0.24175821519140492,0.2527472249728324,0.27208788218814484,0.2857142543171149,0.30153842840237055,0.31868128366139736,0.32989007363845346,0.3516483130056799,0.36263732278710736,0.3747252335466777,0.40659336191281736,0.42857138147567236,0.45054940103852736,0.4725274206013823,0.4969230223161514,0.5265933487260058,0.5494504890713748,0.5714285086342298,0.5934065281970848,0.6134065259992829,0.6270328981282529,0.6593405868856498,0.6709889372539629,0.6923076162299323,0.7050548675763882,0.7252746455742147,0.7371427761381566,0.7582416749184973,0.7683515639174106,0.7802196944813522,0.7934065062190653,0.823296612824548,0.8351647433884897,0.8461537531699173,0.8628570480376869,0.8901097922956271,0.9120878118584822,0.9340658314213371,0.9450548412027646,0.9560438509841922,0.9780218705470471,0.9780218705470471,0.9890108803284746,0.9890108803284746,0.9999998901099022,0.9912086822847603,0.9912086822847603,0.9890108803284746,0.9802196725033329,0.9780218705470471,0.9560438509841922,0.9450548412027646,0.9142856138147679,0.9010988020770547,0.8738460578191144,0.8474724343436886,0.8241757336070622,0.8131867238256347,0.7841757380026662,0.7582416749184973,0.7362636553556422,0.7257142059654719,0.7032966260113598,0.6813186064485047,0.6483515771042223,0.6193405912812538,0.587032902523857,0.5604394988528023,0.514725218162064,0.49274719859920896,0.46153841081995484,0.4323076448013578,0.4070329223040745,0.3907691878275618,0.3736263325685349,0.3516483130056799,0.3305494142253391,0.31868128366139736,0.3076922738799699,0.2857142543171149,0.2747252445356874,0.2637362347542599,0.25186810419031824,0.24175821519140492,0.23076920540997742,0.21978019562854992,0.20879118584712242,0.19428569293563822,0.18681316628426745,0.17582415650283995,0.17186811298152604,0.16483514672141245,0.15780218046129885,0.15384613693998495,0.14307690735418604,0.14197800637604327,0.13186811737712995,0.1232966897476165,0.12087910759570246,0.1156043829006173,0.10989009781427496,0.10989009781427496,0.09890108803284746,0.09626372568530492,0.08813185844704856,0.08791207825141997,0.07692306846999247,0.07692306846999247,0.07692306846999247,0.07032966260113596,0.06593405868856497,0.06593405868856497,0.05494504890713748,0.05494504890713748,0.05494504890713748,0.04879120342953814,0.046153841081995474,0.043956039125709986,0.043956039125709986,0.043956039125709986,0.04065933619128173,0.03626373227871074,0.032967029344282486,0.032967029344282486,0.031868128366139725,0.02659340367105456,0.021978019562854993,0.021978019562854993,0.021978019562854993,0.014505492911484298,0.010989009781427497,0.010989009781427497,0.010989009781427497,0.010989009781427497,0.010989009781427497,0.010989009781427497,0.010989009781427497,0.00813186723825633,0.0046153841081995675,0.0021978019562854914,0.0021978019562854914,0.0010989009781427652,0.00021978019562858428,0.0,0.0,0.0,0.0,0.0,0.0,0.0,0.0,0.0,0.0,0.0,0.0,0.0,0.0010989009781427652,0.0021978019562854914,0.0046153841081995675,0.00901098802077055,0.010989009781427497,0.010989009781427497,0.010989009781427497,0.010989009781427497,0.010989009781427497,0.01120878997705608,0.014505492911484298,0.019999997802198046,0.021978019562854993,0.021978019562854993,0.021978019562854993,0.023076920540997758,0.026373623475425975,0.031868128366139725,0.032967029344282486,0.032967029344282486,0.032967029344282486,0.032967029344282486,0.032967029344282486,0.032967029344282486,0.032967029344282486,0.03516483130056798,0.038461534234996236,0.04175823716942449,0.04285713814756722,0.043956039125709986,0.043956039125709986,0.043956039125709986,0.043956039125709986,0.04505494010385275,0.04505494010385275,0.046153841081995474,0.046153841081995474,0.04725274206013824,0.04835164303828097,0.05076922519019504,0.051648345972709224,0.05384614792899472,0.05384614792899472,0.052967027146480536,0.05186812616833777,0.05076922519019504,0.04835164303828097,0.046153841081995474,0.0452747202994813,0.043956039125709986,0.043956039125709986,0.043956039125709986,0.043956039125709986,0.043956039125709986,0.043956039125709986,0.043076918343195804,0.038901094626253366,0.034065930322425254,0.032967029344282486,0.032967029344282486,0.032967029344282486,0.032967029344282486,0.032967029344282486,0.032967029344282486,0.032967029344282486,0.02923076601859718,0.021978019562854993,0.021978019562854993,0.021978019562854993,0.021978019562854993,0.021978019562854993,0.021978019562854993,0.021978019562854993,0.021978019562854993,0.021978019562854993,0.021978019562854993,0.01890109682405528,0.014505492911484298,0.012087910759570261,0.010989009781427497,0.010989009781427497,0.010989009781427497,0.010989009781427497,0.010989009781427497,0.010989009781427497,0.010989009781427497,0.010989009781427497,0.010989009781427497,0.010989009781427497,0.010989009781427497,0.010989009781427497,0.010109888998913316,0.0,0.0,0.0,0.0,0.0,0.0,0.0,0.0,0.0,0.0,0.0,0.0,0.0,0.0,0.0,0.0,0.0,0.0
9211200,0.029605262184037806,0.02894736746883682,0.02894736746883682,0.026315788608033273,0.026315788608033273,0.026315788608033273,0.026315788608033273,0.026315788608033273,0.026315788608033273,0.026315788608033273,0.026315788608033273,0.026315788608033273,0.023684209747230095,0.023026315032029114,0.023026315032029114,0.023026315032029114,0.020394736171225936,0.019736841456024955,0.019736841456024955,0.019736841456024955,0.019736841456024955,0.019736841456024955,0.019736841456024955,0.019736841456024955,0.019736841456024955,0.019736841456024955,0.019736841456024955,0.019736841456024955,0.019736841456024955,0.019736841456024955,0.019736841456024955,0.01184210487361542,0.009868420728012478,0.007236841867208925,0.006578947152008318,0.006578947152008318,0.0039473682912051404,0.0039473682912051404,0.0039473682912051404,0.0039473682912051404,0.0006578947152009814,0.0,0.0,0.0,0.0,0.0,0.0,0.0,0.0039473682912051404,0.0006578947152009814,0.0039473682912051404,0.006578947152008318,0.01118421015841444,0.019736841456024955,0.019736841456024955,0.019736841456024955,0.026315788608033273,0.030263156899238412,0.0335526304752422,0.03684210405124673,0.04671052477925921,0.04934210364006238,0.049999998355263364,0.0559210507920707,0.05657894550727168,0.05921052436807486,0.05921052436807486,0.05921052436807486,0.05921052436807486,0.06249999794407902,0.06578947152008317,0.07302631338729249,0.07894736582409982,0.08421052354570654,0.09999999671052673,0.1355263113313715,0.14539473205938397,0.1598684157938022,0.19407894098424538,0.19407894098424538,0.19407894098424538,0.23749999218750042,0.2874999905427638,0.30986841085959194,0.33289472589162106,0.3453947254804367,0.36513156693646165,0.3815789348164824,0.40526314456371254,0.4249999860197375,0.43815788032375413,0.4407894591845573,0.4407894591845573,0.44144735389975825,0.4513157746277708,0.4585526164949801,0.4736841949445989,0.4809210368118078,0.5171052461478539,0.5328947193126737,0.5526315607686987,0.5624999814967112,0.6131578745671759,0.7269736602969191,0.7335526074489275,0.7526315541897521,0.7934210265322033,0.8144736574186299,0.8223683940010398,0.8263157622922449,0.8355262883050564,0.8361841830202573,0.8302631305834497,0.8263157622922449,0.8256578675770438,0.8263157622922449,0.8256578675770438,0.8223683940010398,0.8131578679882282,0.8124999732730273,0.8124999732730273,0.8072368155514206,0.8032894472602158,0.8032894472602158,0.8032894472602158,0.8032894472602158,0.8072368155514206,0.8072368155514206,0.8032894472602158,0.8032894472602158,0.7999999736842116,0.786184184664994,0.7828947110889898,0.7717105009305758,0.7631578696329648,0.7552631330505549,0.7552631330505549,0.7631578696329648,0.7717105009305758,0.7828947110889898,0.7828947110889898,0.7999999736842116,0.8032894472602158,0.80657892083622,0.80657892083622,0.8131578679882282,0.80657892083622,0.8006578683994122,0.8006578683994122,0.8124999732730273,0.8302631305834497,0.837499972450659,0.848026287893872,0.8592104980522864,0.8631578663434912,0.8631578663434912,0.8631578663434912,0.8631578663434912,0.8631578663434912,0.8717104976411021,0.8717104976411021,0.8874999708059219,0.8986841809643363,0.9013157598251396,0.911184180553152,0.9026315492555411,0.9026315492555411,0.9026315492555411,0.9013157598251396,0.8986841809643363,0.9013157598251396,0.9026315492555411,0.9236841801419692,0.9881578622316493,0.9947368093836576,0.9999999671052643,0.9999999671052643,0.9999999671052643,0.9999999671052643,0.9999999671052643,0.9881578622316493,0.8894736549515245,0.848684182609073,0.7914473423866007,0.7506578700441492,0.6881578721000702,0.6447368208968155,0.6348684001688026,0.622368400579987,0.6157894534279788,0.6157894534279788,0.6131578745671752,0.6059210326999662,0.5953947172567527,0.5888157701047445,0.5835526123831377,0.5835526123831377,0.5888157701047445,0.5901315595351464,0.5953947172567527,0.5973684014023554,0.5953947172567527,0.5953947172567527,0.5953947172567527,0.5953947172567527,0.5953947172567527,0.5927631383959496,0.5921052436807486,0.5894736648199455,0.5888157701047445,0.5894736648199455,0.5921052436807486,0.5999999802631589,0.6052631379847653,0.6052631379847653,0.6085526115607695,0.622368400579987,0.6282894530167944,0.6282894530167944,0.6282894530167944,0.622368400579987,0.6059210326999662,0.602631559123962,0.602631559123962,0.6052631379847653,0.6052631379847653,0.5934210331111506,0.5894736648199455,0.5736841916551256,0.5480262977622933,0.5230262985846613,0.5197368250086571,0.5131578778566488,0.5131578778566488,0.5032894571286364,0.4914473522550213,0.4710526160837957,0.4434210380453612,0.41644735472212696,0.4111841970005199,0.3967105132661016,0.33618419946762557,0.3124999897203951,0.3013157795619814,0.29276314826437017,0.2848684116819606,0.2717105173779436,0.2572368336435254,0.25065788649151705,0.2401315710483036,0.23684209747229945,0.23421051861149628,0.2309210450354921,0.21118420357946716,0.207236835288262,0.20394736171225786,0.20394736171225786,0.19736841456024953,0.19736841456024953,0.19473683569944636,0.1848684149714339,0.1842105202562329,0.18092104668022874,0.18092104668022874,0.17828946781942556,0.1743420995282204,0.1684210470914131,0.1684210470914131,0.17105262595221626,0.17499999424342141,0.1776315731042246,0.18092104668022874,0.1842105202562329,0.1842105202562329,0.1842105202562329,0.1842105202562329,0.1842105202562329,0.18749999383223706,0.18749999383223706,0.1907894674082412,0.1907894674082412,0.19736841456024953,0.1980263092754505,0.2006578881362537,0.207236835288262,0.21052630886426618,0.21184209829466813,0.2236842031682828,0.2236842031682828,0.2243420978834838,0.22763157145948795,0.2309210450354921,0.23355262389629527,0.23684209747229945,0.23684209747229945,0.24078946576350457,0.2565789389283244,0.2605263072195295,0.27631578038434934,0.2828947275363577,0.2828947275363577,0.2828947275363577,0.2828947275363577,0.2861842011123618,0.2861842011123618,0.2861842011123618,0.28815788525796476,0.2960526218403743,0.2960526218403743,0.2861842011123618,0.2861842011123618,0.2861842011123618,0.2861842011123618,0.2861842011123618,0.2861842011123618,0.28355262225155864,0.2828947275363577,0.2802631486755545,0.27434209623874717,0.27434209623874717,0.2802631486755545,0.28355262225155864,0.28355262225155864,0.2802631486755545,0.2802631486755545,0.2802631486755545,0.2677631490867385,0.2638157807955337,0.25131578120671805,0.24078946576350457,0.23684209747229945,0.2309210450354921,0.2243420978834838,0.21381578244027033,0.20394736171225786,0.1986842039906515,0.18421052025623327,0.17828946781942556,0.1684210470914131,0.16776315237621212,0.16513157351540855,0.16513157351540855,0.16447367880020794,0.16184209993940477,0.16184209993940477,0.15855262636340062,0.15789473164819964,0.15855262636340062,0.15855262636340062,0.15789473164819964,0.15789473164819964,0.15460525807219547,0.14605262677458497,0.144736837344183,0.14210525848337982,0.13815789019217467,0.13815789019217467,0.13815789019217467,0.13815789019217467,0.12697368003376097,0.12236841702735486,0.1190789434513507,0.1190789434513507,0.11315789101454299,0.1190789434513507,0.1190789434513507
9217000,0.06770480474932958,0.06770480474932958,0.06770480474932958,0.06770480474932958,0.06770480474932958,0.06770480474932958,0.06770480474932958,0.06770480474932958,0.06770480474932958,0.06770480474932958,0.06770480474932958,0.06770480474932958,0.06770480474932958,0.06770480474932958,0.06770480474932958,0.06770480474932958,0.06770480474932958,0.040622882849598516,0.040622882849598516,0.040622882849598516,0.03385240237466479,0.040622882849598516,0.040622882849598516,0.040622882849598516,0.040622882849598516,0.06770480474932958,0.06770480474932958,0.07109004498679644,0.10155720712399435,0.10155720712399435,0.10155720712399435,0.13540960949865916,0.13540960949865916,0.13540960949865916,0.14082599387860598,0.16926201187332393,0.16926201187332393,0.16926201187332393,0.1895734532981228,0.2031144142479887,0.2031144142479887,0.2031144142479887,0.2031144142479887,0.2031144142479887,0.2031144142479887,0.2031144142479887,0.2369668166226535,0.2369668166226535,0.2369668166226535,0.2369668166226535,0.2369668166226535,0.2708192189973183,0.2708192189973183,0.2708192189973183,0.27352741118729135,0.2904536123746241,0.30467162137198306,0.30467162137198306,0.30467162137198306,0.30467162137198306,0.32498306279678196,0.33852402374664786,0.37237642612131266,0.3757616663587795,0.4062288284959774,0.4096140687334439,0.4400812308706422,0.4400812308706422,0.4400812308706422,0.4400812308706422,0.4603926722954411,0.473933633245307,0.473933633245307,0.48408935395770647,0.49153688248013283,0.5077860356199718,0.5077860356199718,0.5247122368073042,0.5423154860421296,0.5673662637993819,0.5809072247492478,0.61205143493394,0.6431956451186309,0.6431956451186309,0.6601218463059634,0.6675693748283897,0.6770480474932957,0.6844955760157221,0.7075152096304941,0.7183479783903869,0.7285036991027863,0.7386594198151858,0.7488151405275852,0.7555856210025181,0.7616790534299577,0.7792823026647835,0.7928232636146495,0.8070412726120089,0.8124576569919548,0.8138117530869414,0.8293838581792873,0.8436018671766466,0.8537575878890461,0.870006741028885,0.8876099902637109,0.8943804707386435,0.9011509512135768,0.9038591434035498,0.9011509512135768,0.8977657109761102,0.9011509512135768,0.9038591434035498,0.9045361914510432,0.9045361914510432,0.9079214316885097,0.9106296238784828,0.9180771524009091,0.9180771524009091,0.9119837199734696,0.9079214316885097,0.8977657109761102,0.8903181824536839,0.8903181824536839,0.8903181824536839,0.8916722785486704,0.9079214316885097,0.9119837199734696,0.9214623926383753,0.9248476328758422,0.9275558250658151,0.9275558250658151,0.9275558250658151,0.9275558250658151,0.9289099211608021,0.9289099211608021,0.935680401635735,0.935680401635735,0.935680401635735,0.942450882110668,0.9532836508705609,0.9654705157254398,0.9688557559629063,0.9688557559629063,0.9688557559629063,0.9654705157254398,0.9620852754879734,0.9614082274404799,0.9614082274404799,0.9614082274404799,0.9620852754879734,0.9647934676779464,0.9654705157254398,0.9688557559629063,0.9742721403428528,0.9878131012927183,0.9986458700526112,0.9999999661475977,0.9986458700526112,0.9796885247227992,0.9729180442478659,0.9715639481528794,0.9688557559629063,0.9654705157254398,0.9688557559629063,0.9654705157254398,0.9688557559629063,0.9620852754879734,0.9559918430605339,0.9546377469655469,0.9444820262531476,0.9309410653032816,0.9275558250658151,0.9282328731133086,0.933649257493255,0.9546377469655469,0.9634393715829603,0.9715639481528794,0.9783344286278123,0.9810426208177857,0.9783344286278123,0.9715639481528794,0.9580229872030138,0.930941065303282,0.9140148641159496,0.8943804707386438,0.8537575878890461,0.8023019362795555,0.7535544768600386,0.7237643627703337,0.7237643627703337,0.7237643627703337,0.7535544768600386,0.8023019362795555,0.7427217081001461,0.6932972006331355,0.6431956451186314,0.6371022126911914,0.6723087111608439,0.8023019362795555,0.8171969933244086,0.8544346359365396,0.8950575187861373,0.9187542004484026,0.9153689602109362,0.8950575187861373,0.8659444527439258,0.8544346359365396,0.8503723476515795,0.8307379542742745,0.8063642245645154,0.8029789843270488,0.7887609753296895,0.7887609753296895,0.8029789843270488,0.8023019362795555,0.7887609753296895,0.777251158522304,0.7427217081001461,0.7318889393402525,0.6932972006331355,0.5822613208442351,0.5226810926648247,0.45971562424794843,0.41976978944584337,0.3865944351186724,0.37237642612131266,0.3588354651714467,0.33920107179414133,0.31753553427435594,0.29451590065958366,0.2918077084696106,0.28774542018465066,0.28774542018465066,0.2809749397097177,0.2708192189973183,0.2613405463324123,0.2511848256200129,0.2349356724801739,0.22748814395774752,0.22410290372028105,0.22071766348281457,0.2200406154353211,0.2200406154353211,0.21462423105537468,0.20379146229548217,0.19228164548809584,0.19228164548809584,0.18686526110814977,0.2031144142479887,0.2031144142479887,0.2031144142479887,0.2031144142479887,0.2031144142479887,0.2031144142479887,0.2031144142479887,0.2004062220580157,0.18618821306065633,0.1834800208706833,0.1834800208706833,0.18618821306065633,0.18686526110814977,0.19025050134561586,0.19363574158308272,0.19702098182054922,0.19972917401052223,0.19702098182054922,0.19363574158308272,0.19972917401052223,0.2031144142479887,0.2031144142479887,0.2031144142479887,0.2064996544854552,0.20988489472292168,0.21800947129284115,0.21800947129284115,0.22410290372028105,0.22681109591025406,0.22681109591025406,0.23155043224270744,0.24373729709758646,0.24441434514507954,0.25727825804745236,0.2579553060949458,0.26201759437990574,0.2681110268073453,0.29451590065958366,0.30467162137198306,0.30467162137198306,0.3121191498944095,0.3148273420843825,0.315504390131876,0.3188896303693424,0.315504390131876,0.3121191498944095,0.315504390131876,0.3195666784168359,0.32498306279678196,0.3317535432717149,0.3358158315566748,0.3358158315566748,0.33920107179414133,0.3358158315566748,0.3358158315566748,0.3358158315566748,0.33920107179414133,0.3358158315566748,0.3358158315566748,0.3358158315566748,0.33513878350918136,0.33513878350918136,0.3317535432717149,0.3317535432717149,0.3317535432717149,0.32633715889176845,0.31685848622686286,0.30467162137198306,0.30467162137198306,0.2884224682321445,0.30467162137198306,0.30467162137198306,0.30467162137198306,0.30467162137198306,0.30467162137198306,0.30467162137198306,0.30467162137198306,0.30467162137198306,0.30467162137198306,0.2884224682321445,0.2708192189973183,0.24983072952502636,0.23358157638518703,0.20582260643796252,0.2031144142479887,0.16926201187332393,0.15233581068599192,0.13540960949865916,0.13540960949865916,0.10358835126647432,0.10155720712399435,0.10155720712399435,0.10155720712399435,0.10155720712399435,0.09343263055407489,0.07786052546172939,0.0717670930342895,0.06838185279682302,0.03385240237466479,0.03385240237466479,0.03385240237466479,0.03385240237466479,0.03385240237466479,0.03385240237466479,0.03385240237466479,0.03385240237466479,0.03385240237466479,0.03385240237466479,0.006770480474933727,0.0,0.0,0.0,0.0,0.0,0.0,0.0,0.006770480474933727,0.03385240237466479
9223000,0.0,0.0,0.00010498687112929587,0.0005249343556464886,0.0005249343556464886,0.0005249343556464886,0.0005249343556464886,0.0005249343556464886,0.0005249343556464886,0.00010498687112929587,0.0005249343556464886,0.0005249343556464886,0.0005249343556464886,0.0005249343556464886,0.0005249343556464886,0.0005249343556464886,0.0005249343556464886,0.0005249343556464886,0.0005249343556464886,0.0005249343556464886,0.0005249343556464886,0.0005249343556464886,0.0005669291040982126,0.0015748030669394753,0.0015748030669394753,0.0015748030669394753,0.0017742781220851337,0.002204724293715269,0.0026246717782324527,0.0026246717782324527,0.0026246717782324527,0.0026246717782324527,0.0026246717782324527,0.0026246717782324527,0.0026246717782324527,0.0026246717782324527,0.0026246717782324527,0.0026246717782324527,0.0026246717782324527,0.0026246717782324527,0.0026246717782324527,0.0026246717782324527,0.0026246717782324527,0.0026246717782324527,0.0026246717782324527,0.0026246717782324527,0.0026246717782324527,0.0026246717782324527,0.0026246717782324527,0.0026246717782324527,0.0026246717782324527,0.0026246717782324527,0.0026246717782324527,0.0026246717782324527,0.0026246717782324527,0.0026246717782324527,0.0026246717782324527,0.0026246717782324527,0.0026246717782324527,0.0026246717782324527,0.004199474845171928,0.005774277912111394,0.007874015334697358,0.007874015334697358,0.007874015334697358,0.007874015334697358,0.007874015334697358,0.007874015334697358,0.007874015334697358,0.013123358891162262,0.013123358891162262,0.013123358891162262,0.013123358891162262,0.013123358891162262,0.01732283373633419,0.01837270244762717,0.01837270244762717,0.018477689318756464,0.023622046004092075,0.023622046004092075,0.023832019746350692,0.028871389560556977,0.028871389560556977,0.028871389560556977,0.0337007856325047,0.034120733117021886,0.03937007667348679,0.03937007667348679,0.042519682807365775,0.044619420229951696,0.049868763786416595,0.0551181073428815,0.0551181073428815,0.060367450899346406,0.060367450899346406,0.06561679445581131,0.06561679445581131,0.07086613801227622,0.07611548156874112,0.08136482512520603,0.09186351223813584,0.10257217309332425,0.11244093897947828,0.12346456044805458,0.13910760424632,0.1601049784721796,0.17459316668802277,0.18635169625450412,0.1977952652075977,0.21784775759329356,0.2335957882626883,0.24514434408691116,0.2650918496014777,0.2710761012558478,0.2923884360950953,0.3219947337535573,0.3438320029484513,0.36556428527221607,0.39023619998760106,0.41228344292475366,0.43905509506272467,0.4750655918600739,0.5013123096423985,0.5443569268054107,0.58635167525713,0.6220472114410912,0.6535432727798807,0.6850393341186701,0.6955380212315999,0.7165353954574596,0.7280839512816825,0.7543306690640069,0.7847768616915033,0.7963254175157262,0.8173227917415858,0.8435695095239103,0.8698162273062349,0.8908136015320944,0.910761107046661,0.9380576935402785,0.9590550677661381,0.9695537548790679,0.9905511291049275,0.9999999475065644,0.9958004726613925,0.9905511291049275,0.9842519168371697,0.9580051990548452,0.9538057242096732,0.9433070370967434,0.9265091377160557,0.911810975757954,0.8845143892643365,0.8530183279255471,0.8320209536996874,0.8110235794738279,0.7753280432898666,0.7375327696833192,0.7007873647880648,0.6745406470057403,0.6430445856669509,0.6220472114410912,0.6010498372152316,0.5653543010312704,0.5328083709811878,0.4918634912407617,0.4645669047471441,0.43412071211964776,0.40682412562603015,0.38257215839516234,0.3648293771743109,0.3460367272421666,0.326824129825505,0.30708659805319694,0.2913385673838022,0.27706035291021774,0.2625721646943746,0.25417321500403073,0.23884513181915318,0.22309710114975848,0.21259841403682866,0.20209972692389885,0.19118109232645186,0.18110235269803923,0.17081363932736804,0.1665091776110668,0.1601049784721796,0.1548556349157147,0.1496062913592498,0.14435694780278488,0.13501311627227738,0.12976377271581252,0.12335957357692527,0.11811023002046037,0.11328083394851268,0.10708660855188405,0.10236219935106565,0.09238844659378237,0.08734907677957604,0.08619422119715375,0.08136482512520603,0.07611548156874112,0.07097112488340554,0.06845143997630238,0.06561679445581131,0.06047243777047572,0.05774277912111395,0.0551181073428815,0.052598422435778364,0.0493438294307701,0.044619420229951696,0.040944879740426265,0.03937007667348679,0.037270339250900834,0.034120733117021886,0.034120733117021886,0.030131232014108576,0.028871389560556977,0.023622046004092075,0.021837269194894024,0.01837270244762717,0.017532807478592802,0.015223096313748227,0.013123358891162262,0.013123358891162262,0.013123358891162262,0.011023621468576298,0.009973752757283322,0.007979002205826653,0.007874015334697358,0.007874015334697358,0.0074540678501801745,0.006824146623404381,0.006404199138887197,0.006404199138887197,0.005774277912111394,0.0052493435564649055,0.0052493435564649055,0.0052493435564649055,0.004724409200818416,0.0052493435564649055,0.0052493435564649055,0.005774277912111394,0.006824146623404381,0.006824146623404381,0.007874015334697358,0.007874015334697358,0.007874015334697358,0.007874015334697358,0.008398949690343846,0.008923884045990335,0.009973752757283322,0.010498687112929811,0.012598424535515775,0.013123358891162262,0.013123358891162262,0.013123358891162262,0.013123358891162262,0.013123358891162262,0.01679789938068769,0.017532807478592802,0.01837270244762717,0.01837270244762717,0.01837270244762717,0.018582676189885787,0.023097111648445585,0.023622046004092075,0.023622046004092075,0.023622046004092075,0.023622046004092075,0.023622046004092075,0.023832019746350692,0.024776901586514365,0.026246717782324524,0.027926507720393307,0.028871389560556977,0.028871389560556977,0.028871389560556977,0.028871389560556977,0.028871389560556977,0.028871389560556977,0.028871389560556977,0.028871389560556977,0.028871389560556977,0.028871389560556977,0.028871389560556977,0.028871389560556977,0.028871389560556977,0.028871389560556977,0.028871389560556977,0.028871389560556977,0.028871389560556977,0.028871389560556977,0.028871389560556977,0.028871389560556977,0.028871389560556977,0.028871389560556977,0.028871389560556977,0.028871389560556977,0.028871389560556977,0.028871389560556977,0.028871389560556977,0.028871389560556977,0.027821520849264002,0.027296586493617502,0.02435695410199718,0.023622046004092075,0.023622046004092075,0.023622046004092075,0.023622046004092075,0.023622046004092075,0.023622046004092075,0.023622046004092075,0.023622046004092075,0.023622046004092075,0.018792649932144398,0.01837270244762717,0.01837270244762717,0.01837270244762717,0.01837270244762717,0.01837270244762717,0.01837270244762717,0.01837270244762717,0.01837270244762717,0.01837270244762717,0.01837270244762717,0.01837270244762717,0.01837270244762717,0.01837270244762717,0.01837270244762717,0.01837270244762717,0.01837270244762717,0.01837270244762717,0.01837270244762717,0.01837270244762717,0.01837270244762717,0.01837270244762717,0.01837270244762717,0.013648293246808798,0.013123358891162262,0.013123358891162262,0.013123358891162262,0.013123358891162262,0.013123358891162262,0.013123358891162262,0.013123358891162262,0.013123358891162262,0.013123358891162262,0.013123358891162262,0.011128608339705595,0.007979002205826653,0.007874015334697358,0.007874015334697358,0.007874015334697358,0.007874015334697358,0.007874015334697358,0.007874015334697358,0.007874015334697358,0.007349080979050869,0.0052493435564649055,0.0026246717782324527,0.0026246717782324527,0.0026246717782324527,0.0026246717782324527,0.0026246717782324527,0.0026246717782324527
9224700,0.12329325743280592,0.12329325743280592,0.12358500674050307,0.12708599843286866,0.13058699012523411,0.13058699012523411,0.13058699012523411,0.13058699012523411,0.13058699012523411,0.13058699012523411,0.13058699012523411,0.13058699012523411,0.13058699012523411,0.13058699012523411,0.1311704887406284,0.13788072281766228,0.13788072281766228,0.13788072281766228,0.14254871174081635,0.14517445551009045,0.14517445551009045,0.15246818820251865,0.15246818820251865,0.1539269347410044,0.1597619208949468,0.1597619208949468,0.1597619208949468,0.167055653587375,0.167055653587375,0.167055653587375,0.17434938627980318,0.17434938627980318,0.1793091245106544,0.18164311897223134,0.18893685166465954,0.18893685166465954,0.1962305843570877,0.1962305843570877,0.20352431704951587,0.20352431704951587,0.20352431704951587,0.20906755389576134,0.21081804974194407,0.21461079074200679,0.21811178243437224,0.22540551512680043,0.22540551512680043,0.23153225058844012,0.2326992478192286,0.23999298051165674,0.24728671320408493,0.25458044589651313,0.2618741785889413,0.27646164397379763,0.291049109358654,0.3129303074359385,0.31905704289757825,0.3348115055132231,0.3493989708980794,0.36398643628293575,0.37857390166779215,0.40774883243750487,0.43108877705327514,0.46143070505377637,0.5132162071700166,0.5682109516709247,0.5827984170557812,0.597531757094486,0.6119733478254938,0.6353132924412641,0.6484420112876348,0.6776169420573475,0.7140856055194883,0.7140856055194883,0.7651417343664856,0.7870229324437701,0.8016103978286265,0.823491595905911,0.8249503424443968,0.8526665266756237,0.8599602593680519,0.8745477247529082,0.8818414574453365,0.8964289228301928,0.9183101209074773,0.9256038535999055,0.9328975862923337,0.9328975862923337,0.9328975862923337,0.9270626001383913,0.9256038535999055,0.9183101209074773,0.8964289228301928,0.8833002039838223,0.8818414574453365,0.876006471291394,0.876006471291394,0.8818414574453365,0.8818414574453365,0.876006471291394,0.8745477247529082,0.8745477247529082,0.8745477247529082,0.8745477247529082,0.8745477247529082,0.876006471291394,0.8818414574453365,0.8818414574453365,0.8818414574453365,0.8818414574453365,0.876006471291394,0.86725399206048,0.8599602593680519,0.8526665266756237,0.8526665266756237,0.8468315405216813,0.8526665266756237,0.8614190059065376,0.8687127385989658,0.8818414574453365,0.8847589505223079,0.8964289228301928,0.8964289228301928,0.9139338812920207,0.9328975862923337,0.9547787843696183,0.9547787843696183,0.9562375309081039,0.9766599824469028,0.9766599824469028,0.9766599824469028,0.9766599824469028,0.9839537151393309,0.9839537151393309,0.9868712082163025,0.999999927062673,0.9839537151393309,0.9839537151393309,0.9854124616778167,0.9854124616778167,0.9854124616778167,0.9854124616778167,0.9854124616778167,0.9854124616778167,0.9854124616778167,0.9839537151393309,0.9839537151393309,0.9781187289853885,0.9766599824469028,0.9620725170620464,0.9620725170620464,0.9547787843696183,0.9256038535999055,0.9110163882150492,0.903722655522621,0.8818414574453365,0.8687127385989658,0.8526665266756237,0.8249503424443968,0.8103628770595405,0.7797291997513419,0.7651417343664856,0.7461780293661726,0.7088341179809404,0.6815555577112588,0.6484420112876348,0.6265608132103502,0.6096393533639168,0.5973858824406375,0.5749211857479587,0.5682109516709247,0.5536234862860684,0.5450168817090032,0.539036020901212,0.5311587895933897,0.5197805665932018,0.5034426053621626,0.49687824593897717,0.4879798920542148,0.48068615936178666,0.4674115658615675,0.4548663456305909,0.4405706295534317,0.4296300305147894,0.41387556789914454,0.4019138462835624,0.3873263808987061,0.3841171385140376,0.3720095422446068,0.36398643628293575,0.3493989708980794,0.33860424651328574,0.3356867534363145,0.32109928805145815,0.31891116824372967,0.3129303074359385,0.30651182266660176,0.2992180899741736,0.288715114897077,0.27646164397379763,0.26916791128136947,0.25458044589651313,0.24611971597329643,0.23284512247307718,0.22044577689594927,0.2065876847803358,0.18981209958775092,0.167055653587375,0.1565526785102785,0.14517445551009045,0.13160811270217407,0.1270859984328686,0.10870579204794957,0.10170380866321854,0.09441007597079037,0.08011435989363117,0.07223712858580868,0.06319290004719776,0.05764966320095232,0.051756327185470366,0.04933480793158421,0.04266833625070487,0.03883183285448763,0.03433889351595187,0.03142140043898059,0.02755572211199366,0.024857041015795226,0.021283111996505427,0.017315321411824496,0.011757497100194225,0.008052280892440707,0.003909440723141523,0.00277161842312271,0.0022902320654224514,0.00163379612310392,0.0004376239615457105,0.0,0.0,0.0004376239615457105,0.0004376239615457105,0.00163379612310392,0.00294666800774098,0.005601586707784836,0.006739409007803646,0.008052280892440707,0.010240400700169159,0.010240400700169159,0.010736374523254282,0.011115648623260553,0.011888784288657942,0.013187068707910157,0.013887267046383248,0.013974791838692388,0.01452911552331694,0.01689228491566367,0.019430503892628667,0.0220270727311331,0.02347123180423388,0.026242850227356587,0.02862060708508818,0.03358034531593933,0.03872972059679363,0.04183685072376802,0.043208072469944535,0.04837203521618369,0.0505018051623727,0.0536526976855017,0.05522814394706616,0.05692028993170951,0.05764966320095232,0.0630470253933492,0.0649433958933805,0.06508927054722906,0.07223712858580868,0.07223712858580868,0.0763216188935685,0.07953086127823686,0.07996848523978259,0.08682459397066504,0.08740809258605935,0.09455595062463895,0.10141205935552139,0.10432955243249273,0.10870579204794957,0.11191503443261798,0.11599952474037775,0.12329325743280592,0.13058699012523411,0.13569260300993383,0.14094409054848214,0.14517445551009045,0.1518846895871244,0.15246818820251865,0.15319756147176147,0.15334343612561002,0.15392693474100427,0.1562609292025813,0.1597619208949468,0.16180416604882678,0.16442990981810088,0.16442990981810088,0.1658886563565865,0.167055653587375,0.1720153918182262,0.17434938627980318,0.17434938627980318,0.17434938627980318,0.17464113558750033,0.17464113558750033,0.17434938627980318,0.17434938627980318,0.17434938627980318,0.1720153918182262,0.16793090151046647,0.167055653587375,0.167055653587375,0.167055653587375,0.167055653587375,0.167055653587375,0.16472165912579803,0.16019954485649257,0.1597619208949468,0.1597619208949468,0.1597619208949468,0.1597619208949468,0.1597619208949468,0.1597619208949468,0.1568444278179756,0.15261406285636722,0.15246818820251865,0.15246818820251865,0.15378106008715575,0.15261406285636722,0.15246818820251865,0.15246818820251865,0.15246818820251865,0.15246818820251865,0.15246818820251865,0.15246818820251865,0.15246818820251865,0.15246818820251865,0.15246818820251865,0.14750844997166757,0.14517445551009045,0.14517445551009045,0.14517445551009045,0.14517445551009045,0.14517445551009045,0.14517445551009045,0.14517445551009045,0.13890184539460232,0.13788072281766228,0.13788072281766228,0.13788072281766228,0.13788072281766228,0.13788072281766228,0.13788072281766228,0.13788072281766228,0.13788072281766228,0.13788072281766228,0.13788072281766228,0.13788072281766228,0.13233748597141687,0.13058699012523411,0.13058699012523411,0.13058699012523411
9234500,0.38235292711937774,0.37941175075692113,0.37573528030385017,0.36911763348832227,0.36764704530709397,0.36470586894463736,0.363970574854023,0.36470586894463736,0.36470586894463736,0.36911763348832227,0.37573528030385017,0.3786764566663068,0.3786764566663068,0.38235292711937774,0.38235292711937774,0.383823515300606,0.40882351438148906,0.4308823370999143,0.4345588075529852,0.4345588075529852,0.4374999839154418,0.4374999839154418,0.43823527800605616,0.43823527800605616,0.44117645436851277,0.43823527800605616,0.4279411607374573,0.43823527800605616,0.442647042549741,0.4522058657277256,0.5522058620512553,0.5588235088667828,0.5588235088667828,0.5955882133974922,0.5955882133974922,0.5955882133974922,0.5955882133974922,0.5955882133974922,0.5955882133974922,0.5955882133974922,0.5661764497729256,0.5522058620512553,0.5397058625108138,0.5330882156952862,0.5154411575205459,0.4823529234429074,0.4308823370999143,0.40441174983780337,0.3897058680255196,0.38602939757244864,0.3367646935012982,0.2610294021680367,0.23897057944961106,0.23235293263408355,0.20220587491890168,0.16617646447880663,0.12941175994809723,0.12867646585748288,0.12132352495134101,0.11029411359212819,0.08970587905493126,0.062499997702205976,0.05882352724913503,0.055147056796064096,0.05147058634299315,0.04044117498378034,0.036764704530709395,0.03308823407763846,0.03308823407763846,0.025735293171496577,0.022058822718425637,0.018382352265354698,0.011029411359212819,0.008088234996755816,0.007352940906141879,0.007352940906141879,0.0036764704530709395,0.000735294090614355,0.0,0.000735294090614355,0.0,0.000735294090614355,0.0036764704530709395,0.0036764704530709395,0.0036764704530709395,0.007352940906141879,0.007352940906141879,0.007352940906141879,0.014705881812283758,0.04852940998053657,0.05588235088667845,0.06617646815527692,0.07352940906141879,0.07720587951448973,0.07720587951448973,0.08088234996756068,0.0845588204206316,0.08823529087370255,0.08897058496431691,0.09191176132677349,0.09264705541738784,0.09264705541738784,0.09558823177984443,0.09926470223291536,0.09926470223291536,0.09926470223291536,0.09926470223291536,0.09926470223291536,0.09926470223291536,0.09926470223291536,0.09926470223291536,0.09926470223291536,0.09926470223291536,0.09926470223291536,0.09926470223291536,0.09926470223291536,0.09926470223291536,0.09926470223291536,0.09999999632352972,0.09926470223291536,0.09926470223291536,0.1029411726859863,0.1029411726859863,0.1029411726859863,0.10661764313905725,0.10661764313905725,0.10661764313905725,0.11397058404519912,0.12352940722318366,0.15367646493836554,0.17279411129433417,0.20220587491890168,0.22058822718425639,0.22794116809039824,0.23235293263408355,0.2536764612618948,0.2683823430741786,0.28014704852400574,0.30735292987673063,0.34558822258866834,0.38161763302876334,0.4345588075529852,0.5080882166144041,0.6323529179282016,0.7499999724264717,0.7867646769571819,0.8897058496431673,0.8897058496431673,0.8897058496431673,0.8970587905493093,0.9264705541738768,0.9264705541738768,0.9264705541738768,0.9264705541738768,0.9264705541738768,0.9264705541738768,0.9264705541738768,0.9264705541738768,0.9264705541738768,0.9264705541738768,0.8897058496431673,0.8897058496431673,0.8897058496431673,0.8897058496431673,0.8897058496431673,0.8897058496431673,0.8897058496431673,0.7867646769571819,0.7499999724264717,0.7058823269896204,0.7058823269896204,0.7058823269896204,0.7058823269896204,0.7058823269896204,0.7058823269896204,0.7058823269896204,0.7058823269896204,0.7058823269896204,0.7058823269896204,0.7058823269896204,0.7058823269896204,0.7058823269896204,0.7058823269896204,0.7058823269896204,0.7058823269896204,0.7058823269896204,0.7058823269896204,0.7058823269896204,0.7058823269896204,0.7058823269896204,0.7058823269896204,0.7058823269896204,0.7058823269896204,0.7058823269896204,0.7132352678957631,0.7426470315203298,0.7426470315203298,0.7426470315203298,0.7426470315203298,0.7132352678957631,0.7058823269896204,0.7058823269896204,0.7058823269896204,0.7058823269896204,0.5955882133974922,0.5955882133974922,0.5955882133974922,0.5661764497729256,0.5661764497729256,0.5661764497729256,0.5661764497729256,0.5955882133974922,0.6323529179282016,0.6764705633650537,0.7058823269896204,0.7058823269896204,0.7058823269896204,0.7058823269896204,0.7058823269896204,0.7058823269896204,0.7132352678957631,0.7794117360510392,0.7794117360510392,0.7794117360510392,0.7867646769571819,0.8161764405817485,0.8161764405817485,0.8161764405817485,0.8161764405817485,0.852941145112458,0.9264705541738768,0.9632352587045862,0.9632352587045862,0.9632352587045862,0.9999999632352956,0.9999999632352956,0.9999999632352956,0.9999999632352956,0.9999999632352956,0.9999999632352956,0.9999999632352956,0.9999999632352956,0.9999999632352956,0.9999999632352956,0.9999999632352956,0.9999999632352956,0.9999999632352956,0.9999999632352956,0.9999999632352956,0.9999999632352956,0.9999999632352956,0.9632352587045862,0.9632352587045862,0.9338234950800195,0.8970587905493093,0.8897058496431673,0.7499999724264717,0.7426470315203298,0.6764705633650537,0.6397058588343443,0.602941154303634,0.5955882133974922,0.5588235088667828,0.5558823325043263,0.551470567960641,0.5374999802389715,0.5220588043360734,0.47720586480860944,0.3772058684850785,0.3573529280384955,0.3470588107698966,0.32794116441392795,0.31838234123594344,0.27647057807093484,0.2727941076178639,0.2551470494431231,0.23676469717776844,0.21911763900302808,0.21911763900302808,0.21691175673118543,0.21397058036872885,0.2058823453719726,0.2058823453719726,0.20220587491890168,0.20220587491890168,0.20220587491890168,0.19852940446583073,0.19852940446583073,0.1948529340127598,0.19117646355968887,0.1808823462910904,0.1764705817474051,0.1764705817474051,0.1764705817474051,0.17279411129433417,0.17279411129433417,0.1691176408412632,0.16029411175389346,0.14338234766976665,0.1397058772166957,0.13235293631055384,0.12941175994809723,0.12941175994809723,0.12573528949502588,0.12573528949502588,0.12573528949502588,0.12499999540441195,0.12499999540441195,0.12499999540441195,0.12132352495134101,0.12132352495134101,0.12132352495134101,0.11764705449827007,0.11764705449827007,0.12132352495134101,0.12132352495134101,0.12132352495134101,0.12499999540441195,0.12499999540441195,0.12499999540441195,0.12499999540441195,0.12499999540441195,0.12941175994809723,0.13455881858239646,0.14338234766976665,0.16985293493187759,0.18602940492538964,0.20735293355320092,0.21691175673118543,0.22132352127487073,0.22426469763732731,0.22794116809039824,0.22794116809039824,0.22794116809039824,0.22794116809039824,0.22867646218101262,0.23529410899654013,0.2455882262651386,0.25735293171496576,0.2911764598832186,0.31029410623918724,0.33088234077638456,0.33088234077638456,0.3382352816825264,0.3382352816825264,0.3382352816825264,0.3426470462262117,0.34999998713235364,0.3529411634948102,0.35367645758542454,0.35661763394788115,0.35661763394788115,0.35661763394788115,0.35661763394788115,0.35661763394788115,0.35661763394788115,0.35661763394788115,0.35661763394788115,0.35661763394788115,0.35661763394788115,0.35661763394788115,0.35808822212910946,0.36470586894463736,0.35808822212910946,0.35808822212910946,0.36470586894463736
9239500,0.00026855730772586557,0.00026855730772586557,0.00026855730772586557,0.00026855730772586557,0.00026855730772586557,0.00026855730772586557,0.00026855730772586557,0.00026855730772586557,0.0002506534872108104,0.0002506534872108104,0.00026855730772586557,0.0005192107949366887,0.0005550184359668117,0.0005550184359668117,0.0009668063078131568,0.0009668063078131568,0.0009668063078131568,0.0009668063078131568,0.0016471514873853928,0.0010921330514185809,0.0018619973335660927,0.0018619973335660927,0.0018619973335660927,0.0018619973335660927,0.0018619973335660927,0.0019694202566564365,0.002757188359319029,0.002757188359319029,0.002757188359319029,0.002757188359319029,0.003025745667044907,0.003652379385071965,0.003652379385071965,0.003652379385071965,0.00367028320558702,0.004046263436403267,0.004386436026189379,0.004547570410824901,0.005371146154517617,0.005442761436577837,0.006266337180270552,0.006642317411086775,0.007233143488083709,0.007233143488083709,0.0075017007958095875,0.00789558484714089,0.008128334513836646,0.008253661257442056,0.008754968231863704,0.00902352553958958,0.009506928693496173,0.010151466232038286,0.010813907591095453,0.01135102220654721,0.01170909861684839,0.012532674360541092,0.012604289642601326,0.01315930807856815,0.013517384488869317,0.013964980001745784,0.014484190796682487,0.015289862719860135,0.01618505374561307,0.016561033976429305,0.017814301412483406,0.018799011540811646,0.01951516436141399,0.02066100887437775,0.021556199900130687,0.02245139092588362,0.023436101054211848,0.025136964003142432,0.026032155028895367,0.026927346054648305,0.028717728106154174,0.02961291913190711,0.03140330118341298,0.03319368323491886,0.035879256312177664,0.03856482938943647,0.04125040246669528,0.04411501374910469,0.047695777852116435,0.05288788580148345,0.056647688109645794,0.060049414007506935,0.062018834264163415,0.06452536913627162,0.06649478939292809,0.06989651529078923,0.07347727939380098,0.07616285247105979,0.08081784580497507,0.08511476272858914,0.0913810999088597,0.09764743708913025,0.101228201192142,0.10409281247455138,0.1110753024754243,0.11555125760418898,0.12271278581021246,0.13094854324713948,0.14061660632527118,0.14706198171069232,0.1613850381227393,0.18448096658716506,0.20703978043613908,0.21939341659152956,0.23407454941387773,0.24893472044137646,0.26415296787917636,0.27400006916245867,0.2867117817281503,0.30085579993504674,0.3171482766037503,0.339349014042423,0.3563576435317288,0.3798116484064557,0.3977154689215145,0.4127546781541637,0.4320908043104273,0.4485623191842812,0.4698678655972012,0.4983349402161445,0.5182081809878597,0.5454219881707488,0.5694131076609276,0.5885701956120404,0.6159630410000801,0.6376266638233012,0.6610806686980283,0.6816700622903458,0.7002900356260068,0.7172986651153126,0.7339492181943174,0.7540014971711829,0.7763812728150064,0.7923156730734086,0.8247215882056649,0.8496078987215967,0.8746732474426787,0.9104808884727962,0.9283847089878549,0.9462885295029136,0.9552404397604429,0.9552404397604429,0.9731442602755017,0.982096170533031,0.9910480807905604,0.9999999910480898,0.9928384628420664,0.9910480807905604,0.9731442602755017,0.9391270012968903,0.9212231807818316,0.85676942692762,0.829913696155032,0.7846170302519334,0.7359186384509738,0.6947398512663385,0.6286747535657721,0.5894653866377934,0.5300247025277983,0.48723457149680804,0.4467719371327753,0.40666737917904383,0.3662047448150111,0.339349014042423,0.30282522019170327,0.2664804645461341,0.2381924281323412,0.20883016248764497,0.18913595992108037,0.1730225214575275,0.16299638196909458,0.15225408966005935,0.14258602658192762,0.12647258811837478,0.11734163965569484,0.10588319452605725,0.09585705503762439,0.08780033580584795,0.07992265477922213,0.07705804349681272,0.07168689734229511,0.0663157511877775,0.06273498708476574,0.060049414007506935,0.0564686499044952,0.05378307682723638,0.05217173298088112,0.051097503749977576,0.047695777852116435,0.0466215486212129,0.04572635759545996,0.04483116656970702,0.043040784518201154,0.04232463169759882,0.04125040246669528,0.04035521144094235,0.03946002041518941,0.03856482938943647,0.03766963836368353,0.0367744473379306,0.035879256312177664,0.034088874260671795,0.03319368323491886,0.03319368323491886,0.031582339388563585,0.03140330118341298,0.030508110157660046,0.028896766311304778,0.028717728106154174,0.02782253708040124,0.026032155028895367,0.025136964003142432,0.024026927131208794,0.02245139092588362,0.02157410372064574,0.020714720335922927,0.01987324077171517,0.018727396258751413,0.01797543579711894,0.016829591284155183,0.015146632155739668,0.014233537309471677,0.013409961565778974,0.012604289642601326,0.01170909861684839,0.010813907591095453,0.010097754770493107,0.009578543975556407,0.00902352553958958,0.008754968231863704,0.008128334513836646,0.007788161924050534,0.007251047308598765,0.007054105282933119,0.0068034517957222965,0.0063379524623307735,0.006194721898210307,0.00608729897511995,0.005979876052029594,0.005353242334002549,0.004637089513400189,0.004404339846704434,0.003652379385071965,0.002757188359319029,0.0026855730772588084,0.001897804974596216,0.0018619973335660927,0.0014502094617197478,0.0009668063078131568,0.0009668063078131568,0.00028646112824093345,7.161528206022064e-05,7.161528206022064e-05,7.161528206022064e-05,7.161528206022064e-05,0.0,7.161528206022064e-05,7.161528206022064e-05,7.161528206022064e-05,7.161528206022064e-05,7.161528206022064e-05,7.161528206022064e-05,7.161528206022064e-05,7.161528206022064e-05,8.95191025752758e-05,7.161528206022064e-05,0.00016113438463550916,0.00035807641030116677,0.0006266337180270324,0.0009668063078131568,0.0009668063078131568,0.0015934400258402145,0.0018619973335660927,0.002757188359319029,0.003652379385071965,0.004547570410824901,0.005281627051942316,0.005442761436577837,0.006409567744391019,0.007340566411174066,0.010008235667917819,0.010813907591095453,0.01170909861684839,0.011923944463029102,0.012604289642601326,0.013499480668354262,0.014394671694107198,0.014591613719772844,0.015200343617284845,0.015325670360890256,0.016632649258489538,0.017724782309908118,0.01887062682287188,0.019139184130597755,0.020052278976865748,0.02057148977180246,0.020678912694892807,0.021556199900130687,0.02245139092588362,0.02313173610545586,0.023615139259362438,0.023883696567088317,0.024241772977389494,0.024241772977389494,0.024241772977389494,0.023883696567088317,0.023883696567088317,0.023650946900392558,0.02334658195163656,0.02245139092588362,0.02245139092588362,0.021556199900130687,0.020517778310257282,0.019980663694805514,0.019622587284504348,0.01887062682287188,0.01797543579711894,0.017706878489393063,0.017080244771366007,0.016238765207158248,0.015289862719860135,0.015289862719860135,0.01443047933513732,0.014394671694107198,0.013499480668354262,0.013499480668354262,0.01262219346311638,0.012604289642601326,0.01170909861684839,0.01170909861684839,0.010813907591095453,0.010813907591095453,0.010097754770493107,0.009918716565342517,0.009918716565342517,0.009739678360191928,0.00902352553958958,0.00902352553958958,0.00828946889847218,0.008128334513836646,0.00798510394971618,0.007233143488083709,0.006821355616237364,0.0063379524623307735,0.005890356949454305,0.005442761436577837,0.005138396487821836,0.004583378051855024,0.004547570410824901,0.004296916923614078,0.004099974897948433,0.00367028320558702,0.003652379385071965,0.003652379385071965,0.003652379385071965,0.0033301106158009084,0.002757188359319029,0.002757188359319029,0.001915708795111271,0.0018619973335660927,0.0018619973335660927,0.0018619973335660927
9251000,0.030288329632658213,0.030288329632658213,0.030341060011545153,0.030551981527092913,0.030815633421527613,0.030815633421527613,0.03086836380041455,0.031342937210397014,0.03160658910483171,0.03160658910483171,0.03160658910483171,0.03160658910483171,0.03160658910483171,0.03187024099926641,0.03187024099926641,0.03213389289370111,0.032450275167022744,0.03292484857700521,0.033188500471439904,0.033188500471439904,0.0334521523658746,0.03376853463919624,0.0342431080491787,0.0342431080491787,0.0342431080491787,0.0342431080491787,0.034295838428065634,0.0345067599436134,0.0345067599436134,0.0345067599436134,0.0345067599436134,0.0345067599436134,0.0345067599436134,0.0347704118380481,0.0347704118380481,0.03508679411136973,0.035561367521352194,0.03561409790023913,0.03582501941578689,0.03582501941578689,0.036088671310221594,0.03635232320465629,0.03687962699352569,0.03687962699352569,0.03714327888796039,0.03714327888796039,0.03714327888796039,0.037196009266847324,0.037934234571264484,0.038461538360133884,0.03898884214900328,0.039779797832307374,0.039779797832307374,0.04109805730448087,0.04136170919891557,0.042152664882219665,0.04241631677665437,0.043207272459958465,0.044525531932131955,0.045580139509870755,0.04716205087647895,0.049798569820825936,0.05169686346075578,0.05428065202621582,0.05559891149838932,0.0578135874116408,0.0598173418093445,0.06219020885925679,0.06456307590916908,0.06646136954909891,0.06878150622012426,0.07168167705890595,0.07431819600325294,0.07911666048196446,0.08196410094185921,0.08623526163170137,0.09150829952039534,0.09514669566359416,0.09915420445900158,0.10331990439106982,0.10727468280759031,0.11101853970856307,0.11602792570282233,0.121564615485951,0.12657400148021028,0.134694479828799,0.13843833672977174,0.1450296340906392,0.148720760612725,0.15610301365689658,0.1611651300300428,0.16453987427880692,0.17160574504965687,0.1796207626404717,0.18605386886467834,0.19164328902669397,0.20166206101521253,0.20978253936380128,0.21753390506018142,0.2281327112164563,0.23783510093165325,0.2507013133800665,0.2670477308350179,0.27706650282353645,0.28761257860092443,0.3087047301557003,0.3245238438217823,0.3403429574878642,0.3587985900982931,0.3798907416530691,0.403619412152192,0.4199658296071433,0.43578494327322526,0.4537132720947848,0.4642593478721727,0.48324228427147103,0.5038071320373776,0.5248992835921534,0.5565375109243174,0.5987218140338691,0.6145409276999512,0.634051167888119,0.656725230809503,0.6725443444755849,0.6994368377079242,0.7226382044181777,0.744257659761823,0.7727320643607705,0.7943515197044159,0.8207167091478857,0.839699645547184,0.8497184175357027,0.8681740501461315,0.8787201259235194,0.899284973689426,0.9129948722000304,0.9288139858661125,0.9419965805878472,0.9467423146876718,0.9525426563652352,0.9757440230754887,0.986817402641746,0.9947269594747871,0.999999997363481,0.9994726935746117,0.9994726935746117,0.9947269594747871,0.986817402641746,0.9810170609641827,0.9688890738201867,0.9499061374208885,0.9393600616435003,0.9256501631328959,0.8876842903342995,0.8576279743687436,0.8180801902035387,0.7890784818157218,0.7648225075277295,0.7284385460957411,0.6968003187635773,0.6677986103757603,0.634051167888119,0.6013583329782162,0.5628651563907503,0.5254265873810229,0.49115184110451204,0.4600409175612177,0.4173293106627963,0.3788361340753304,0.3403429574878642,0.31134124910004735,0.2928856164896184,0.27179346493484247,0.25386513611328293,0.23809875282608797,0.21568834179913854,0.1993419243441872,0.187266667579078,0.17002383368304866,0.15900318449567827,0.14471325181731756,0.13553816589099005,0.12214464965370736,0.11249499031739736,0.1027398702233135,0.09593765134689826,0.08697348693611849,0.08338782117180658,0.07996034654415549,0.07416000486659212,0.06988884417675001,0.06561768348690787,0.06298116454256089,0.06013372408266615,0.055915293771710964,0.05380607861623337,0.05069498626190392,0.04753116352868753,0.04531648761543605,0.04294362056552376,0.04115078768336781,0.03930522442232492,0.03714327888796039,0.03582501941578689,0.0345067599436134,0.0334521523658746,0.03160658910483171,0.028442766371615323,0.02612262970058997,0.021798738631860926,0.020638670296348242,0.01947860196083556,0.01816034248866206,0.016842083016488568,0.015312902028767318,0.014205564072141578,0.013150956494402783,0.012360000811098686,0.01156904512779459,0.01104174133892519,0.009987133761186396,0.009459829972316997,0.008932526183447599,0.008141570500143502,0.007139693301291651,0.0063487376179875545,0.0052941300402487585,0.00476682625137936,0.0042395224625099625,0.0033958364003189214,0.0023412288225801254,0.0018508362989315857,0.0013235325100621877,0.0007645904938606247,0.0004745734099824574,0.0003849317658746588,0.00023728670499122682,0.00023201366710253387,0.00023201366710253387,0.0001265529093286528,0.0,0.0001265529093286528,0.00023201366710253387,0.00023728670499122682,0.00023728670499122682,0.00023728670499122682,0.00023728670499122682,0.0003005631596555607,0.0004798464478711503,0.0005325768267580908,0.0005325768267580908,0.0005325768267580908,0.0005747611298676417,0.0005905802435337243,0.0006749488497528299,0.0008753242895231987,0.0009227816305214464,0.0010282423882953236,0.0014237202299473722,0.0016399147833838271,0.0020723038902567374,0.0028685326114495234,0.00365948829475362,0.004503174356944662,0.005505051555796513,0.00629600723910061,0.007350614816839405,0.007666997090161049,0.008194300879030447,0.009723481866751696,0.010778089444490492,0.012096348916663988,0.012887304599968084,0.013994642556593825,0.015260171649880375,0.015576553923202018,0.01631477922761917,0.016842083016488568,0.017369386805357965,0.018687646277531462,0.01921495006640086,0.020005905749704955,0.021640547495200092,0.022378772799617246,0.022906076588486646,0.023433380377356042,0.02422433606066014,0.025015291743964236,0.025806247427268333,0.02686085500500713,0.027704541067198163,0.02897007016048472,0.029497373949354116,0.030024677738223517,0.030815633421527613,0.03113201569484925,0.03187024099926641,0.032661196682570504,0.03350488274476154,0.0342431080491787,0.035034063732482794,0.03614140168910853,0.03687962699352569,0.03851426873902082,0.03925249404343798,0.03951614593787268,0.039779797832307374,0.040096180105629015,0.04115078768336781,0.041414439577802505,0.04115078768336781,0.04109805730448087,0.04109805730448087,0.04088713578893311,0.04004344972674208,0.039779797832307374,0.03925249404343798,0.03872519025456858,0.03851426873902082,0.038461538360133884,0.03798696495015142,0.03767058267682979,0.037196009266847324,0.03714327888796039,0.03687962699352569,0.03661597509909099,0.036088671310221594,0.03561409790023913,0.035034063732482794,0.0345067599436134,0.034295838428065634,0.033979456154744,0.0334521523658746,0.033188500471439904,0.032661196682570504,0.03239754478813581,0.03213389289370111,0.03187024099926641,0.03187024099926641,0.03187024099926641,0.03187024099926641,0.03160658910483171,0.03160658910483171,0.03160658910483171,0.03113201569484925,0.030815633421527613,0.030815633421527613,0.030815633421527613,0.030551981527092913,0.030551981527092913,0.030551981527092913,0.030551981527092913,0.030341060011545153,0.030288329632658213,0.030288329632658213,0.030288329632658213,0.030288329632658213,0.030288329632658213,0.030288329632658213,0.030288329632658213,0.030341060011545153,0.030341060011545153,0.030341060011545153,0.030551981527092913,0.030288329632658213,0.030288329632658213
9253000,0.014782608448451364,0.014715718817462899,0.014715718817462899,0.014715718817462899,0.014715718817462899,0.014715718817462899,0.014882942894934064,0.014882942894934064,0.014882942894934064,0.014849498079439836,0.014949832525922536,0.014882942894934064,0.014882942894934064,0.014715718817462899,0.014715718817462899,0.014715718817462899,0.014715718817462899,0.014715718817462899,0.014715718817462899,0.014715718817462899,0.014715718817462899,0.014715718817462899,0.014715718817462899,0.014548494739991726,0.014548494739991726,0.014548494739991726,0.014548494739991726,0.014548494739991726,0.014548494739991726,0.014715718817462899,0.014715718817462899,0.014715718817462899,0.014715718817462899,0.014715718817462899,0.014715718817462899,0.014715718817462899,0.014882942894934064,0.015050166972405235,0.015050166972405235,0.015050166972405235,0.015050166972405235,0.015050166972405235,0.015351170311853339,0.01588628735976108,0.01622073551470342,0.01672240774711693,0.01672240774711693,0.01672240774711693,0.017491638503484307,0.01839464852182862,0.01839464852182862,0.01839464852182862,0.01839464852182862,0.01872909667677096,0.019063544831713297,0.020066889296540314,0.020066889296540314,0.020066889296540314,0.020066889296540314,0.020066889296540314,0.020334447820494185,0.02090300968389616,0.021739130071252007,0.021739130071252007,0.021739130071252007,0.021739130071252007,0.021739130071252007,0.022842808982561726,0.0234113708459637,0.023712374185411802,0.02491638754320422,0.025083611620675392,0.025083611620675392,0.026755852395387084,0.026755852395387084,0.028428093170098777,0.03010033394481047,0.03177257471952216,0.034481604774555114,0.036287624811243736,0.03846153781836893,0.04006688896209216,0.04180601936779232,0.04347826014250401,0.04545150425666381,0.0468227416919274,0.048628761728616035,0.050167223241350783,0.050702340289258525,0.05183946401606248,0.054180601100658844,0.055183945565485865,0.05602006595284171,0.06020066788962094,0.06287625312915965,0.06521739021375601,0.06755852729835239,0.0702341125378911,0.07304347703940675,0.0798327745847362,0.08591973100468679,0.093244145597924,0.10367892803212496,0.11571906161004918,0.12709029887808865,0.14314381031532095,0.1605351143723225,0.17725752211943943,0.1889632075424213,0.21404681916309667,0.2307692269102136,0.25083611620675395,0.2759197278274293,0.3093645433216632,0.33779263649176194,0.3695652112112841,0.3913043412825361,0.4197324344526349,0.4515050091721571,0.4816053431169675,0.5133779178364897,0.5384615294571651,0.5652173818525522,0.576923067275534,0.6003344381214977,0.6287625312915965,0.6739130322088122,0.6923076807306409,0.724080255450163,0.745819385521415,0.7742474786915138,0.7976588495374775,0.8193979796087295,0.8461538320041165,0.8829431290477738,0.9113712222178726,0.9264213891902778,0.9481605192615298,0.9665551677833585,0.9916387794040338,0.9999999832775923,0.9999999832775923,0.9999999832775923,0.9999999832775923,0.9966555017281689,0.9866220570798988,0.9648829270086468,0.9565217231350883,0.9247491484155661,0.8946488144707556,0.8645484805259451,0.8210702203834411,0.7826086825650722,0.7491638670708384,0.6889631991812174,0.6471571798134251,0.6086956419950562,0.5785953080502457,0.5518394556548586,0.5083611955123546,0.47491638001812075,0.4381270829744635,0.40969898980436475,0.3712374519859958,0.34615384036532043,0.31438126564579827,0.28929765402512286,0.26421404240444746,0.24247491233319546,0.22575250458607854,0.20735785606424992,0.19732441141597976,0.1856187259929979,0.1806020036688628,0.16889631824588097,0.15719063282289913,0.15050166972405235,0.1421404658504939,0.13210702120222373,0.12324414509625177,0.11588628568752031,0.10535116880683665,0.09698996493327819,0.09130434629925842,0.08311036650317113,0.07792642010156489,0.07357859408731449,0.0702341125378911,0.06688963098846772,0.06354514943904432,0.06020066788962094,0.0571906344951399,0.05501672148801469,0.05100334362870663,0.04816053431169675,0.04347826014250401,0.04013377859308063,0.038127089663426594,0.0359531766563014,0.03461538403653205,0.03177257471952216,0.030936454332166317,0.02892976540251228,0.026923076472858257,0.025250835698146564,0.025083611620675392,0.0234113708459637,0.021739130071252007,0.020234113374011486,0.019230768909184466,0.01839464852182862,0.0173913040570016,0.01672240774711693,0.01571906328228991,0.015050166972405235,0.014715718817462899,0.013377926197693542,0.012709029887808868,0.01170568542298185,0.01170568542298185,0.010535116880683666,0.010033444648270157,0.009531772415856649,0.008528427951029635,0.008361203873558464,0.007357859408731446,0.006688963098846771,0.0065217390213755996,0.005518394556548588,0.0050167223241350785,0.004515050091721569,0.0038461537818368944,0.0033444815494233855,0.0033444815494233855,0.0033444815494233855,0.0028428093170098766,0.0026755852395387108,0.0023411370845963678,0.0016722407747116928,0.0016722407747116928,0.0016722407747116928,0.0016722407747116928,0.0016722407747116928,0.0016722407747116928,0.0016722407747116928,0.0013377926197693554,0.0011705685422981839,0.001003344464827018,0.0006688963098846748,0.0003344481549423374,0.0,0.0,0.0,0.0,0.0,0.0,0.0,0.0,6.688963098846629e-05,0.0008695652028500855,0.0013377926197693554,0.0016722407747116928,0.0016722407747116928,0.0016722407747116928,0.0018394648521828645,0.0023411370845963678,0.0028093645015156436,0.0033444815494233855,0.0033444815494233855,0.003712374519859956,0.004515050091721569,0.004849498246663907,0.0050167223241350785,0.0050167223241350785,0.0050167223241350785,0.00518394640160625,0.005852842711490925,0.0065217390213755996,0.006688963098846771,0.006722407914341011,0.007525083486202617,0.008026755718616127,0.008361203873558464,0.00892976573696044,0.010033444648270157,0.010033444648270157,0.010033444648270157,0.010535116880683666,0.01170568542298185,0.01170568542298185,0.013377926197693542,0.013377926197693542,0.013377926197693542,0.01438127066252056,0.014849498079439836,0.015050166972405235,0.015050166972405235,0.015050166972405235,0.015551839204818745,0.016354514776680356,0.01652173885415153,0.016688962931622694,0.01672240774711693,0.01672240774711693,0.01672240774711693,0.01672240774711693,0.01672240774711693,0.01672240774711693,0.01672240774711693,0.01672240774711693,0.01672240774711693,0.01672240774711693,0.01672240774711693,0.01672240774711693,0.01672240774711693,0.016688962931622694,0.01622073551470342,0.016053511437232253,0.015685618466795684,0.015183946234382168,0.015050166972405235,0.015050166972405235,0.015050166972405235,0.015050166972405235,0.014882942894934064,0.014180601769555155,0.013678929537141647,0.013545150275164715,0.013377926197693542,0.013377926197693542,0.013377926197693542,0.013377926197693542,0.013377926197693542,0.013377926197693542,0.013377926197693542,0.013377926197693542,0.013377926197693542,0.013377926197693542,0.013377926197693542,0.013344481382199309,0.013043478042751204,0.012709029887808868,0.012709029887808868,0.012675585072314628,0.012541805810337696,0.012541805810337696,0.012709029887808868,0.013010033227256973,0.013043478042751204,0.013043478042751204,0.013043478042751204,0.013043478042751204,0.013210702120222372,0.013377926197693542,0.013377926197693542,0.013377926197693542,0.013377926197693542,0.013377926197693542,0.013377926197693542,0.013377926197693542,0.013377926197693542,0.013545150275164715,0.01371237435263588,0.01387959843010705,0.01387959843010705,0.014046822507578218
9255000,0.060078604150555624,0.060078604150555624,0.060078604150555624,0.060078604150555624,0.060078604150555624,0.060078604150555624,0.060078604150555624,0.060078604150555624,0.060078604150555624,0.060078604150555624,0.060078604150555624,0.060078604150555624,0.060078604150555624,0.060078604150555624,0.05861875021792533,0.056372821090801745,0.05614822817808937,0.05446378133274669,0.05446378133274669,0.05446378133274669,0.05446378133274669,0.05446378133274669,0.05446378133274669,0.05446378133274669,0.05446378133274669,0.05446378133274669,0.05446378133274669,0.05446378133274669,0.05446378133274669,0.05446378133274669,0.05446378133274669,0.05446378133274669,0.05446378133274669,0.05446378133274669,0.05446378133274669,0.05446378133274669,0.05446378133274669,0.05446378133274669,0.05457607778910286,0.055025263614527586,0.055025263614527586,0.05513756007088376,0.05670971045987027,0.05839415730521293,0.060078604150555624,0.060078604150555624,0.06198764390861068,0.06569342696836455,0.06569342696836455,0.06737787381370725,0.069736099397187,0.07130824978617349,0.07130824978617349,0.07130824978617349,0.07254351080609148,0.07422795765143415,0.07636159032220154,0.07692307260398243,0.07692307260398243,0.07692307260398243,0.07692307260398243,0.07804603716754421,0.0802919662946678,0.08253789542179137,0.08253789542179137,0.08253789542179137,0.08646827139425763,0.0881527182396003,0.09039864736672387,0.09320605877562835,0.09376754105740924,0.09489050562097102,0.09713643474809461,0.09938236387521818,0.10050532843877996,0.10342503630404061,0.10499718669302711,0.10780459810193159,0.11061200951083605,0.11341942091974053,0.11622683232864499,0.11903424373754946,0.12184165514645393,0.1240875842735775,0.12745647796426288,0.1311622610240168,0.13329589369478417,0.13868612359988075,0.13868612359988075,0.14430094641768967,0.14665917200116943,0.14991576923549862,0.15553059205330755,0.1594609680257738,0.16676023768892542,0.17136439239952875,0.17417180380843322,0.1785513656063242,0.18585063526947582,0.19483435177797012,0.20190902852840942,0.21639527139835646,0.22863558514117996,0.2509825799560595,0.2790566940451042,0.3127456309519578,0.33520492222319354,0.36327903631223823,0.385738327583474,0.4064008755530109,0.4306569101259455,0.45311620139718123,0.48455920917691125,0.5036496067574616,0.5373385436643153,0.5609207994991129,0.5946097364059666,0.6327905315670672,0.6619876102196738,0.6889387597451566,0.7113980510163923,0.7394721651054369,0.7563166335588637,0.7798988893936614,0.7956203932835263,0.823694507372571,0.8517686214616157,0.8798427355506604,0.893318310313402,0.913531672457514,0.9191464952753229,0.9258842826566938,0.9427287511101206,0.9483435739279295,0.9606961841271092,0.9752947234534123,0.9820325108347832,0.9977540147246481,0.9999999438517718,0.987647333652592,0.9809095462712212,0.9539583967457385,0.9191464952753229,0.9079168496397051,0.8686130899150425,0.8461537986438067,0.823694507372571,0.7855137122114703,0.7619314563766727,0.7349803068511899,0.6956765471265274,0.6563727874018649,0.6282986733128202,0.5710274805711689,0.5272318625922593,0.5023020492811876,0.475575492668417,0.44952271479378353,0.42189778653016363,0.3644020008758001,0.3243121659566443,0.28467151686291314,0.25659740277386844,0.22852328868482374,0.20662547969536896,0.1865244140076129,0.1611454148711165,0.14138123855242907,0.12599662403163253,0.11061200951083605,0.09938236387521818,0.08848960760866889,0.07692307260398243,0.07130824978617349,0.06569342696836455,0.06198764390861068,0.060078604150555624,0.05446378133274669,0.053453113225541096,0.04884895851493775,0.04323413569712881,0.040539020744580524,0.03721504563643764,0.03481190147041541,0.033138684270708346,0.030881525497949158,0.02863559637082558,0.026951149525482897,0.02422234563602776,0.02245929127123575,0.02133632670767396,0.020213362144112176,0.01965187986233128,0.018528915298769492,0.017417180380843323,0.01563166672478008,0.014609768971938856,0.01347557476274145,0.012397528781722138,0.011229645635617874,0.010106681072056086,0.008983716508494301,0.008208870959636664,0.007602470095313306,0.007299269663151617,0.006737787381370725,0.006176305099589834,0.006019090060691181,0.005614822817808937,0.005289163094376025,0.005053340536028046,0.00467153258441704,0.004491858254247149,0.003930375972466257,0.0033688936906853626,0.0033688936906853626,0.0028074114089044686,0.0023469959378441415,0.0022459291271235767,0.0019427286949618976,0.0016844468453426826,0.0016844468453426826,0.0011229645635617883,0.0005614822817808942,0.0005614822817808942,0.0005165636992384251,0.00037057830597539394,0.0,0.0,0.0,0.0,0.0,0.0,0.0,0.0,0.0,0.0,0.0,0.0,0.00038180795161101054,0.0009320605877562882,0.0011229645635617883,0.0016844468453426826,0.0017069061366139183,0.002560359204920875,0.0028074114089044686,0.0033688936906853626,0.00395283526373749,0.004514317545518387,0.005412689196367818,0.005906793604334999,0.00645704624048028,0.006793935609548813,0.007029758167896788,0.007860751944932513,0.008422234226713406,0.008983716508494301,0.010230207174047889,0.011229645635617874,0.012352610199179662,0.01347557476274145,0.014542391098125145,0.015160021608084131,0.01679954987088434,0.018641211755125682,0.020213362144112176,0.021111733794961608,0.022313305877972717,0.023413811150263267,0.025053339413063477,0.02751263180726379,0.02910724148752154,0.03032004321616826,0.03156653388172185,0.033295899309607,0.03481190147041541,0.0371252084713527,0.03930375972466257,0.04323413569712881,0.043907914435265885,0.047725993951375965,0.04884895851493775,0.04884895851493775,0.04941044079671865,0.05176866638019839,0.05446378133274669,0.05446378133274669,0.055586745896308465,0.060078604150555624,0.060078604150555624,0.06176305099589831,0.06457046240480277,0.06569342696836455,0.06569342696836455,0.06569342696836455,0.06569342696836455,0.06737787381370725,0.0701852852226117,0.07130824978617349,0.07130824978617349,0.07130824978617349,0.07130824978617349,0.07130824978617349,0.07130824978617349,0.07130824978617349,0.07130824978617349,0.07130824978617349,0.07130824978617349,0.07130824978617349,0.07130824978617349,0.07130824978617349,0.07130824978617349,0.07130824978617349,0.07130824978617349,0.07130824978617349,0.07130824978617349,0.07130824978617349,0.07130824978617349,0.07130824978617349,0.07085906396074879,0.0701852852226117,0.06906232065904992,0.06850083837726903,0.06793935609548815,0.06749017027006345,0.06681639153192634,0.06569342696836455,0.06569342696836455,0.06569342696836455,0.06457046240480277,0.06400898012302188,0.06344749784124099,0.06232453327767921,0.06232453327767921,0.06176305099589831,0.0613138651704736,0.060752382888692696,0.060078604150555624,0.060078604150555624,0.060078604150555624,0.060078604150555624,0.060078604150555624,0.060078604150555624,0.060078604150555624,0.060078604150555624,0.060078604150555624,0.060078604150555624,0.060078604150555624,0.060640086432336524,0.060752382888692696,0.060640086432336524,0.0601909006069118,0.060640086432336524,0.060752382888692696,0.06176305099589831,0.06176305099589831,0.060752382888692696,0.060752382888692696,0.06176305099589831,0.06176305099589831,0.0618753474522545,0.06243682973403539,0.0618753474522545,0.06176305099589831,0.06176305099589831,0.0618753474522545
9260000,0.06139695782354105,0.06201620925219735,0.06201620925219735,0.06201620925219735,0.06201620925219735,0.06201620925219735,0.06201620925219735,0.06201620925219735,0.06201620925219735,0.06201620925219735,0.06201620925219735,0.06201620925219735,0.06201620925219735,0.06201620925219735,0.06201620925219735,0.06201620925219735,0.06201620925219735,0.06201620925219735,0.06201620925219735,0.06205263580682419,0.06299972622712208,0.06358255110115152,0.06383753698353942,0.06467534773995678,0.06494854689965808,0.06565886471488148,0.06565886471488148,0.06569529126950834,0.06622347631159752,0.06656952858055251,0.06656952858055251,0.06656952858055251,0.06656952858055251,0.06656952858055251,0.06656952858055251,0.06656952858055251,0.06748019244622355,0.06748019244622355,0.06748019244622355,0.06749840572353696,0.06839085631189458,0.06839085631189458,0.06850013597577509,0.06921045379099852,0.06930152017756562,0.06966578572383403,0.07013933093398297,0.07063108942144533,0.07112284790890767,0.07112284790890767,0.07112284790890767,0.07112284790890767,0.07112284790890767,0.0716692462283103,0.07287132253099607,0.07434659799338314,0.07567616723726285,0.07567616723726285,0.075985792951591,0.0770421630357694,0.07895455715367856,0.08022948656561801,0.08022948656561801,0.08205081429696008,0.08470995278471949,0.08746015765904601,0.08933612522232834,0.0931609134581467,0.09844276387903868,0.10663873867007798,0.1130133857297752,0.12303068825215657,0.13395865464020895,0.14324742607005353,0.14689008153273764,0.15508605632377695,0.162189234476011,0.17038520926705028,0.17402786472973442,0.18040251178943165,0.18859848658047096,0.19679446137151024,0.20407977229687851,0.2086330916252337,0.21318641095358884,0.21956105801328607,0.22702850171178854,0.2343138126371569,0.24232765465506192,0.24870230171475916,0.25616974541326165,0.2616337286072879,0.2669155790281798,0.27165103112966926,0.27784354541623224,0.28257899751772164,0.2898643084430899,0.30061014205800807,0.3047991958400948,0.31062744458038943,0.3162735605475498,0.33448683786097044,0.3454148042490229,0.3627174176967726,0.3871232092967562,0.4100719387116663,0.4262817555206106,0.44740915720417856,0.46817229334147814,0.4836535790578857,0.5027775202369774,0.5122484244399562,0.5311902328459137,0.5503141740250054,0.5677989202458892,0.5922047118458729,0.6120571841175013,0.6286312664727142,0.645205348827927,0.6668791488308976,0.7009379774069944,0.7238867068219043,0.7477461001024853,0.7635916513651614,0.7828977253173872,0.7989254093531974,0.8207813421293022,0.8335306362486966,0.8508332496964462,0.8615790833113645,0.8735998463382221,0.8852563438188114,0.9014661606277556,0.9180402429829685,0.9198615707143105,0.9453601589530993,0.96357343626652,0.983608041311283,0.990893352236651,0.9999999908933613,0.9999999908933613,0.9999999908933613,0.9999999908933613,0.990893352236651,0.9544667976098097,0.9362535202963891,0.9180402429829685,0.9080229404605872,0.8854384765919455,0.8583006933949487,0.8226026698606442,0.790729434562158,0.7530279505233773,0.7264365656457833,0.7078590227860941,0.6605045017712003,0.6233494160518223,0.5920225790727386,0.5528640328488842,0.5157089471295061,0.4818322513265436,0.45469446812954684,0.41225753198927684,0.3745560479504959,0.3437756092908151,0.3053455941594975,0.27547581936548754,0.2463345756640145,0.22976049330880163,0.20444403784314702,0.17767052019241855,0.15963937565213213,0.1376013101028931,0.12139149329394873,0.10937073026709107,0.0993534277447097,0.09061105463426782,0.08580274942352474,0.07982879446472278,0.06979327866502799,0.06309079261368919,0.05746288992384219,0.05196248017518917,0.04744558740146083,0.04203624403937489,0.03910390639191417,0.03469629328206636,0.030762225382367506,0.02782988773490678,0.02389581983520792,0.02271195680983557,0.021036335297000865,0.02005281832207615,0.017448319666257005,0.01569984504416862,0.014661688237303634,0.01285857378327499,0.012020763026857645,0.01163828420327581,0.0110190327746195,0.0110190327746195,0.010855113278798716,0.00958018386685927,0.009197705043277434,0.008669520001188244,0.007412803866562213,0.007376377311935368,0.00660049169838365,0.005777251563817035,0.005427556639399358,0.004571532605668587,0.004280120168653855,0.004006921008952546,0.0033403150592813493,0.0029141243701473057,0.002823057983580203,0.002478827042356552,0.0024587924373117892,0.0023677260507446863,0.002276659664177583,0.0021309534456702187,0.002058100336416535,0.0020034605044762727,0.001917858101103196,0.0019123941179091696,0.001644658941401886,0.0015663418489541788,0.001539021932984046,0.001457062185073653,0.0012840360505961576,0.0011856843531036852,0.0010927966388052399,0.0010017302522381366,0.0008450960673427203,0.0006374647059697233,0.0004917584874623579,0.0004553319328355166,0.00028048447062667924,0.0002731991597013102,0.0002731991597013102,0.0002440579159998379,0.0002440579159998379,0.0002440579159998379,0.00021491667229836482,0.0001875967563282332,0.00014570621850736582,8.378107564173512e-05,3.0962571432816165e-05,1.0927966388052407e-05,1.8213277313420678e-06,0.0,1.6391949582079824e-05,9.106638656710339e-05,9.106638656710339e-05,9.106638656710339e-05,0.00018213277313420677,0.00030051907567144303,0.0004553319328355166,0.0005773608908354349,0.0007522083530442754,0.001111009916118662,0.001518987327939284,0.002203806554923902,0.0025626081179982883,0.0029141243701473057,0.003387669580296245,0.0038612147904451837,0.004753665378802795,0.005376559462921783,0.005919315126861715,0.006556779832831438,0.007030325042980375,0.007376377311935368,0.0082870411776064,0.0082870411776064,0.009197705043277434,0.010217648572829,0.011346871766261084,0.012840360505961566,0.014661688237303634,0.015827337985362566,0.01753938605282411,0.019542846557300386,0.02294872941491005,0.02533466874296814,0.029851561516696472,0.0328749655507243,0.03560695714773739,0.03899462672803364,0.04198160420743463,0.04380293193877669,0.045879245552506664,0.04744558740146083,0.048811583199967375,0.050250432107727616,0.052017120007129415,0.052909570595487024,0.053929514125038595,0.055641562192500126,0.05655222605817116,0.05746288992384219,0.05937528404175136,0.06128767815966054,0.06325471210950995,0.06485748051309097,0.06697022068144778,0.0678626712698054,0.06915581395905825,0.07021218404323665,0.0703396769844306,0.07112284790890767,0.07112284790890767,0.07112284790890767,0.07112284790890767,0.07123212757278821,0.07203351177457872,0.07203351177457872,0.0721063648838324,0.07203351177457872,0.07203351177457872,0.07203351177457872,0.07179673916950426,0.07117748774084795,0.07112284790890767,0.07104999479965401,0.07050359648025138,0.07032146370711716,0.07021218404323665,0.07021218404323665,0.06959293261458036,0.06930152017756562,0.06839085631189458,0.06800837748831276,0.06757125883279066,0.06748019244622355,0.06656952858055251,0.06649667547129885,0.06542209210980703,0.06474820084921044,0.06383753698353942,0.06292687311786838,0.06292687311786838,0.062307621689212084,0.06201620925219735,0.06201620925219735,0.06201620925219735,0.06201620925219735,0.06201620925219735,0.06201620925219735,0.06172479681518262,0.060377014293989506,0.06019488152085528,0.06019488152085528,0.06019488152085528,0.06019488152085528,0.06019488152085528,0.06019488152085528,0.06019488152085528,0.06019488152085528,0.06019488152085528,0.06019488152085528,0.06019488152085528,0.06019488152085528,0.06019488152085528,0.06019488152085528,0.06019488152085528
9261000,0.012363122549694239,0.012363122549694239,0.012363122549694239,0.012363122549694239,0.010950194258300612,0.00883080182121017,0.00883080182121017,0.009184033894058617,0.010596962185452204,0.010950194258300612,0.012363122549694239,0.012363122549694239,0.012363122549694239,0.012363122549694239,0.014129282913936272,0.014129282913936272,0.015895443278178305,0.015895443278178305,0.019427764006662376,0.019427764006662376,0.021193924370904407,0.021193924370904407,0.021547156443752855,0.022960084735146442,0.02331331680799489,0.024726245099388477,0.02649240546363051,0.02649240546363051,0.02649240546363051,0.028258565827872544,0.028258565827872544,0.03002472619211458,0.03002472619211458,0.03214411862920502,0.033557046920598646,0.03532320728484068,0.037089367649082716,0.03885552801332475,0.03885552801332475,0.040621688377566786,0.04415400910605085,0.045920169470292885,0.04768632983453492,0.048039561907383364,0.05121865056301899,0.05298481092726102,0.05475097129150305,0.05651713165574509,0.058283292019987124,0.058283292019987124,0.061815612748471194,0.06534793347695526,0.06711409384119729,0.06923348627828774,0.07241257493392339,0.07417873529816543,0.07594489566240746,0.0762981277352559,0.07983044846373998,0.0830095371193756,0.083362769192224,0.08654185784785967,0.0883080182121017,0.09184033894058577,0.09537265966906984,0.09749205210616028,0.10067114076179594,0.10243730112603798,0.10455669356312841,0.10773578221876408,0.11126810294724815,0.11303426331149018,0.11480042367573222,0.11656658403997425,0.11833274440421628,0.12009890476845832,0.12186506513270035,0.12398445756979079,0.12716354622542644,0.13246202731815254,0.13599434804663663,0.13952666877512068,0.14305898950360477,0.14659131023208882,0.1501236309605729,0.15365595168905696,0.15754150449038945,0.1607205931460251,0.16778523460299324,0.1716707874043257,0.17838219678844544,0.18226774958977793,0.18933239104674612,0.19639703250371418,0.2034616739606824,0.21017308334480206,0.2172377248017702,0.22077004553025426,0.2278346869872224,0.2384316491726746,0.2490286113581268,0.2546803245237013,0.2723419281661216,0.2843518186429675,0.3055457430138719,0.3179088655635661,0.33239138055035083,0.3479335917556807,0.3624161067424654,0.3747792292921596,0.39561992159021564,0.41186859694124234,0.42741080814657223,0.43977393069626647,0.45037089288171867,0.466266336159897,0.47898269078243966,0.5090074169745542,0.5280819489083681,0.5478629449878789,0.5619922279018152,0.5796538315442356,0.5990815955508979,0.6273401613787705,0.6573648875708851,0.6789120440146379,0.70505121740542,0.72942423043196,0.7502649227300161,0.778876720630737,0.7951253959817637,0.8092546788957,0.8269162825381203,0.8389261730149662,0.8445778861805406,0.8601200973858706,0.8827269500481686,0.8989756253991953,0.9081596592932539,0.9275874232999163,0.9385376175582169,0.9523136683993048,0.9632638626576053,0.981985162518571,0.996820909578204,0.996820909578204,0.9999999982338397,0.9911691964126295,0.9735075927702092,0.9607912381476665,0.9484281155979722,0.906393498929012,0.8919109839422272,0.8396326371606629,0.811727303405639,0.7947721639089154,0.7629812773525587,0.7297774625048087,0.6969268797299066,0.672907098776215,0.6414694442927068,0.6075591652992597,0.568703637285935,0.5326739658553975,0.4931119736963759,0.4666195682327454,0.4365948420406308,0.4157541497425749,0.38502295940476344,0.36100317845107177,0.3217944183648987,0.29848110155690377,0.27905333755024136,0.259625573543579,0.24549629062964273,0.2243023662587383,0.212645707854741,0.19816319286795622,0.19109855141098808,0.17873542886129384,0.16778523460299324,0.15754150449038945,0.1469445423049373,0.13776050841087867,0.13246202731815254,0.12575061793403283,0.12045213684130672,0.11126810294724815,0.10243730112603798,0.09360649930482781,0.0883080182121017,0.0830095371193756,0.0777110560266495,0.07417873529816543,0.0709996466425298,0.06711409384119729,0.06570116554980371,0.06534793347695526,0.06358177311271322,0.061815612748471194,0.06040268445707756,0.05687036372859354,0.05475097129150305,0.051571882635867435,0.04768632983453492,0.0445072411788993,0.042387848741808815,0.040621688377566786,0.03885552801332475,0.037089367649082716,0.035676439357689126,0.03532320728484068,0.03214411862920502,0.03179088655635661,0.03179088655635661,0.030377958264963027,0.028611797900720992,0.025079477172236884,0.022960084735146442,0.01978099607951082,0.01766160364242034,0.015895443278178305,0.01448251498678472,0.012363122549694239,0.010950194258300612,0.010596962185452204,0.00883080182121017,0.00883080182121017,0.00883080182121017,0.003885552801332475,0.000353232072848447,0.0,0.0,0.0,0.0,0.0,0.0,0.0,0.0,0.0,0.000353232072848447,0.000353232072848447,0.002119392437090481,0.003885552801332475,0.005298481092726102,0.005298481092726102,0.005651713165574549,0.007064641456968136,0.007064641456968136,0.007064641456968136,0.00883080182121017,0.00883080182121017,0.00883080182121017,0.010950194258300612,0.012363122549694239,0.012716354622542645,0.014129282913936272,0.014129282913936272,0.014129282913936272,0.01448251498678472,0.015895443278178305,0.01766160364242034,0.01766160364242034,0.018014835715268747,0.01978099607951082,0.021193924370904407,0.021193924370904407,0.022960084735146442,0.024726245099388477,0.02684563753647892,0.028611797900720992,0.03002472619211458,0.03002472619211458,0.033557046920598646,0.035676439357689126,0.03885552801332475,0.03885552801332475,0.040621688377566786,0.040621688377566786,0.040621688377566786,0.042387848741808815,0.042387848741808815,0.042387848741808815,0.042387848741808815,0.042387848741808815,0.042387848741808815,0.042387848741808815,0.042387848741808815,0.042387848741808815,0.042387848741808815,0.042387848741808815,0.042387848741808815,0.042387848741808815,0.042387848741808815,0.042387848741808815,0.042387848741808815,0.042387848741808815,0.042387848741808815,0.042387848741808815,0.042387848741808815,0.042387848741808815,0.042387848741808815,0.040621688377566786,0.040621688377566786,0.040621688377566786,0.040621688377566786,0.040621688377566786,0.039208760086173154,0.03885552801332475,0.03885552801332475,0.03885552801332475,0.037089367649082716,0.037089367649082716,0.037089367649082716,0.037089367649082716,0.037089367649082716,0.03532320728484068,0.033557046920598646,0.033557046920598646,0.03179088655635661,0.03002472619211458,0.03002472619211458,0.03002472619211458,0.03002472619211458,0.03002472619211458,0.03002472619211458,0.03002472619211458,0.03002472619211458,0.028258565827872544,0.028258565827872544,0.028258565827872544,0.028258565827872544,0.02649240546363051,0.02649240546363051,0.02649240546363051,0.02649240546363051,0.024726245099388477,0.024726245099388477,0.024726245099388477,0.024726245099388477,0.024726245099388477,0.024726245099388477,0.02331331680799489,0.022960084735146442,0.021193924370904407,0.021193924370904407,0.021193924370904407,0.021193924370904407,0.021193924370904407,0.022960084735146442,0.022960084735146442,0.02331331680799489,0.022960084735146442,0.022960084735146442,0.022960084735146442,0.021193924370904407,0.021193924370904407,0.021193924370904407,0.019427764006662376,0.019427764006662376,0.019427764006662376,0.019427764006662376,0.018014835715268747,0.01766160364242034,0.01766160364242034,0.01766160364242034
9261700,0.0,0.0,0.0,0.0,0.0,0.0,0.0,0.0,0.0,0.0,0.0,0.0,0.0,0.0,0.0,0.0,0.0,0.0,0.0,0.0,0.0,0.0,0.0,0.0,0.0,0.0,0.0,0.0,0.0,0.0,0.0,0.0,0.0,0.0,0.0,0.0,0.0,0.0,0.0,0.0,0.0,0.0,0.0,0.0,0.0,0.0,0.0,0.0,0.0,0.0,0.0,0.0,0.0,0.0,0.0,0.0,0.0,0.0,0.0,0.0,0.0,0.0,0.0,0.0,0.0,0.000327868798710026,0.0032786879871003183,0.0032786879871003183,0.0036065567858104023,0.004918031980650507,0.006557375974200665,0.006557375974200665,0.00688524477291072,0.008196719967750824,0.008196719967750824,0.008196719967750824,0.008196719967750824,0.008196719967750824,0.008196719967750824,0.009836063961300984,0.01016393276001101,0.011475407954851143,0.01311475194840133,0.016393439935501648,0.016393439935501648,0.016393439935501648,0.016393439935501648,0.016393439935501648,0.016393439935501648,0.016393439935501648,0.016393439935501648,0.018360652727761835,0.02327868470841237,0.028196716689062876,0.02950819188390298,0.032786879871003295,0.032786879871003295,0.040983599838754124,0.045901631819404626,0.049180319806504946,0.049180319806504946,0.05934425256651596,0.06557375974200659,0.06557375974200659,0.08196719967750825,0.08754096925557886,0.09836063961300989,0.11475407954851154,0.13114751948401318,0.14754095941951484,0.15377046659500562,0.16786882493953686,0.19081964084923927,0.21311471916152144,0.2508196310131752,0.28557372367643874,0.327868798710033,0.37704911851653794,0.4203277999462623,0.45081959822629536,0.48557369088955893,0.5081966380005511,0.5278687659231531,0.5573769578070561,0.585901543294829,0.6098359656006614,0.645245795861345,0.6757375941413779,0.7068851300188311,0.745573648266615,0.755737581026626,0.7947539680731199,0.8206556031712126,0.8511474014512457,0.8577047774254463,0.8999998524590406,0.9216391931739026,0.9367211579145645,0.9901637721042997,0.9999998360656006,0.9999998360656006,0.9999998360656006,0.9999998360656006,0.9695080377855678,0.9183605051868023,0.885245756517089,0.8524588766460858,0.8239342911583131,0.7868851169040791,0.7626228257995368,0.714753981187872,0.6737703813491178,0.6393441574845643,0.6147539975813119,0.5927867880677395,0.5737703977425577,0.545245812254785,0.5245900779360527,0.5081966380005511,0.48885237887665917,0.45901631819404615,0.4426228782585445,0.4262294383230429,0.4098359983875412,0.39344255845203957,0.38131141289976844,0.37704911851653794,0.36065567858103625,0.3449179762429548,0.3442622386455346,0.3442622386455346,0.3442622386455346,0.33934420666488413,0.3311474866971333,0.327868798710033,0.327868798710033,0.327868798710033,0.3232786355280925,0.31508191556034165,0.3114753587745313,0.3114753587745313,0.3114753587745313,0.3042622452029108,0.29868847562484,0.2950819188390297,0.2950819188390297,0.2950819188390297,0.2950819188390297,0.2950819188390297,0.2950819188390297,0.2950819188390297,0.2950819188390297,0.2950819188390297,0.2950819188390297,0.2950819188390297,0.2950819188390297,0.2950819188390297,0.2950819188390297,0.2950819188390297,0.2950819188390297,0.2950819188390297,0.2918032308519294,0.28688519887127883,0.27868847890352805,0.27868847890352805,0.27868847890352805,0.2659015957538367,0.26229503896802636,0.26229503896802636,0.2547540565976957,0.24590159903252473,0.24590159903252473,0.238032747863484,0.22622947110992278,0.21311471916152144,0.2036065239989305,0.19672127922601979,0.18032783929051813,0.17573767610857766,0.1639343993550165,0.1622950553614663,0.15081964740661516,0.14754095941951484,0.14426227143241452,0.13278686347756338,0.1281967002956229,0.12295079951626237,0.11672129234077182,0.11475407954851154,0.10491801558721053,0.10163932760011021,0.09836063961300989,0.0967212956194597,0.09377047643106948,0.09016391964525906,0.08393441246976852,0.08196719967750825,0.08196719967750825,0.07868851169040793,0.07704916769685774,0.07377047970975742,0.0704917917226571,0.06721310373555675,0.06557375974200659,0.06557375974200659,0.06557375974200659,0.06557375974200659,0.06393441574845644,0.06065572776135609,0.06065572776135609,0.05901638376780593,0.056065564579415667,0.055737695780705615,0.05245900779360527,0.050819663800055107,0.050819663800055107,0.050819663800055107,0.049180319806504946,0.049180319806504946,0.049180319806504946,0.049180319806504946,0.049180319806504946,0.049180319806504946,0.049180319806504946,0.049180319806504946,0.049180319806504946,0.049180319806504946,0.049180319806504946,0.049180319806504946,0.049180319806504946,0.049180319806504946,0.049180319806504946,0.049180319806504946,0.049180319806504946,0.049180319806504946,0.049180319806504946,0.049180319806504946,0.049180319806504946,0.049180319806504946,0.049180319806504946,0.049180319806504946,0.049180319806504946,0.049180319806504946,0.047540975812954786,0.046229500618114684,0.046229500618114684,0.045901631819404626,0.045901631819404626,0.045901631819404626,0.045901631819404626,0.045901631819404626,0.045901631819404626,0.045901631819404626,0.045901631819404626,0.045901631819404626,0.045901631819404626,0.04426228782585444,0.042622943832304284,0.040983599838754124,0.039344255845203964,0.039344255845203964,0.037704911851653804,0.037704911851653804,0.034426223864553455,0.034426223864553455,0.034426223864553455,0.033114748669713326,0.032786879871003295,0.032786879871003295,0.032786879871003295,0.032786879871003295,0.032786879871003295,0.032786879871003295,0.032786879871003295,0.032786879871003295,0.032786879871003295,0.032786879871003295,0.032786879871003295,0.032786879871003295,0.032786879871003295,0.03114753587745314,0.02950819188390298,0.02786884789035279,0.026229503896802633,0.024590159903252473,0.022950815909702313,0.022950815909702313,0.022950815909702313,0.022950815909702313,0.01999999672131205,0.018032783929051808,0.018032783929051808,0.016721308734211675,0.016393439935501648,0.016393439935501648,0.016393439935501648,0.016393439935501648,0.016393439935501648,0.016393439935501648,0.016393439935501648,0.016393439935501648,0.016393439935501648,0.016393439935501648,0.016393439935501648,0.016393439935501648,0.016393439935501648,0.016393439935501648,0.016393439935501648,0.016393439935501648,0.016393439935501648,0.016393439935501648,0.015081964740661546,0.013442620747111386,0.01311475194840133,0.01311475194840133,0.011475407954851143,0.011475407954851143,0.008524588766460851,0.008196719967750824,0.008196719967750824,0.008196719967750824,0.004918031980650507,0.0032786879871003183,0.0032786879871003183,0.0032786879871003183,0.0032786879871003183
9266500,0.012075470938649637,0.007044024714212344,0.006666666247379518,0.00628930778054668,0.00628930778054668,0.00628930778054668,0.00628930778054668,0.006415093936157612,0.006415093936157612,0.006918238558601346,0.006918238558601346,0.006918238558601346,0.006918238558601346,0.006918238558601346,0.006918238558601346,0.006918238558601346,0.006415093936157612,0.00628930778054668,0.00628930778054668,0.00628930778054668,0.00628930778054668,0.00628930778054668,0.00628930778054668,0.00628930778054668,0.00628930778054668,0.00628930778054668,0.00628930778054668,0.00628930778054668,0.00628930778054668,0.00628930778054668,0.00628930778054668,0.00628930778054668,0.00628930778054668,0.00628930778054668,0.00628930778054668,0.00628930778054668,0.00628930778054668,0.00628930778054668,0.00628930778054668,0.00628930778054668,0.0057861631581029565,0.005660377002492015,0.005031446224437349,0.005031446224437349,0.004402515446382671,0.003773584668328006,0.00314465389027334,0.00314465389027334,0.00314465389027334,0.00314465389027334,0.0025157231122186745,0.0018867923341640085,0.0012578615561093316,0.0006289307780546658,0.0006289307780546658,0.0,0.0,0.0,0.0,0.0,0.0,0.0,0.0,0.0,0.0,0.0,0.0,0.0,0.0,0.0,0.0,0.0,0.0,0.0,0.0,0.0,0.0,0.0,0.0,0.0,0.0,0.0,0.0,0.0,0.0,0.00012578615561093092,0.0018867923341640085,0.0038993708239389367,0.00628930778054668,0.00628930778054668,0.00628930778054668,0.006666666247379518,0.010188678604485617,0.012075470938649637,0.01257861556109336,0.01257861556109336,0.013459118650369922,0.017232703318697928,0.01886792334164004,0.01886792334164004,0.019622640275305636,0.02264150800996805,0.02515723112218672,0.02515723112218672,0.02893081579051473,0.031446538902733405,0.03459119279300674,0.03773584668328008,0.04088050057355342,0.044025154463826766,0.048553456065820365,0.05031446224437344,0.05471697769075611,0.056855342336142006,0.06289307780546681,0.06943395789723537,0.08125785652466312,0.09094339050670502,0.10276728913413277,0.11949684783038693,0.14691822975357055,0.1776100517226383,0.20125784897749377,0.22025155847474476,0.24792451270915014,0.2830188501246006,0.314591175182945,0.36528299589415125,0.40880500573553424,0.4397484000158239,0.48503141603576,0.5283018535659212,0.5723270080297479,0.610062854713028,0.6427672551718708,0.6981131636406815,0.7937106419049912,0.8616351659348952,0.9006288741742847,0.943396167082002,0.9635219519797515,0.9874213215458288,0.9874213215458288,0.9874213215458288,0.9886791831019383,0.9999999371069221,0.9773584290969544,0.9635219519797515,0.9496854748625487,0.9371068593014553,0.8993710126181753,0.856603719710458,0.8364779348127085,0.7937106419049912,0.7547169336656017,0.7308175640995244,0.7106917792017748,0.6930817174162442,0.6540880091768547,0.6415093936157614,0.628930778054668,0.6226414702741213,0.610062854713028,0.5974842391519346,0.5911949313713879,0.5786163158102946,0.5723270080297479,0.5660377002492012,0.5534590846881079,0.5447798399509535,0.5316980797674163,0.5222641180965963,0.5161005964716606,0.5076729240457281,0.49710688697440963,0.4845282714133163,0.471698083541001,0.4636477695819013,0.4593710402911296,0.45911946797990766,0.4532075186661938,0.45232701557691724,0.44742135550809087,0.44666663857442523,0.4465408524188143,0.44075468926071143,0.42855343216645087,0.42528299212056647,0.4213836212966276,0.40364777335548596,0.39622639017444083,0.3899370823938942,0.3758490329654697,0.3679245051619808,0.3584905434911608,0.3549685311340547,0.3522012357106141,0.3459119279300674,0.3396226201495207,0.3379874001265787,0.33333331236897407,0.3283018661445367,0.32389935069815406,0.3207546968078807,0.314465389027334,0.30855343971362015,0.30767293662434364,0.3020125596218516,0.3003773395989095,0.29559746568569395,0.2925785979510316,0.2849056424587646,0.2825157055021569,0.27672954234405395,0.2755974669435555,0.27044023456350724,0.27044023456350724,0.26679243605079017,0.2641509267829606,0.2641509267829606,0.2578616190024139,0.2537106758672531,0.24880501579842668,0.24528300344132054,0.2412578464617707,0.23899369566077386,0.23622640023733332,0.23270438788022718,0.22805030012262267,0.2264150800996805,0.22075470309718853,0.21811319382935893,0.21383646453858712,0.21383646453858712,0.21283017529369969,0.21144652758197943,0.20754715675804045,0.20201256591115946,0.1949685411969471,0.18566036568173808,0.164905650005934,0.157232694513667,0.15094338673312033,0.14465407895257365,0.13836477117202697,0.12679244485582114,0.12226414325382749,0.11584904931766986,0.11194967849373091,0.1089308107590685,0.10691823226929356,0.10226414451168905,0.10062892448874688,0.09433961670820021,0.08880502586131914,0.08691823352715512,0.08364779348127085,0.08176100114710684,0.07937106419049911,0.07811320263438978,0.07735848570072418,0.07547169336656016,0.07547169336656016,0.07547169336656016,0.07547169336656016,0.07547169336656016,0.07433961796606177,0.07169810869823215,0.07006288867529005,0.06981131636406816,0.07006288867529005,0.06981131636406816,0.06918238558601349,0.06930817174162443,0.06918238558601349,0.06930817174162443,0.06918238558601349,0.06918238558601349,0.06918238558601349,0.06754716556307133,0.06855345480795881,0.06867924096356975,0.06855345480795881,0.06679244862940575,0.06666666247379482,0.06666666247379482,0.06666666247379482,0.06666666247379482,0.06729559325184947,0.06666666247379482,0.06616351785135109,0.06553458707329642,0.06415093936157613,0.06314465011668868,0.06289307780546681,0.06289307780546681,0.06226414702741213,0.0617610024049684,0.061006285471302796,0.06037735469324814,0.059748423915193465,0.05911949313713879,0.05735848695858573,0.056603770024920126,0.056603770024920126,0.056603770024920126,0.05471697769075611,0.05408804691270146,0.05220125457853745,0.05094339302242812,0.05031446224437344,0.04981131762192972,0.048427669910209435,0.04666666373165638,0.04465408524188144,0.044025154463826766,0.044025154463826766,0.044025154463826766,0.044025154463826766,0.04276729290771743,0.041509431351608096,0.040251569795498744,0.03911949439500036,0.03798741899450197,0.03773584668328008,0.03773584668328008,0.03773584668328008,0.037232702060836356,0.03283018661445369,0.031446538902733405,0.031446538902733405,0.031446538902733405,0.031446538902733405,0.031446538902733405,0.02893081579051473,0.02515723112218672,0.02515723112218672,0.02515723112218672,0.02515723112218672,0.02515723112218672,0.02515723112218672,0.023396224943633664,0.021383646453858714,0.01886792334164004,0.01886792334164004,0.01886792334164004,0.01886792334164004,0.01886792334164004,0.01886792334164004,0.01257861556109336,0.01257861556109336,0.01257861556109336,0.01257861556109336,0.01257861556109336,0.01257861556109336,0.01257861556109336,0.01257861556109336,0.01257861556109336,0.01257861556109336,0.01257861556109336,0.01257861556109336,0.01257861556109336,0.01257861556109336,0.01257861556109336,0.01257861556109336,0.01257861556109336
9277500,0.3740740048011105,0.3888888168724413,0.382962892043909,0.3844443732510421,0.3844443732510421,0.3888888168724413,0.3888888168724413,0.3888888168724413,0.3888888168724413,0.3888888168724413,0.3888888168724413,0.3888888168724413,0.3888888168724413,0.3888888168724413,0.3888888168724413,0.3888888168724413,0.3888888168724413,0.3888888168724413,0.3888888168724413,0.3888888168724413,0.3888888168724413,0.3888888168724413,0.3888888168724413,0.3888888168724413,0.3888888168724413,0.3888888168724413,0.3888888168724413,0.3888888168724413,0.3888888168724413,0.3888888168724413,0.3888888168724413,0.3888888168724413,0.3888888168724413,0.3888888168724413,0.3888888168724413,0.3888888168724413,0.3888888168724413,0.3888888168724413,0.3874073356653085,0.3888888168724413,0.3888888168724413,0.3888888168724413,0.3888888168724413,0.3888888168724413,0.3888888168724413,0.3911110386831408,0.3981480744170232,0.3999999259259395,0.40037029622772274,0.40185177743485606,0.4040739992455558,0.40740733196160517,0.40740733196160517,0.40740733196160517,0.40962955377230464,0.4148147379972708,0.4203702925240199,0.425925847050769,0.425925847050769,0.425925847050769,0.425925847050769,0.4318517718793016,0.4355554748971342,0.4411110294238835,0.44444436213993294,0.44444436213993294,0.44999991666668204,0.45555547119343115,0.4629628772290968,0.4629628772290968,0.4629628772290968,0.46481472873801305,0.4685184317558459,0.46888880205762934,0.4725925050754619,0.474073986282595,0.47629620809329476,0.48148139231826065,0.48148139231826065,0.48148139231826065,0.48703694684500975,0.4907406498628426,0.4985184262002917,0.502222129218124,0.5096295352537896,0.5137036085734059,0.5185184224965884,0.524444347325121,0.5337036048697029,0.5396295296982352,0.551111009053517,0.5722221162551637,0.5837035956104452,0.5911110016461111,0.600370259190693,0.6111109979424078,0.6129628494513241,0.6214813663923395,0.6314813645404879,0.6481480281207355,0.6481480281207355,0.6651850620027663,0.6685183947188157,0.6851850582990633,0.7037035733882271,0.7281480133059236,0.7592591186557187,0.7655554137860345,0.7777776337448826,0.7962961488340464,0.7966665191358296,0.8207405887517426,0.8333331790123742,0.8425924365569561,0.854444286214021,0.870370209190702,0.8818516885459836,0.8888887242798659,0.8981479818244478,0.9188887187243113,0.9281479762688933,0.9355553823045587,0.9444442695473574,0.9518516755830231,0.9629627846365213,0.9707405609739702,0.9751850045953694,0.9814812997256852,0.9851850027435183,0.999999814814849,0.999999814814849,0.999999814814849,0.999999814814849,0.999999814814849,0.999999814814849,0.999999814814849,0.999999814814849,0.999999814814849,0.999999814814849,0.999999814814849,0.999999814814849,0.9629627846365213,0.9444442695473574,0.9259257544581936,0.9192590890260945,0.9029627957476305,0.8907405757887821,0.8755553934156681,0.8366665117284241,0.7962961488340464,0.7674072652949511,0.7407406035665548,0.722222088477391,0.6914813534293793,0.6670369135116826,0.6296295130315717,0.6111109979424078,0.57407396776408,0.5370369375857522,0.5185184224965884,0.4999999074074245,0.489629538957493,0.4785184299039945,0.4559258414952143,0.428518439163252,0.40740733196160517,0.4055554804526889,0.38185178113855883,0.3703703017832774,0.35185178669411354,0.3314814200960334,0.31481475651578583,0.31481475651578583,0.3059258692729872,0.2962962414266219,0.27629624513032497,0.2592592112482942,0.24851847249657918,0.241481436762697,0.2388888446502139,0.22222218106996647,0.22074069986283337,0.20814810960220195,0.20074070356653642,0.18370366968450563,0.14518515829904483,0.1296296056241471,0.11111109053498323,0.07407406035665548,0.05740739677640803,0.0537036937585752,0.03703703017832774,0.03703703017832774,0.02777777263374581,0.01851851508916387,0.017037033882030792,0.009259257544582067,0.005925924828532444,0.017037033882030792,0.017037033882030792,0.005555554526749109,0.0,0.0,0.0,0.0,0.0,0.0,0.003703703017832827,0.004074073319616031,0.0007407406035666706,0.0,0.0,0.0,0.0,0.0,0.0,0.0,0.0,0.0003703703017833353,0.011481479355281684,0.017037033882030792,0.01851851508916387,0.01851851508916387,0.01851851508916387,0.026296291426612727,0.02777777263374581,0.02777777263374581,0.02777777263374581,0.026296291426612727,0.01851851508916387,0.01851851508916387,0.01851851508916387,0.02777777263374581,0.03333332716049492,0.03518517866941133,0.03703703017832774,0.03703703017832774,0.03703703017832774,0.03703703017832774,0.03703703017832774,0.03703703017832774,0.04888887983539263,0.05555554526749162,0.05555554526749162,0.05555554526749162,0.05629628587105828,0.06962961673525625,0.07407406035665548,0.07629628216735523,0.0796296148834046,0.08259257729767101,0.08925924272976986,0.09259257544581935,0.0985185002743518,0.10037035178326821,0.10629627661180066,0.11111109053498323,0.12444442139918119,0.1296296056241471,0.14111108497942879,0.152222194032927,0.1711110794238742,0.18148144787380588,0.19074070541838783,0.21148144231825144,0.22222218106996647,0.24074069615913032,0.2592592112482942,0.27777772633745806,0.29111105720165603,0.2962962414266219,0.31481475651578583,0.3333332716049497,0.35185178669411354,0.36851845027436114,0.37814807812072654,0.40740733196160517,0.44444436213993294,0.4629628772290968,0.48148139231826065,0.5185184224965884,0.5240739770233375,0.5503702684499502,0.57407396776408,0.5925924828532438,0.6188887742798566,0.6614813589849334,0.6855554286008464,0.7166665339506418,0.7351850490398057,0.7499998611111368,0.761110970164635,0.7777776337448826,0.7814813367627155,0.7855554100823314,0.7925924458162137,0.7999998518518793,0.8148146639232103,0.8148146639232103,0.8151850342249936,0.8203702184499595,0.8225924402606591,0.8240739214677922,0.8259257729767085,0.8314813275034579,0.8333331790123742,0.8314813275034579,0.8259257729767085,0.8203702184499595,0.8151850342249936,0.8148146639232103,0.8148146639232103,0.8081479984911114,0.7985183706447462,0.7962961488340464,0.7874072615912477,0.7777776337448826,0.7707405980110004,0.7592591186557187,0.7574072671468024,0.7499998611111368,0.7407406035665548,0.7322220866255396,0.722222088477391,0.722222088477391,0.7085183873114098,0.7037035733882271,0.6962961673525615,0.6851850582990633,0.6851850582990633,0.672592468038432,0.6651850620027663,0.6488887687243021,0.6481480281207355,0.6299998833333549,0.6296295130315717,0.6207406257887729,0.6111109979424078,0.5988887779835597,0.5925924828532438,0.5907406313443276,0.5762961895747795,0.57407396776408,0.5725924865569472,0.5555554526749161,0.5555554526749161,0.5370369375857522,0.5185184224965884,0.5185184224965884,0.5185184224965884,0.4999999074074245,0.4999999074074245,0.49703694499315837,0.48148139231826065,0.48148139231826065,0.48148139231826065,0.47074065356654593,0.4629628772290968,0.4629628772290968,0.4629628772290968,0.44444436213993294,0.44444436213993294,0.42629621735255224,0.425925847050769,0.425925847050769,0.425925847050769
9279000,0.03846152366864474,0.03846152366864474,0.03846152366864474,0.03846152366864474,0.03846152366864474,0.03461537130178022,0.0315384494082887,0.030769218934915684,0.030769218934915684,0.030769218934915684,0.030769218934915684,0.030769218934915684,0.030769218934915684,0.030769218934915684,0.030769218934915684,0.027692297041424445,0.0230769142011869,0.0230769142011869,0.015384609467457842,0.015384609467457842,0.011538457100593313,0.007692304733729058,0.0,0.0,0.0,0.0,0.0,0.0,0.0,0.0,0.0,0.0,0.0,0.0,0.0,0.003846152366864529,0.004615382840237544,0.007692304733729058,0.011538457100593313,0.011538457100593313,0.011538457100593313,0.012307687573966329,0.015384609467457842,0.01923076183432237,0.01923076183432237,0.01923076183432237,0.019999992307695388,0.0230769142011869,0.02692306656805143,0.0315384494082887,0.03538460177515323,0.03846152366864474,0.03846152366864474,0.03846152366864474,0.03846152366864474,0.03846152366864474,0.03846152366864474,0.04692305887574682,0.06538459023669617,0.07307689497042495,0.07692304733728948,0.07692304733728948,0.07692304733728948,0.07692304733728948,0.07692304733728948,0.07692304733728948,0.07692304733728948,0.07692304733728948,0.07692304733728948,0.07692304733728948,0.07692304733728948,0.0776922778106625,0.08076919970415401,0.08153843017752703,0.08076919970415401,0.08461535207101854,0.0884615044378828,0.08923073491125581,0.09615380917161186,0.09615380917161186,0.09999996153847639,0.10384611390534092,0.1115384186390697,0.11538457100593423,0.11538457100593423,0.11538457100593423,0.11538457100593423,0.11923072337279876,0.11923072337279876,0.11923072337279876,0.11923072337279876,0.11923072337279876,0.11999995384617178,0.12307687573966329,0.12307687573966329,0.12692302810652753,0.12769225857990055,0.13076918047339206,0.1353845633136296,0.13846148520712112,0.14230763757398565,0.1461537899408499,0.14999994230771443,0.15384609467457896,0.15384609467457896,0.15384609467457896,0.1576922470414435,0.16538455177517228,0.1692307041420368,0.17692300887576587,0.1807691612426304,0.18461531360949465,0.18846146597635918,0.1923076183432237,0.1923076183432237,0.1923076183432237,0.20384607544381703,0.2115383801775461,0.23076914201186846,0.23153837248524148,0.2507691343195638,0.2692306656805132,0.2692306656805132,0.284615275147971,0.2961537322485646,0.30769218934915793,0.30769218934915793,0.315384494082887,0.33076910355034483,0.3461537130178027,0.3461537130178027,0.35384601775153174,0.3699998576923626,0.3846152366864474,0.389230619526685,0.40769215088763433,0.41923060798822764,0.4230767603550922,0.44230752218941455,0.45384597929000786,0.4615382840237369,0.469230588757466,0.4807690458580593,0.4923075029586526,0.49999980769238167,0.5153844171598395,0.5238459523669415,0.5346151789941619,0.5384613313610264,0.5384613313610264,0.5507690189349927,0.5623074760355863,0.5769228550296711,0.5769228550296711,0.5892305426036375,0.5999997692308581,0.6153843786983159,0.6276920662722822,0.6461535976332315,0.6769228165681476,0.6923074260356054,0.7115381878699277,0.7307689497042501,0.7884612352072172,0.8153843017752687,0.8423073683433199,0.8592304387575237,0.8846150443788291,0.9046150366865244,0.9230765680474738,0.9230765680474738,0.9615380917161186,0.9615380917161186,0.9853842363906785,0.9969226934912718,0.9999996153847633,0.9999996153847633,0.9999996153847633,0.9999996153847633,0.9999996153847633,0.9999996153847633,0.9930765411244072,0.9923073106510343,0.9784611621303224,0.9615380917161186,0.9553842479291356,0.9230765680474738,0.9230765680474738,0.9230765680474738,0.9230765680474738,0.9230765680474738,0.9230765680474738,0.8846150443788291,0.8523073644971674,0.8461535207101843,0.8461535207101843,0.826922758875862,0.8230766065089975,0.8076919970415396,0.8076919970415396,0.8076919970415396,0.8076919970415396,0.8007689227811836,0.7961535399409463,0.7892304656805903,0.7815381609468612,0.7769227781066239,0.7692304733728949,0.7623073991125389,0.75461509437881,0.7507689420119456,0.7538458639054371,0.7507689420119456,0.7538458639054371,0.7538458639054371,0.7507689420119456,0.7430766372782165,0.7346151020711147,0.7307689497042501,0.7307689497042501,0.7307689497042501,0.7269227973373856,0.7199997230770295,0.6999997307693344,0.6930766565089784,0.6923074260356054,0.6923074260356054,0.6923074260356054,0.6853843517752494,0.673845894674656,0.6576920547338252,0.6538459023669606,0.6384612928995028,0.6169228396450619,0.6153843786983159,0.6153843786983159,0.5769228550296711,0.5769228550296711,0.569230550295942,0.5461536360947554,0.5384613313610264,0.5384613313610264,0.5276921047338058,0.5153844171598395,0.49999980769238167,0.49999980769238167,0.49999980769238167,0.49999980769238167,0.49999980769238167,0.48538442869829684,0.47692289349119477,0.469230588757466,0.4615382840237369,0.4615382840237369,0.4615382840237369,0.45384597929000786,0.45076905739651635,0.4461536745562791,0.43923060029592303,0.431538295562194,0.4269229127219567,0.4238459908284652,0.4230767603550922,0.4230767603550922,0.4230767603550922,0.41923060798822764,0.40846138136100735,0.4038459985207698,0.39692292426041376,0.39615369378704074,0.38846138905331196,0.38846138905331196,0.3846152366864474,0.3846152366864474,0.3846152366864474,0.3846152366864474,0.3846152366864474,0.3807690843195829,0.37692293195271837,0.37384601005922685,0.3730767795858541,0.3692306272189896,0.36615370532549807,0.3615383224852605,0.357692170118396,0.35384601775153174,0.3499998653846672,0.3499998653846672,0.3461537130178027,0.3461537130178027,0.3461537130178027,0.3384614082840736,0.3269229511834803,0.315384494082887,0.30769218934915793,0.30769218934915793,0.2961537322485646,0.28846142751483556,0.2692306656805132,0.2692306656805132,0.26538451331364865,0.25384605621305534,0.23076914201186846,0.23076914201186846,0.2230768372781394,0.2115383801775461,0.19615377071008824,0.1923076183432237,0.1923076183432237,0.1923076183432237,0.18846146597635918,0.1807691612426304,0.1692307041420368,0.16538455177517228,0.16153839940830803,0.1576922470414435,0.15384609467457896,0.15384609467457896,0.15384609467457896,0.14999994230771443,0.1461537899408499,0.13846148520712112,0.1346153328402566,0.1346153328402566,0.13076918047339206,0.13076918047339206,0.12307687573966329,0.12307687573966329,0.11923072337279876,0.11923072337279876,0.11538457100593423,0.11538457100593423,0.11538457100593423,0.11538457100593423,0.11538457100593423,0.11538457100593423,0.1115384186390697,0.10769226627220517,0.09999996153847639,0.09999996153847639,0.09615380917161186,0.08923073491125581,0.08538458254439156,0.08076919970415401,0.07692304733728948,0.07692304733728948,0.07692304733728948,0.07692304733728948,0.07692304733728948,0.07692304733728948,0.07692304733728948,0.07692304733728948,0.07692304733728948,0.07692304733728948,0.07692304733728948,0.07692304733728948,0.07692304733728948,0.07692304733728948,0.07692304733728948,0.0669230511834422,0.061538437869831646,0.057692285502967115,0.057692285502967115,0.053846133136102585,0.053846133136102585,0.053846133136102585
9289500,0.010638297306473548,0.010638297306473548,0.010638297306473548,0.010638297306473548,0.010638297306473548,0.010638297306473548,0.010638297306473548,0.010638297306473548,0.010638297306473548,0.010638297306473548,0.010638297306473548,0.010638297306473548,0.005851063518560497,0.005319148653236774,0.005319148653236774,0.005319148653236774,0.005319148653236774,0.005319148653236774,0.005319148653236774,0.005319148653236774,0.005319148653236774,0.005319148653236774,0.005319148653236774,0.005319148653236774,0.005319148653236774,0.005319148653236774,0.001914893515165311,0.0,0.0,0.0,0.0,0.0,0.0,0.0,0.0,0.0,0.0,0.0,0.0,0.0,0.0,0.0,0.0,0.0,0.0,0.0,0.0,0.0,0.0,0.0,0.0,0.0,0.0,0.0,0.0,0.0,0.0,0.0,0.0,0.0,0.0,0.0,0.0,0.0,0.0,0.0006382978383884182,0.003829787030330471,0.005319148653236774,0.005319148653236774,0.005319148653236774,0.005319148653236774,0.005319148653236774,0.005319148653236774,0.005319148653236774,0.007127659195337295,0.010106382441149862,0.010638297306473548,0.010638297306473548,0.010638297306473548,0.010638297306473548,0.010638297306473548,0.010638297306473548,0.0107446802795383,0.011702127037120898,0.012872339740833,0.013297871633091934,0.014361701363739285,0.015531914067451389,0.015957445959710322,0.015957445959710322,0.015957445959710322,0.015957445959710322,0.016702126771163492,0.021276594612947095,0.021276594612947095,0.025744679481666,0.026595743266183868,0.026595743266183868,0.026595743266183868,0.026595743266183868,0.026595743266183868,0.031914891919420645,0.031914891919420645,0.031914891919420645,0.031914891919420645,0.03723404057265742,0.03723404057265742,0.04255318922589419,0.04255318922589419,0.0470212740946131,0.04787233787913096,0.053191486532367736,0.05851063518560451,0.06946808141127228,0.0776595703372569,0.08085105952919898,0.08510637845178838,0.09212765467406092,0.09574467575826193,0.10265956900746971,0.11170212171797225,0.11574467469443223,0.1223404190244458,0.13297871633091934,0.1382978649841561,0.15117020472498913,0.16489360825034,0.17138296960728885,0.18159573502150353,0.19382977692394807,0.2119148823449531,0.23446807263467706,0.2609574329277961,0.2827659424060669,0.3145744513524228,0.34265955624151295,0.3784042351912641,0.42127657333635254,0.46276593283159934,0.4999999734042567,0.542553162630151,0.5904255005092819,0.6382978383884128,0.6702127303078335,0.728723365493438,0.7872340006790425,0.8191488925984631,0.8574467629017678,0.8882978250905412,0.9255318656631987,0.962765906235856,0.9787233521955664,0.9840425008488032,0.9904254792326872,0.9999999468085135,0.9999999468085135,0.995744627885924,0.9893616495020399,0.9797871819262136,0.9787233521955664,0.9680850548890928,0.9372339927003195,0.9255318656631987,0.899999952127662,0.8776595277840676,0.8563829331711206,0.809574425022637,0.7829786817564531,0.7510637898370325,0.7244680465708486,0.6861701762675438,0.6542552843481232,0.632978689735176,0.611702095122229,0.5957446491625187,0.5744680545495715,0.5585106085898612,0.5382978437075616,0.5212765680172038,0.49468082475101993,0.4787233787913096,0.46276593283159934,0.446808486871889,0.4255318922589419,0.4057446592689011,0.3899999792553202,0.3755318949185162,0.3670212570733374,0.3559574278746049,0.344255300837484,0.3244680678474432,0.31531913216387597,0.3031914732344961,0.29255317592802255,0.28148934672929016,0.2712765813150755,0.2606382840086019,0.25265956102874676,0.24531913588727994,0.2393616893956548,0.23404254074241804,0.22872339208918127,0.22170211586690877,0.21563828640221883,0.20744679747623418,0.2065957336917163,0.2021276488229974,0.19702126611589013,0.19680850016976062,0.1937233939508833,0.19148935151652385,0.1874467985400639,0.18521275610570445,0.1808510542100503,0.17617020339520198,0.17553190555681353,0.17329786312245413,0.17021275690357676,0.16872339528067046,0.16489360825034,0.16489360825034,0.1595744595971032,0.1582978639203264,0.15478722580919013,0.15425531094386644,0.15425531094386644,0.15063828985966543,0.14893616229062967,0.14893616229062967,0.14691488580239973,0.14361701363739288,0.14361701363739288,0.14159573714916293,0.1409574393107745,0.13957446066093296,0.13840424795722087,0.1382978649841561,0.13457446092689035,0.13297871633091934,0.13297871633091934,0.13244680146559565,0.13085105686962464,0.12978722713897728,0.12776595065074733,0.12765956767768258,0.12765956767768258,0.12765956767768258,0.12617020605477627,0.12499999335106418,0.12244680199751054,0.1223404190244458,0.12191488713218686,0.12031914253621584,0.11893616388637429,0.11702127037120902,0.11702127037120902,0.1160638236136264,0.115425525775238,0.115425525775238,0.11340424928700801,0.11170212171797225,0.11170212171797225,0.11170212171797225,0.11170212171797225,0.11170212171797225,0.11170212171797225,0.11063829198732487,0.10957446225667755,0.10904254739135386,0.10808510063377125,0.10638297306473547,0.10638297306473547,0.10638297306473547,0.10638297306473547,0.10638297306473547,0.10585105819941179,0.10446807954957024,0.1034042498189229,0.10180850522295185,0.10159573927682239,0.10159573927682239,0.10159573927682239,0.1010638244114987,0.1010638244114987,0.09957446278859243,0.09861701603100982,0.09787233521955663,0.09648935656971508,0.09574467575826193,0.09574467575826193,0.09574467575826193,0.09574467575826193,0.09574467575826193,0.09319148440470829,0.09042552710502515,0.09042552710502515,0.08680850602082414,0.08510637845178838,0.08510637845178838,0.0845744635864647,0.07999999574468111,0.0797872297985516,0.0797872297985516,0.07776595331032166,0.07457446411837958,0.07446808114531484,0.07446808114531484,0.0740425492530559,0.06914893249207806,0.06914893249207806,0.06627659221933024,0.06382978383884129,0.06382978383884129,0.06382978383884129,0.06382978383884129,0.06053191167383454,0.05851063518560451,0.05329786950543249,0.053191486532367736,0.051063827071073035,0.04787233787913096,0.04787233787913096,0.04787233787913096,0.043829784902671004,0.04255318922589419,0.04255318922589419,0.04255318922589419,0.04255318922589419,0.03946808300701687,0.03723404057265742,0.03723404057265742,0.03723404057265742,0.03723404057265742,0.03723404057265742,0.032765955703938546,0.031914891919420645,0.031914891919420645,0.031914891919420645,0.031914891919420645,0.026595743266183868,0.026595743266183868,0.026595743266183868,0.026595743266183868,0.021276594612947095,0.021276594612947095,0.021276594612947095,0.021276594612947095,0.021276594612947095,0.016489360825034004,0.015957445959710322,0.015957445959710322,0.015957445959710322,0.015957445959710322,0.015957445959710322,0.015957445959710322,0.015957445959710322,0.015957445959710322,0.015957445959710322,0.015957445959710322,0.010638297306473548,0.010638297306473548,0.010638297306473548,0.010638297306473548,0.010638297306473548,0.010638297306473548,0.010638297306473548
9291000,0.0,0.0,0.0,0.0,0.0,0.0,0.0,0.0,0.0,0.0,0.0,0.0,0.0,0.0,0.0,0.0,0.0,0.0,0.0,0.0,0.0,0.0,0.0,0.0,0.0,0.0,0.0,0.0,0.0,0.0,0.0,0.0,0.0,0.0,0.0,0.0,0.0,0.0,0.0,0.0,0.0,0.0,0.0,0.0,0.0,0.0,0.0,0.0,0.0,0.0,0.0,0.0,0.0,0.0,0.0,0.0,0.0,0.0,0.0,0.0,0.0,0.0,0.0,0.0,0.0,0.0,0.0,0.0,0.0,0.0,0.0,0.0,0.0,0.0,0.0,0.0,0.0,0.0,0.0,0.0,0.0,0.0,0.0,0.0,0.0,0.0,0.0,0.0,0.0,0.0,0.0,0.0,0.0,0.0,0.0,0.0,0.0,0.0,0.0,0.0,0.0,0.0,0.0,0.0,0.0,0.0,0.0,0.0,0.0,0.0,0.0,0.0,0.003005595403453422,0.004492405895587297,0.0077218222333404855,0.013988808393732679,0.02047961548842465,0.02760191736203368,0.03215827209599232,0.03668265241076529,0.07154276292794712,0.12470023482413137,0.19744203847154124,0.24212628928352184,0.36450837871669156,0.41966425181198036,0.4876098925815391,0.5203836722468557,0.5755395453421445,0.6083133250074612,0.6482813489895545,0.7082333849626945,0.7434052460669366,0.7673860604561926,0.7793764676508207,0.795363677243658,0.7993604796418673,0.8153476892347047,0.8281374569089746,0.8361310617053932,0.8393285036239607,0.8393285036239607,0.8393285036239607,0.8393285036239607,0.8393285036239607,0.8393285036239607,0.8393285036239607,0.8361310617053932,0.8353317012257514,0.8353317012257514,0.8353317012257514,0.8353317012257514,0.8361310617053932,0.8353317012257514,0.8353317012257514,0.8321342593071839,0.8321342593071839,0.8353317012257514,0.8361310617053932,0.8401278641036025,0.8513189108185887,0.8593125156150074,0.8633093180132168,0.8713029228096354,0.8832933300042635,0.9032773419953101,0.9112709467917288,0.9192645515881475,0.9272581563845661,0.9312549587827754,0.9432453659774035,0.9560351336516733,0.9752197851630782,0.9872101923577061,0.9912069947559156,0.9912069947559156,0.9912069947559156,0.9920063552355574,0.9952037971541249,0.9992005995523342,0.9992005995523342,0.9992005995523342,0.999999960031976,0.999999960031976,0.9992005995523342,0.9992005995523342,0.9952037971541249,0.9872101923577061,0.9872101923577061,0.9832133899594968,0.9832133899594968,0.9792165875612875,0.9752197851630782,0.9712229827648688,0.9632293779684502,0.9552357731720315,0.9432453659774035,0.9352517611809847,0.9232613539863568,0.9112709467917288,0.8952837371988914,0.8752997252078447,0.8481214689000212,0.8393285036239607,0.8273380964293328,0.8113508868364954,0.7873700724472393,0.7761790257322532,0.7633892580579833,0.7434052460669366,0.7282173969537411,0.6802557681752291,0.6274979765188659,0.5995203597314005,0.5835331501385632,0.5595523357493072,0.5283772770432744,0.4964028578575997,0.46762588059049237,0.45963227579407373,0.4556354733958644,0.4356514614048177,0.42845721708804096,0.42446041468983164,0.4124700074952036,0.40767384461735234,0.3901678501131956,0.3717026230334683,0.35979215188680447,0.33629095378533364,0.3237409942549563,0.31974419185674696,0.3057553834630143,0.30535570322319333,0.30375698226390957,0.28521181913621835,0.27545962128458756,0.2678656967279897,0.24140686485184407,0.23581134149435087,0.23477217287081645,0.2278177366979322,0.21462828878384138,0.19800159080729057,0.1838529103176295,0.17034371821168195,0.15187849113195478,0.11334931601321685,0.08713029228096354,0.06474819885099133,0.04796162877851204,0.043964826380302705,0.03313349188115541,0.024684251611340868,0.017945642767959923,0.010391686235344276,0.007593924556597739,0.003277377966531656,0.0,0.0,0.0,0.0,0.0,0.0,0.0,0.0,0.0,0.0,0.0,0.0,0.0,0.0,0.0,0.0,0.0,0.0,0.0,0.0,0.0,0.0,0.0,0.0,0.0,0.0,0.0,0.0,0.0,0.0,0.0,0.0,0.0,0.0,0.0,0.0,0.0,0.0,0.0,0.0,0.0,0.0,0.0,0.0,0.0,0.0,0.0,0.0,0.0,0.0,0.0,0.0,0.0,0.0,0.0,0.0,0.0,0.0,0.0,0.0,0.0,0.0,0.0,0.0,0.0,0.0,0.0,0.0,0.0,0.0,0.0,0.0,0.0,0.0,0.0,0.0,0.0,0.0,0.0,0.0,0.0,0.0,0.0,0.0,0.0,0.0,0.0,0.0,0.0,0.0,0.0,0.0,0.0,0.0,0.0,0.0,0.0,0.0,0.0,0.0,0.0,0.0,0.0,0.0,0.0,0.0,0.0,0.0
9292500,0.006060605693296624,0.00678787837649229,0.00678787837649229,0.00678787837649229,0.00678787837649229,0.006060605693296624,0.009818181223140559,0.009818181223140559,0.008727272198347168,0.008727272198347168,0.009818181223140559,0.009696969109274608,0.006060605693296624,0.006060605693296624,0.006060605693296624,0.006060605693296624,0.006060605693296624,0.006060605693296624,0.006060605693296624,0.006060605693296624,0.006060605693296624,0.006060605693296624,0.006060605693296624,0.006060605693296624,0.006060605693296624,0.006060605693296624,0.006060605693296624,0.006060605693296624,0.006060605693296624,0.006060605693296624,0.006060605693296624,0.006060605693296624,0.006060605693296624,0.006060605693296624,0.006060605693296624,0.006060605693296624,0.006060605693296624,0.005454545123966954,0.004848484554637282,0.004242423985307654,0.00024242422773190287,0.0,0.0,0.0,0.0,0.0,0.0,0.0,0.0,0.0,0.0,0.0025454543911845925,0.004242423985307654,0.004969696668503234,0.005454545123966954,0.006060605693296624,0.006060605693296624,0.006060605693296624,0.006060605693296624,0.006060605693296624,0.006060605693296624,0.006060605693296624,0.006060605693296624,0.006060605693296624,0.006060605693296624,0.006666666262626296,0.006666666262626296,0.007272726831955967,0.007878787401285595,0.009090908539944936,0.009696969109274608,0.010303029678604279,0.011515150817263578,0.01163636293112953,0.012121211386593249,0.012121211386593249,0.012121211386593249,0.012121211386593249,0.012121211386593249,0.012121211386593249,0.012121211386593249,0.012121211386593249,0.012121211386593249,0.012121211386593249,0.012121211386593249,0.012121211386593249,0.013333332525252591,0.01454545366391189,0.016606059599632763,0.018181817079889872,0.018181817079889872,0.018181817079889872,0.018181817079889872,0.020121210901744794,0.023030301634527156,0.024242422773186497,0.024242422773186497,0.02436363488705245,0.02969696789715345,0.030303028466483122,0.030303028466483122,0.033454543426997385,0.036363634159779744,0.03878787643709839,0.04242423985307637,0.04242423985307637,0.048484845546372994,0.04860605766023895,0.05454545123966962,0.05515151180899929,0.060606056932966244,0.06496969303213981,0.07127272295316833,0.07587878328007376,0.08484847970615274,0.09090908539944936,0.09696969109274599,0.10303029678604261,0.10909090247933924,0.11515150817263586,0.12121211386593249,0.12666665898989946,0.13284847679706202,0.1387878703764927,0.14254544590633664,0.14799999103030367,0.15490908152066174,0.16363635371900886,0.18181817079889873,0.19115150356657556,0.21212119926538187,0.23890907642975304,0.2704242260348954,0.2970908910854005,0.33721210077502417,0.38181815867768737,0.40606058145087387,0.43636360991735695,0.47272724407713673,0.5090908782369165,0.5466666335353556,0.589090873388432,0.6303029921028489,0.686060564481178,0.7454545002754848,0.8121211629017477,0.8496969182001867,0.8799999466666698,0.9212120653810869,0.9393938824609768,0.9466666092929327,0.9636363052341633,0.9696969109274599,0.9818181223140532,0.9939393337006465,0.999999939393943,0.9951514548393057,0.9757575166207566,0.9757575166207566,0.9709090320661192,0.9648484263728225,0.9575756995408666,0.9345453979063394,0.9151514596877903,0.8848484312213072,0.8666666141414173,0.8484847970615275,0.8181817685950443,0.7939393458218578,0.7696969230486713,0.7515151059687815,0.7272726831955949,0.7030302604224085,0.6787878376492219,0.6618181417079915,0.6424242034894422,0.6242423864095523,0.6060605693296625,0.5818181465564759,0.5709090563085422,0.563636329476586,0.5515151180899929,0.5393939067033996,0.533333301010103,0.515151483930213,0.5103029993755759,0.5030302725436199,0.49696966685032323,0.48484845546372995,0.4666666383838401,0.46060603269054345,0.44848482130395023,0.43636360991735695,0.4303030042240603,0.42424239853076373,0.41212118714417045,0.39999997575757723,0.3939393700642806,0.38787876437098395,0.38181815867768737,0.37575755298439073,0.3696969472910941,0.36363634159779745,0.3578181601322328,0.35309088769146135,0.35151513021120423,0.3454545245179076,0.33939391882461095,0.33575755540863306,0.32751513166574964,0.3212121017447211,0.31515149605142445,0.30909089035812787,0.3018181635261719,0.2969696789715346,0.2957575578328753,0.29042422482277425,0.28484846758494137,0.28278786164922054,0.27878786189164473,0.2727272561983481,0.2715151350596888,0.26618180204958775,0.2609696811533527,0.26060604481175487,0.26060604481175487,0.26060604481175487,0.2561211965987154,0.2545454391184582,0.2535757422075308,0.2512727120440781,0.24909089399449125,0.24848483342516162,0.24848483342516162,0.24375756098439022,0.24242422773186498,0.24012119756841221,0.2370908947217639,0.23636362203856837,0.2346666524444453,0.23030301634527173,0.23030301634527173,0.2296969557759421,0.22848483463728275,0.22484847122130475,0.22436362276584101,0.22424241065197512,0.22424241065197512,0.22424241065197512,0.22424241065197512,0.22303028951331577,0.22303028951331577,0.22181816837465643,0.21818180495867848,0.21769695650321486,0.21381816885950491,0.2128484719485774,0.21212119926538187,0.21115150235445443,0.20909089641873355,0.2073939268246105,0.20618180568595115,0.20606059357208523,0.20606059357208523,0.20606059357208523,0.20606059357208523,0.20133332113131386,0.19999998787878862,0.19793938194306773,0.19539392755188323,0.19393938218549198,0.19393938218549198,0.19115150356657556,0.18787877649219537,0.18787877649219537,0.18496968575941294,0.18181817079889873,0.18181817079889873,0.17769695892745707,0.17575756510560211,0.17527271665013847,0.17163635323416046,0.16969695941230548,0.16969695941230548,0.16909089884297585,0.16363635371900886,0.16363635371900886,0.16315150526354522,0.15769696013957815,0.15612120265932108,0.15151514233241561,0.14642423355004644,0.14545453663911898,0.14012120362901798,0.13939393094582236,0.13357574948025763,0.13333332525252575,0.1321212041138664,0.12739393167309507,0.12545453785124014,0.12121211386593249,0.12072726541046877,0.11769696256382046,0.11515150817263586,0.11127272052892606,0.10860605402387552,0.10375756946923824,0.10303029678604261,0.09830302434527124,0.09648484263728227,0.09224241865197462,0.09090908539944936,0.08727272198347139,0.08484847970615274,0.07878787401285611,0.07878787401285611,0.07587878328007376,0.07272726831955949,0.07272726831955949,0.07272726831955949,0.07042423815610681,0.06787878376492221,0.06666666262626288,0.0660606020569332,0.06363635977961456,0.06133332961616187,0.060606056932966244,0.060606056932966244,0.060606056932966244,0.060606056932966244,0.060606056932966244,0.05963636002203881,0.056363632947658594,0.05454545123966962,0.05454545123966962,0.05103029993755759,0.048484845546372994,0.04678787595224993,0.04242423985307637,0.04242423985307637,0.04242423985307637,0.04193939139761265,0.03781817952617095,0.036363634159779744,0.036363634159779744,0.03418181611019296,0.030303028466483122,0.030303028466483122,0.030303028466483122,0.030303028466483122,0.024242422773186497,0.024242422773186497,0.024242422773186497,0.024242422773186497,0.018181817079889872,0.018181817079889872,0.018181817079889872,0.018181817079889872,0.018181817079889872,0.018181817079889872,0.018181817079889872,0.018181817079889872,0.014666665777777884,0.012121211386593249,0.012121211386593249,0.012121211386593249
9299500,0.019371500977794442,0.019228008377958933,0.017793082379603795,0.01707561938042621,0.01707561938042621,0.01707561938042621,0.01707561938042621,0.01707561938042621,0.01707561938042621,0.01707561938042621,0.01707561938042621,0.01707561938042621,0.01707561938042621,0.01707561938042621,0.01707561938042621,0.01707561938042621,0.01707561938042621,0.01635815638124863,0.01205337838618321,0.00990098938865049,0.00990098938865049,0.00990098938865049,0.00990098938865049,0.00990098938865049,0.00990098938865049,0.00990098938865049,0.00990098938865049,0.00990098938865049,0.00990098938865049,0.00990098938865049,0.00846606339029535,0.006313674392762628,0.005022240994243,0.004878748394407489,0.0034438223960523494,0.0027263593968747672,0.0027263593968747672,0.0027263593968747672,0.0027263593968747672,0.0027263593968747672,0.0027263593968747672,0.0027263593968747672,0.0027263593968747672,0.0027263593968747672,0.0027263593968747672,0.0027263593968747672,0.0027263593968747672,0.0027263593968747672,0.0021523889975327217,0.001291433398519628,0.001291433398519628,0.001291433398519628,0.0005739703993420455,0.001291433398519628,0.0007174629991775569,0.0005739703993420455,0.0,0.0005739703993420455,0.0005739703993420455,0.001291433398519628,0.001291433398519628,0.0020088963976971847,0.0020088963976971847,0.0027263593968747672,0.0027263593968747672,0.0027263593968747672,0.0027263593968747672,0.0027263593968747672,0.0027263593968747672,0.0027263593968747672,0.0027263593968747672,0.002869851996710304,0.004161285395229907,0.005022240994243,0.006313674392762628,0.00703113739194021,0.007748600391117767,0.00846606339029535,0.00846606339029535,0.00990098938865049,0.00990098938865049,0.00990098938865049,0.00990098938865049,0.012914333985196305,0.014923230382893489,0.01707561938042621,0.01707561938042621,0.01707561938042621,0.01851054537878135,0.021380397375491654,0.022958815973682305,0.024250249372201934,0.024250249372201934,0.025685175370557072,0.027837564368089793,0.03070741636480007,0.031424879363977656,0.035012194359865516,0.038599509355753375,0.04017792795394402,0.04520016894818705,0.045774139347529094,0.04591763194736463,0.05294876933930482,0.05294876933930482,0.055962113935850634,0.06012339933108054,0.0645716699259815,0.06729802932285626,0.07318122591611236,0.07533361491364508,0.08408666350361148,0.08968287489719655,0.09599654928995915,0.10317117928173487,0.11278518347071437,0.12469506925706203,0.13631796984373873,0.1462189592323892,0.15339358922416493,0.16286410081330888,0.17491747919949208,0.18926673918304354,0.20361599916659498,0.21079062915837068,0.22513988914192215,0.24135455292333527,0.2610130391008007,0.2825369290761279,0.3052087598501391,0.3205624680325392,0.36346675538335804,0.41311519492644616,0.46907730886229665,0.5264743487965025,0.5838713887307082,0.6627923186402411,0.7201893585744469,0.770411768516877,0.7991102884839798,0.8421580684346341,0.8708565884017371,0.89955510836884,0.9282536283359428,0.9354282583277186,0.94977751831127,0.9641267782948214,0.9856506682701486,0.9856506682701486,0.9856506682701486,0.9928252982619243,0.9999999282537001,0.9870855942685038,0.9856506682701486,0.9784760382783729,0.9641267782948214,0.9569521483030458,0.94977751831127,0.94977751831127,0.9426028883194942,0.9354282583277186,0.9296885543342981,0.9282536283359428,0.9139043683523914,0.9009900343671953,0.8923804783770642,0.8866407743836437,0.8780312183935128,0.8708565884017371,0.8651168844083166,0.8565073284181857,0.8493326984264099,0.8278088084510827,0.8278088084510827,0.8134595484675313,0.8062849184757556,0.7933705844905594,0.7919356584922042,0.7775863985086526,0.7646720645234565,0.7560625085333256,0.741713248549774,0.7287989145645779,0.7273639885662226,0.7130147285826712,0.6986654685991197,0.6843162086155683,0.6714018746303722,0.6627923186402411,0.6513129106534002,0.641268428664914,0.6283540946797178,0.6197445386895868,0.5982206487142596,0.591046018722484,0.5766967587389324,0.561199557956697,0.5537379427652501,0.5408236087800539,0.5336489787882781,0.5264743487965025,0.5151384334094969,0.5121250888129509,0.5059549070200239,0.4977758288293995,0.4900272284382818,0.47625193885407235,0.46190267887052094,0.4484143744859826,0.4403787888951938,0.4304777995065433,0.4188548989198666,0.4126847171269395,0.4062275501343414,0.40450563893631514,0.3999138757415787,0.39733100894453943,0.39733100894453943,0.39733100894453943,0.39733100894453943,0.39733100894453943,0.39517861994700676,0.3946046495476646,0.3901563789527637,0.3901563789527637,0.38671255655671133,0.38656906395687585,0.3859950935575339,0.3859950935575339,0.3851341379585207,0.38298174896098797,0.38298174896098797,0.38298174896098797,0.38298174896098797,0.38240777856164604,0.38226428596181045,0.38111634516312637,0.37580711896921226,0.36877598157727204,0.36863248897743656,0.36648009997990383,0.3574400661902665,0.3542832289938851,0.3471085990021094,0.3435212840062215,0.3399339690103337,0.3327593390185579,0.3255847090267822,0.3184100790350065,0.3171186456364869,0.31123544904323075,0.31123544904323075,0.3052087598501391,0.30233890785342893,0.29688618905967934,0.292294425864943,0.2882766330695484,0.2825369290761279,0.2825369290761279,0.2778016732815559,0.27536229908435217,0.27536229908435217,0.27105752108928677,0.26818766909257646,0.26818766909257646,0.2602955761016232,0.253838409109025,0.24982061631363067,0.2453723457187297,0.23948914912547356,0.23604532672942127,0.23231451913369783,0.22513988914192215,0.22097860374669223,0.21796525915014642,0.21079062915837068,0.20949919575985107,0.20361599916659498,0.20361599916659498,0.19644136917481925,0.19443247277712206,0.18926673918304354,0.1820921091912678,0.1808006757927482,0.17491747919949208,0.17147365680343976,0.16774284920771637,0.16774284920771637,0.1648729972110061,0.16056821921594064,0.15841583021840794,0.15353708182400047,0.15339358922416493,0.15052373722745466,0.1462189592323892,0.1462189592323892,0.14349259983551446,0.139187821840449,0.13904432924061347,0.13473955124554804,0.13186969924883776,0.1275649212537723,0.12469506925706203,0.11967282826281901,0.11752043926528631,0.11178073527186576,0.11034580927351059,0.10833691287581343,0.10317117928173487,0.10259720888239282,0.09599654928995915,0.09599654928995915,0.09183526389472925,0.08882191929818342,0.08738699329982827,0.08308221530476287,0.0816472893064077,0.08021236330805256,0.07447265931463198,0.07059835911907313,0.06729802932285626,0.06586310332450113,0.0637107143269684,0.06012339933108054,0.06012339933108054,0.05653608433519268,0.05438369533765996,0.05294876933930482,0.05294876933930482,0.05294876933930482,0.05294876933930482,0.05294876933930482,0.04936145434341696,0.045774139347529094,0.045774139347529094,0.045774139347529094,0.045774139347529094,0.045774139347529094,0.045774139347529094,0.045774139347529094,0.045774139347529094,0.042186824351641235,0.03931697235493096,0.038599509355753375,0.038599509355753375,0.038599509355753375,0.038599509355753375,0.038599509355753375,0.038599509355753375,0.038599509355753375,0.038599509355753375,0.03515568695970105,0.031424879363977656,0.031424879363977656,0.031424879363977656,0.031424879363977656,0.031424879363977656,0.031424879363977656,0.031424879363977656,0.029415982966280445,0.025111204971215027,0.024250249372201934,0.024250249372201934,0.024250249372201934,0.024250249372201934,0.024250249372201934
9302000,0.5822784073065307,0.5822784073065307,0.5822784073065307,0.5822784073065307,0.5822784073065307,0.5822784073065307,0.5822784073065307,0.5822784073065307,0.5822784073065307,0.5822784073065307,0.5721518263098956,0.5696201810607365,0.5696201810607365,0.5696201810607365,0.5696201810607365,0.5696201810607365,0.5696201810607365,0.5696201810607365,0.5696201810607365,0.5721518263098956,0.5696201810607365,0.5594936000641014,0.5443037285691482,0.5443037285691482,0.5443037285691482,0.5594936000641014,0.5696201810607365,0.5822784073065307,0.5822784073065307,0.5822784073065307,0.5822784073065307,0.5974682788014839,0.607594859798119,0.6101265050472781,0.6227847312930722,0.6329113122897073,0.6455695385355015,0.6582277647812955,0.6589872583560432,0.6969619370934257,0.7088606697644722,0.7215188960102663,0.7215188960102663,0.7341771222560605,0.7341771222560605,0.7468353485018546,0.7468353485018546,0.7493669937510137,0.7721518009934428,0.7721518009934428,0.787341672488396,0.8101264797308253,0.8227847059766195,0.8506328037173668,0.8607593847140019,0.8734176109597961,0.8860758372055902,0.9265821611921317,0.95189861368372,0.9645568399295141,0.9873416471719434,0.9873416471719434,0.9873416471719434,0.9898732924211024,0.9999998734177376,0.9898732924211024,0.9898732924211024,0.9873416471719434,0.9873416471719434,0.9873416471719434,0.9772150661753083,0.9645568399295141,0.9392403874379258,0.9367087421887668,0.9240505159429726,0.8886074824547492,0.8734176109597961,0.8607593847140019,0.8354429322224136,0.7974682534850311,0.7594935747476488,0.7088606697644722,0.6688606748277627,0.6425315642365109,0.5939239754526613,0.5316455023233542,0.49620246883513075,0.4592404481974116,0.43898728620414107,0.4225315920846087,0.4053164043903285,0.3901265328953757,0.35670881560647927,0.33822780528761953,0.3189873013940125,0.3055695815734707,0.2792404709822189,0.24911389251722887,0.21594933975324815,0.19924048110879988,0.17721516744111804,0.16455694119532388,0.15518985377343628,0.15189871494952975,0.13620251440474507,0.12354428815895092,0.10303796164076454,0.10126580996635316,0.08860758372055902,0.08253163512257787,0.07594935747476488,0.07594935747476488,0.07594935747476488,0.07594935747476488,0.07594935747476488,0.07645568652459672,0.08253163512257787,0.0875949256208955,0.08860758372055902,0.10126580996635316,0.10126580996635316,0.10126580996635316,0.1139240362121473,0.1139240362121473,0.12658226245794146,0.13594934987982915,0.1392404887037356,0.14658225992629628,0.15189871494952975,0.16481010572023982,0.1739240286172116,0.17848099006569756,0.20025313920846338,0.22151895930139764,0.2278480724242946,0.24050629867008877,0.26379743496235003,0.2843037614805366,0.29113920365326534,0.30556958157347086,0.32303793379266654,0.3293670469155636,0.3417721086364419,0.3544303348822361,0.35822780275597427,0.3605062834802175,0.3605062834802175,0.36708856112803023,0.36708856112803023,0.36708856112803023,0.36708856112803023,0.37670881307483384,0.3830379261977309,0.39139235551995516,0.39139235551995516,0.40506323986541265,0.40506323986541265,0.3989872912674316,0.3954429879186092,0.3949366588687774,0.39139235551995516,0.38708855859638513,0.3802531164236562,0.3726581806761798,0.3524050186829091,0.32430375641724607,0.3058227460983865,0.29113920365326534,0.25367085396571476,0.24075946319500469,0.23696199532126638,0.2344303500721076,0.2278480724242946,0.2278480724242946,0.21518984617850048,0.21316452997917346,0.20278478445762224,0.20253161993270632,0.1898733936869122,0.18658225486300573,0.18303795151418345,0.17721516744111804,0.16962023169364154,0.16202529594616502,0.1458227663515487,0.12936707223201616,0.12531643983336202,0.11620251693639035,0.1139240362121473,0.10632910046467081,0.10329112616568019,0.10126580996635316,0.10126580996635316,0.10126580996635316,0.10126580996635316,0.09341770969396092,0.09822783566736264,0.08987340634513845,0.07696201557442847,0.07594935747476488,0.06607594100304542,0.061265815029643705,0.054936701906746634,0.05063290498317658,0.04708860163435421,0.04556961448485894,0.03797467873738244,0.018227845793943633,0.012658226245794145,0.012658226245794145,0.0,0.0,0.0,0.0,0.0,0.0,0.002531645249158955,0.012658226245794145,0.012658226245794145,0.012658226245794145,0.01620252959461661,0.025569617016504214,0.021265820092934252,0.021265820092934252,0.021265820092934252,0.028860755840410847,0.028860755840410847,0.028860755840410847,0.03797467873738244,0.03797467873738244,0.03822784326229836,0.04177214661112064,0.039746830411793624,0.039746830411793624,0.04582277900977486,0.05063290498317658,0.05063290498317658,0.05063290498317658,0.06329113122897073,0.07594935747476488,0.08329112869732555,0.08860758372055902,0.08860758372055902,0.08886074824547494,0.09291138064412907,0.09291138064412907,0.09999998734177373,0.10025315186668965,0.10126580996635316,0.1139240362121473,0.1139240362121473,0.1139240362121473,0.1139240362121473,0.11544302336164267,0.1243037817336985,0.12658226245794146,0.1392404887037356,0.14556960182663267,0.15088605684986622,0.15215187947444567,0.16455694119532388,0.16455694119532388,0.17215187694280049,0.17721516744111804,0.17721516744111804,0.17721516744111804,0.17721516744111804,0.17721516744111804,0.17721516744111804,0.17721516744111804,0.17721516744111804,0.17721516744111804,0.17873415459061348,0.20025313920846338,0.20253161993270632,0.20354427803236994,0.21518984617850048,0.21620250427816406,0.24050629867008877,0.2501265506168924,0.2531645249158829,0.25341768944079884,0.26075946066335953,0.2721518642845742,0.2731645223842377,0.2731645223842377,0.2731645223842377,0.2711392061849106,0.27721515478289177,0.2789873064573031,0.28759490030444296,0.29113920365326534,0.29670882320141495,0.3103797075468724,0.315949327095022,0.32911388239064776,0.3356961600384607,0.3397467924371149,0.3544303348822361,0.36075944800513315,0.3630379287293762,0.36708856112803023,0.36734172565294604,0.37670881307483384,0.3797467873738244,0.38126577452331956,0.3863290650216373,0.389367039320628,0.40303792366608565,0.40506323986541265,0.41544298538696395,0.4197467823105338,0.4283543761576739,0.4344303247556552,0.4420252605031318,0.4430379186027951,0.44936703172569215,0.4556961448485892,0.4556961448485892,0.46253158702131814,0.46303791607115,0.46303791607115,0.46734171299472005,0.46860753561929924,0.4736708261176171,0.4799999392405142,0.48101259734017754,0.48101259734017754,0.48101259734017754,0.48151892639000937,0.48405057163916826,0.48683538141324295,0.49063284928698114,0.501518923858364,0.5063290498317659,0.5106328467553358,0.51898727607756,0.5318986668482699,0.545316386668812,0.5594936000641014,0.5696201810607365,0.5822784073065307,0.5822784073065307,0.5835442299311102,0.5893670140041755,0.592658152828082,0.5939239754526613,0.5956961271270725,0.5939239754526613,0.5855695461304374,0.5855695461304374,0.5822784073065307,0.5822784073065307,0.5822784073065307,0.5822784073065307,0.5822784073065307,0.5822784073065307,0.607594859798119,0.607594859798119,0.607594859798119,0.607594859798119,0.5962024561769044,0.5848100525556897,0.5822784073065307,0.5822784073065307,0.5822784073065307
9306242,0.0,0.0,0.0,0.0,0.0,0.0,0.0,0.0,0.0,0.0,0.0,0.0,0.0,0.0,0.0,0.0,0.0,0.0,0.0,0.0,0.0,0.0,0.0,0.0,0.0,0.0,0.0,0.0,0.0,0.0,0.0,0.0,0.0,0.0,0.0,0.0,0.045452479432753094,0.045452479432753094,0.045452479432753094,0.09090495886550606,0.09090495886550606,0.09090495886550606,0.13635743829825916,0.13635743829825916,0.18180991773101227,0.18180991773101227,0.18180991773101227,0.22726239716376523,0.22726239716376523,0.22726239716376523,0.27271487659651833,0.27271487659651833,0.27271487659651833,0.27271487659651833,0.31816735602927143,0.31816735602927143,0.36361983546202437,0.36361983546202437,0.36361983546202437,0.36361983546202437,0.36361983546202437,0.3272578519158224,0.31816735602927143,0.31816735602927143,0.31816735602927143,0.31816735602927143,0.31816735602927143,0.31816735602927143,0.31816735602927143,0.31816735602927143,0.31816735602927143,0.31816735602927143,0.31816735602927143,0.31816735602927143,0.31816735602927143,0.27271487659651833,0.27271487659651833,0.27271487659651833,0.27271487659651833,0.27271487659651833,0.27271487659651833,0.27271487659651833,0.27271487659651833,0.27271487659651833,0.27271487659651833,0.27271487659651833,0.27271487659651833,0.27271487659651833,0.27271487659651833,0.27271487659651833,0.27271487659651833,0.27271487659651833,0.27271487659651833,0.27271487659651833,0.27271487659651833,0.27271487659651833,0.31816735602927143,0.31816735602927143,0.31816735602927143,0.31816735602927143,0.31816735602927143,0.31816735602927143,0.31816735602927143,0.31816735602927143,0.31816735602927143,0.31816735602927143,0.31816735602927143,0.31816735602927143,0.31816735602927143,0.36361983546202437,0.36361983546202437,0.36361983546202437,0.36361983546202437,0.36361983546202437,0.36361983546202437,0.3727103313485755,0.49997727376028367,0.49997727376028367,0.49997727376028367,0.49997727376028367,0.49997727376028367,0.5090677696468351,0.5454297531930368,0.5454297531930368,0.5454297531930368,0.5454297531930368,0.5454297531930368,0.5454297531930368,0.5454297531930368,0.5545202490795881,0.5545202490795881,0.5545202490795881,0.5545202490795881,0.5454297531930368,0.5545202490795881,0.5908822326257896,0.5908822326257896,0.5908822326257896,0.5999727285123407,0.6363347120585428,0.6363347120585428,0.6363347120585428,0.6363347120585428,0.6363347120585428,0.6363347120585428,0.6363347120585428,0.6363347120585428,0.6363347120585428,0.6363347120585428,0.6363347120585428,0.6363347120585428,0.6363347120585428,0.6363347120585428,0.6363347120585428,0.6363347120585428,0.6363347120585428,0.6363347120585428,0.6363347120585428,0.6363347120585428,0.6363347120585428,0.6363347120585428,0.6363347120585428,0.6363347120585428,0.6817871914912957,0.6817871914912957,0.6817871914912957,0.6817871914912957,0.6817871914912957,0.6817871914912957,0.6908776873778469,0.7272396709240488,0.7363301668106003,0.7726921503568019,0.7726921503568019,0.818144629789555,0.818144629789555,0.818144629789555,0.8635971092223079,0.8635971092223079,0.8726876051088596,0.909049588655061,0.909049588655061,0.9181400845416127,0.9545020680878141,0.9545020680878141,0.9545020680878141,0.9545020680878141,0.9545020680878141,0.9545020680878141,0.9635925639743658,0.9999545475205672,0.9999545475205672,0.9999545475205672,0.9545020680878141,0.9545020680878141,0.9545020680878141,0.9545020680878141,0.909049588655061,0.909049588655061,0.909049588655061,0.909049588655061,0.8726876051088596,0.8635971092223079,0.8635971092223079,0.8272351256761065,0.818144629789555,0.7817826462433534,0.7726921503568019,0.7726921503568019,0.7726921503568019,0.7726921503568019,0.7272396709240488,0.7272396709240488,0.7272396709240488,0.7272396709240488,0.7272396709240488,0.7272396709240488,0.7272396709240488,0.7272396709240488,0.7272396709240488,0.7272396709240488,0.6817871914912957,0.6817871914912957,0.6817871914912957,0.6817871914912957,0.6817871914912957,0.6454252079450938,0.6363347120585428,0.6363347120585428,0.6363347120585428,0.6363347120585428,0.6363347120585428,0.5908822326257896,0.5908822326257896,0.5908822326257896,0.5908822326257896,0.5908822326257896,0.5908822326257896,0.5908822326257896,0.5908822326257896,0.5908822326257896,0.5908822326257896,0.5908822326257896,0.5908822326257896,0.5908822326257896,0.5908822326257896,0.5908822326257896,0.5908822326257896,0.5908822326257896,0.5908822326257896,0.5908822326257896,0.5908822326257896,0.5908822326257896,0.5908822326257896,0.5908822326257896,0.5908822326257896,0.5908822326257896,0.5908822326257896,0.5908822326257896,0.5908822326257896,0.5908822326257896,0.6363347120585428,0.6363347120585428,0.6363347120585428,0.6363347120585428,0.6363347120585428,0.6363347120585428,0.6363347120585428,0.6363347120585428,0.6363347120585428,0.6363347120585428,0.6363347120585428,0.6363347120585428,0.6363347120585428,0.6363347120585428,0.6363347120585428,0.6363347120585428,0.6363347120585428,0.6363347120585428,0.6363347120585428,0.6363347120585428,0.6363347120585428,0.6363347120585428,0.6363347120585428,0.6363347120585428,0.6363347120585428,0.6363347120585428,0.6363347120585428,0.6363347120585428,0.6363347120585428,0.6363347120585428,0.6363347120585428,0.6363347120585428,0.6363347120585428,0.6363347120585428,0.6363347120585428,0.6363347120585428,0.6363347120585428,0.6363347120585428,0.6363347120585428,0.6363347120585428,0.5908822326257896,0.5908822326257896,0.5908822326257896,0.5908822326257896,0.5908822326257896,0.5908822326257896,0.5908822326257896,0.5454297531930368,0.5454297531930368,0.5454297531930368,0.5454297531930368,0.49997727376028367,0.49997727376028367,0.49997727376028367,0.49997727376028367,0.45452479432753057,0.45452479432753057,0.45452479432753057,0.45452479432753057,0.45452479432753057,0.45452479432753057,0.40907231489477747,0.40907231489477747,0.40907231489477747,0.36361983546202437,0.36361983546202437,0.36361983546202437,0.36361983546202437,0.36361983546202437,0.36361983546202437,0.31816735602927143,0.31816735602927143,0.31816735602927143,0.31816735602927143,0.31816735602927143,0.2818053724830693,0.27271487659651833,0.27271487659651833,0.27271487659651833,0.23635289305031634,0.22726239716376523,0.22726239716376523,0.22726239716376523,0.22726239716376523,0.19090041361756324,0.18180991773101227,0.13635743829825916,0.13635743829825916,0.13635743829825916,0.09999545475205719,0.09090495886550606,0.09090495886550606,0.09090495886550606,0.09090495886550606,0.09090495886550606,0.09090495886550606,0.09090495886550606,0.09090495886550606,0.09090495886550606,0.09090495886550606,0.09090495886550606,0.09090495886550606,0.09090495886550606,0.09090495886550606,0.09090495886550606
9310500,0.0,0.0,0.0,0.0,0.00023752966300125423,0.0011876483150061446,0.0011876483150061446,0.0011876483150061446,0.0023752966300122787,0.0023752966300122787,0.0023752966300122787,0.0023752966300122787,0.0023752966300122787,0.0023752966300122787,0.0023752966300122787,0.0023752966300122787,0.0029691207875153563,0.0029691207875153563,0.0024703084952127806,0.0023752966300122787,0.0023752966300122787,0.0023752966300122787,0.0023752966300122787,0.0023752966300122787,0.0023752966300122787,0.0023752966300122787,0.0023752966300122787,0.0023752966300122787,0.0023752966300122787,0.0023752966300122787,0.0023752966300122787,0.0023752966300122787,0.0023752966300122787,0.0023752966300122787,0.0023752966300122787,0.0023752966300122787,0.0023752966300122787,0.0023752966300122787,0.0023752966300122787,0.0023752966300122787,0.0023752966300122787,0.0023752966300122787,0.0023752966300122787,0.0023752966300122787,0.0023752966300122787,0.0023752966300122787,0.0023752966300122787,0.0023752966300122787,0.0023752966300122787,0.00249406146151289,0.0035629449450184127,0.0035629449450184127,0.004299286900322232,0.0047505932600245574,0.0047505932600245574,0.005938241575030691,0.005938241575030691,0.007125889890036836,0.007125889890036836,0.007125889890036836,0.00831353820504297,0.009501186520049104,0.009501186520049104,0.011068882295857225,0.011876483150061382,0.011876483150061382,0.013064131465067528,0.014251779780073661,0.015439428095079796,0.01662707641008594,0.01900237304009822,0.020308786186604973,0.021377669670110486,0.023752966300122764,0.026128262930135045,0.02731591124514118,0.028527312526447444,0.03095011508905997,0.03325415282017187,0.03562944945018416,0.038004746080196425,0.040380042710208695,0.04256531560982,0.04394298765522712,0.04513063597023325,0.04655581394824063,0.04821852158924921,0.04988122923025781,0.04988122923025781,0.06175771238031919,0.06175771238031919,0.06175771238031919,0.07363419553038057,0.07695961081239784,0.08551067868044196,0.09738716183050333,0.10926364498056472,0.10926364498056472,0.12114012813062609,0.13301661128068748,0.14489309443074885,0.15676957758081025,0.16864606073087163,0.180522543880933,0.1923990270309944,0.20427551018105577,0.21615199333111715,0.23990495963123992,0.26365792593136267,0.28741089223148547,0.3137766848246218,0.34703083764479364,0.38242275743197657,0.40926360935111533,0.44608070711630565,0.5011875889325904,0.5448930469248163,0.5952493354810765,0.6318289035832656,0.6688835310114571,0.6976246202346057,0.7315913620437813,0.7596198622779261,0.7743467013840022,0.8066507355521692,0.8337291171343091,0.8612825580424516,0.9049880160346774,0.9277908636827953,0.952493948634923,0.9648454911109868,0.9767219742610482,0.9881233980851071,0.9959618769641477,0.9990497625831636,0.9999998812351685,0.9999998812351685,0.9881233980851071,0.9686459657190065,0.9406174654848616,0.9168644991847388,0.8812350497345547,0.8456056002843705,0.798099667684125,0.7615200995819361,0.7159144042857003,0.6893110820295627,0.6475058613413466,0.606175699979133,0.5783847294079894,0.5444179875988139,0.5135391314086543,0.489311105782529,0.46555813948240626,0.44180517318228346,0.4180522068821607,0.4042754864280895,0.38242275743197657,0.35866979113185377,0.33491682483173096,0.31805221875864387,0.2992873753815468,0.2864607735794806,0.26698334121337997,0.2517814427813013,0.23990495963123992,0.22802847648117855,0.21615199333111715,0.20427551018105577,0.19263655669399565,0.18289784051094526,0.17482183196890358,0.16674582342686184,0.15676957758081025,0.14489309443074885,0.14133014948573044,0.13301661128068748,0.13206649262868259,0.12589072139065063,0.12114012813062609,0.11781471284860894,0.10926364498056472,0.10926364498056472,0.10237528475352912,0.09738716183050333,0.09643704317849844,0.09026127194046651,0.08551067868044196,0.0821852633984248,0.0748218438453867,0.07363419553038057,0.06555818698833886,0.06175771238031919,0.06175771238031919,0.058432297098302034,0.05463182249028237,0.04988122923025781,0.04988122923025781,0.04878859278045215,0.04750593260024554,0.04532065970063424,0.04394298765522712,0.04275533934022099,0.040285030845008216,0.038812346934400596,0.03688835666409066,0.035653202416484286,0.03551068461868353,0.03403800070807593,0.03277909349416942,0.03099762102166021,0.029453678212152223,0.027933488368944385,0.025225650210730394,0.023752966300122764,0.021686458232012103,0.019643703130201536,0.018527313714095772,0.01745843023059023,0.016152017084083495,0.013681708588870715,0.012612825105365192,0.01076009373395562,0.009501186520049104,0.00831353820504297,0.006199524204332045,0.005273158518627253,0.0047505932600245574,0.0047505932600245574,0.0045605695296235755,0.004418051731822844,0.004180522068821611,0.0039429924058203775,0.003919239439520258,0.0037292157091192856,0.0035866979113185434,0.0035629449450184127,0.0035629449450184127,0.0035629449450184127,0.0037292157091192856,0.0037292157091192856,0.0035866979113185434,0.0037292157091192856,0.003919239439520258,0.0039429924058203775,0.003919239439520258,0.0039429924058203775,0.004299286900322232,0.004180522068821611,0.004180522068821611,0.0039429924058203775,0.0037292157091192856,0.0035866979113185434,0.0035629449450184127,0.0035629449450184127,0.0035866979113185434,0.004180522068821611,0.004418051731822844,0.004655581394824077,0.0047505932600245574,0.0047505932600245574,0.005225652586027013,0.005938241575030691,0.005938241575030691,0.006840854294435373,0.007125889890036836,0.0071733958226370765,0.007505937350838801,0.008218526339842479,0.00831353820504297,0.00831353820504297,0.009049880160346769,0.009382421688548493,0.009501186520049104,0.009501186520049104,0.009501186520049104,0.009762469149350467,0.00999999881235169,0.010570070003554637,0.010688834835055248,0.010712587801355368,0.011520188655559538,0.011876483150061382,0.011876483150061382,0.011900236116361504,0.01249406027386458,0.012589072139065072,0.012969119599867036,0.01330166112806875,0.013824226386671457,0.014251779780073661,0.014251779780073661,0.014275532746373791,0.014750592072376237,0.015083133600577961,0.015083133600577961,0.015106886566878093,0.015083133600577961,0.015083133600577961,0.014893109870176979,0.014893109870176979,0.014845603937576729,0.014394297577874403,0.014370544611574273,0.014394297577874403,0.014536815375675135,0.014536815375675135,0.014275532746373791,0.014251779780073661,0.014251779780073661,0.014251779780073661,0.014251779780073661,0.014251779780073661,0.0132304022291684,0.013064131465067528,0.01239904840866409,0.011876483150061382,0.011876483150061382,0.011306411958858446,0.010688834835055248,0.010498811104654266,0.009501186520049104,0.00831353820504297,0.007125889890036836,0.005938241575030691,0.0047505932600245574,0.0047505932600245574,0.0035629449450184127,0.0035629449450184127,0.002565320360413282,0.002565320360413282,0.0033729212146174302,0.0023752966300122787,0.0023752966300122787,0.0023752966300122787,0.0023752966300122787,0.0023752966300122787,0.0023752966300122787,0.0023752966300122787,0.0018052254388093317,0.0011876483150061446,0.0011876483150061446,0.0011876483150061446,0.0011876483150061446,0.0011876483150061446,0.0011876483150061446,0.0011876483150061446,0.0011876483150061446,0.0011876483150061446,2.375296630012015e-05,0.0,0.0,0.0,0.0,0.0,0.0,0.0,0.0,0.0,0.0,0.0,0.0,0.0,0.0,0.0,0.0
9312600,0.04361787899847675,0.045186330126846606,0.04548508272272658,0.04548508272272658,0.045186330126846606,0.04361787899847675,0.04361787899847675,0.045186330126846606,0.04548508272272658,0.04548508272272658,0.04548508272272658,0.04548508272272658,0.04548508272272658,0.04548508272272658,0.04548508272272658,0.04548508272272658,0.04548508272272658,0.04548508272272658,0.04548508272272658,0.04548508272272658,0.04548508272272658,0.04548508272272658,0.04548508272272658,0.04548508272272658,0.04548508272272658,0.049219490171226295,0.049219490171226295,0.049219490171226295,0.049219490171226295,0.049219490171226295,0.049518242767106285,0.05295389761972601,0.05295389761972601,0.05295389761972601,0.05295389761972601,0.05295389761972601,0.05295389761972601,0.05295389761972601,0.05295389761972601,0.05414890800324594,0.05668830506822574,0.05668830506822574,0.05668830506822574,0.05668830506822574,0.06042271251672546,0.06042271251672546,0.06116959400642547,0.06415711996522519,0.0678915274137249,0.0678915274137249,0.0678915274137249,0.07162593486222461,0.07162593486222461,0.07424002007617443,0.07536034231072433,0.07536034231072433,0.07775036307776417,0.07909474975922406,0.07909474975922406,0.07909474975922406,0.08282915720772378,0.08282915720772378,0.08656356465622349,0.08850545652944337,0.0902979721047232,0.09403237955322294,0.10150119445022238,0.10523560189872208,0.10897000934722181,0.11270441679572153,0.11345129828542153,0.12017323169272098,0.12764204658972042,0.1376502585516997,0.15004849128071873,0.15415633947406845,0.16468736847883764,0.17245493597171704,0.18067063235841652,0.18739256576571592,0.20046299183546493,0.20979901045671423,0.22070348020633343,0.22473664025071313,0.24101865672617195,0.25461189983871085,0.2620807147357103,0.2807527519782089,0.29479412398456784,0.30024635885937745,0.31809682646320614,0.33415477849175496,0.33676886370570475,0.37411293819070196,0.3897974494744008,0.4114570126756991,0.44207915375339685,0.44880108716069633,0.4719544133413945,0.48614516164569355,0.5234892361306908,0.5399206289040897,0.560833310615688,0.5951898591418854,0.5981773851006851,0.613115014894684,0.6355214595856823,0.6728655340706795,0.7102096085556767,0.7475536830406739,0.7819102315668714,0.8147730171136689,0.8424076322325669,0.8640671954338652,0.8969299809806627,0.9043987958776621,0.9193364256716611,0.9454772778111591,0.9686306039918574,0.9716181299506571,0.9716181299506571,0.9999996265592551,0.9917839301725557,0.9753525373991572,0.9716181299506571,0.9716181299506571,0.9716181299506571,0.9716181299506571,0.9648961965433576,0.9529460927081586,0.9342740554656599,0.9342740554656599,0.920083307161361,0.8969299809806627,0.8603327879853656,0.8439013952119669,0.8162667800930689,0.7886321649741709,0.7759351796492719,0.7475536830406739,0.7408317496333744,0.7102096085556767,0.6885500453543784,0.6728655340706795,0.6616623117251803,0.6355214595856823,0.6325339336268826,0.6093806074461843,0.5981773851006851,0.5690490070023874,0.560833310615688,0.5458956808216889,0.5234892361306908,0.5122860137851916,0.48614516164569355,0.44880108716069633,0.43759786481519714,0.4114570126756991,0.3935318569229005,0.37411293819070196,0.37411293819070196,0.34050327115420437,0.3246693835725656,0.3091342485868069,0.2963625751129378,0.2808274401271789,0.2686532718450698,0.25715129690369076,0.24393149453600171,0.2338485944250525,0.22473664025071313,0.2129359127134541,0.2051683452205746,0.19501075696065537,0.19112697321421562,0.1836581583172162,0.17379932265317702,0.16580769071338758,0.15751730617771817,0.14646346013015904,0.14011496746770952,0.13511086148671983,0.1292104977180903,0.12390763914122069,0.12017323169272098,0.11419817977512142,0.10897000934722181,0.10531029004769209,0.10150119445022238,0.0989617973852426,0.09716928180996272,0.09403237955322294,0.0902979721047232,0.08656356465622349,0.08282915720772378,0.07618191194939426,0.07536034231072433,0.07162593486222461,0.0678915274137249,0.06453056071007515,0.06251398068788533,0.06012395992084548,0.05601611172749579,0.05295389761972601,0.049219490171226295,0.048173856085646366,0.04458882493508667,0.041750675274226864,0.03853908486851709,0.03801626782572714,0.03801626782572714,0.03592499965456731,0.03428186037722741,0.031742463312247636,0.03024870033284774,0.02875493735344784,0.026887733629197982,0.026066163990528034,0.023078638031728264,0.022705197286878292,0.01941891873219854,0.01897078983837857,0.016431392773398765,0.015609823134728817,0.015609823134728817,0.013518554963568989,0.011875415686229103,0.01023227640888924,0.00814100823772938,0.00814100823772938,0.007020686003179463,0.00664724525832949,0.006348492662449513,0.0062738045134795185,0.005302858576869615,0.004406600789229665,0.004406600789229665,0.0035103430015897396,0.0019418918732198643,0.0011203222345499086,0.0006721933407299418,0.0003734407448499723,0.0003734407448499723,0.00029875259587996956,0.00029875259587996956,0.0,0.00029875259587996956,0.00029875259587996956,0.0003734407448499723,0.0006721933407299418,0.0011950103835199114,0.003286278554679748,0.004406600789229665,0.005377546725839609,0.00814100823772938,0.009485394919189297,0.011875415686229103,0.015609823134728817,0.01837328464661862,0.01934423058322854,0.023078638031728264,0.023078638031728264,0.02621554028846803,0.02681304548022798,0.027634615118897917,0.0305474529287277,0.03129433441842765,0.03248934480194757,0.03428186037722741,0.035402182611777334,0.03853908486851709,0.04100379378452692,0.041825363423196864,0.04443944863714666,0.04548508272272658,0.04555977087169659,0.04742697459594643,0.04854729683049635,0.05071325315062618,0.05220701613002607,0.05295389761972601,0.05295389761972601,0.05370077910942596,0.05668830506822574,0.05668830506822574,0.05668830506822574,0.05668830506822574,0.05863019694144559,0.06042271251672546,0.06042271251672546,0.06042271251672546,0.06042271251672546,0.06154303475127537,0.06228991624097532,0.0626633569858253,0.06341023847552524,0.0638583673693452,0.06415711996522519,0.06415711996522519,0.06415711996522519,0.06415711996522519,0.06415711996522519,0.06415711996522519,0.06415711996522519,0.06415711996522519,0.06415711996522519,0.06415711996522519,0.06415711996522519,0.06415711996522519,0.06415711996522519,0.06415711996522519,0.06415711996522519,0.06415711996522519,0.06415711996522519,0.06341023847552524,0.06228991624097532,0.061617722900245406,0.06042271251672546,0.06042271251672546,0.06042271251672546,0.06042271251672546,0.058928949537325574,0.05713643396204571,0.05668830506822574,0.05668830506822574,0.05668830506822574,0.05668830506822574,0.05668830506822574,0.05668830506822574,0.05668830506822574,0.05668830506822574,0.05668830506822574,0.05668830506822574,0.05668830506822574,0.05668830506822574,0.05668830506822574,0.056389552472345776,0.053775467258395965,0.05295389761972601,0.05295389761972601,0.05295389761972601,0.05295389761972601,0.05295389761972601,0.05295389761972601,0.05295389761972601,0.05295389761972601,0.05295389761972601,0.05295389761972601,0.052356392427966074,0.05093731759753619,0.05041450055474622,0.049219490171226295,0.049219490171226295,0.049219490171226295,0.049219490171226295,0.049219490171226295,0.049219490171226295,0.049219490171226295,0.049219490171226295,0.049219490171226295,0.049219490171226295,0.04847260868152635,0.04548508272272658,0.04548508272272658,0.04548508272272658,0.04548508272272658
9315000,0.035335688993910944,0.035335688993910944,0.035335688993910944,0.0356301530688602,0.03680800936865723,0.03680800936865723,0.03680800936865723,0.03710247344360649,0.03857479381835281,0.0400471141930991,0.041519434567845355,0.04269729086764239,0.044169611242388676,0.044169611242388676,0.044169611242388676,0.04740871606683052,0.05153121311612013,0.054475853865612704,0.05477031794056196,0.05742049461510528,0.05742049461510528,0.05889281498985157,0.05889281498985157,0.05889281498985157,0.060659599439547116,0.06183745573934415,0.06183745573934415,0.06183745573934415,0.06183745573934415,0.062131919814293404,0.06330977611409044,0.06478209648883673,0.06507656056378598,0.06625441686358302,0.06654888093853227,0.0691990576130756,0.07096584206277114,0.07361601873731446,0.07361601873731446,0.0768551235617563,0.07803297986155333,0.08097762061104591,0.0824499409857922,0.08392226136053849,0.08539458173528477,0.08833922248477735,0.08981154285952364,0.09452296805871177,0.09717314473325508,0.10159010585749396,0.10747938735647912,0.11189634848071799,0.11631330960495685,0.11778562997970314,0.12073027072919572,0.1236749114786883,0.1266195522281809,0.13103651335241975,0.13545347447665862,0.13987043560089749,0.14281507635039006,0.14870435784937522,0.15312131897361408,0.15636042379805593,0.1634275615968381,0.16813898679602624,0.17078916347056955,0.17373380422006213,0.17520612459480842,0.1772673731194533,0.18109540609379357,0.18404004684328615,0.18698468759277873,0.1899293283422713,0.19022379241722057,0.1914016487170176,0.19287396909176388,0.19287396909176388,0.19287396909176388,0.19434628946651017,0.19434628946651017,0.19581860984125646,0.19581860984125646,0.19611307391620572,0.19729093021600275,0.197585394290952,0.19876325059074906,0.20053003504044467,0.20318021171498793,0.2061248524644805,0.2075971728392268,0.21230859803841498,0.21495877471295824,0.2208480562119434,0.22673733771092855,0.22968197846042113,0.23292108328486297,0.2358657240343556,0.2417550055333407,0.2476442870323259,0.25471142483110804,0.26089517040504245,0.2667844519040276,0.27267373340301276,0.2856301527007801,0.28886925752522197,0.29740871569875044,0.30830388647187296,0.31831566502014785,0.33009422801811816,0.3445229676906317,0.3595406355130438,0.3716136625859634,0.3916372196825129,0.40194346230573696,0.41666666605319985,0.4255005883016776,0.43138986980066274,0.4416961124238868,0.45936395692084225,0.46702002286952293,0.4817432266169858,0.497938750739195,0.5217903408100849,0.5406360416068374,0.5624263831530825,0.5786219072752917,0.6010011769714353,0.6345700815156506,0.6581272075115915,0.6855123664818724,0.7346878669983984,0.7614840978187808,0.7729681967418022,0.7950530023629963,0.8083038857357128,0.833627796181349,0.8412838621300297,0.8583627784770866,0.8669022366506153,0.889575970421708,0.8995877489699827,0.9042991741691708,0.9219670186661263,0.9302120127647056,0.9602473484095299,0.9658421658335657,0.9720259114075003,0.9973498218531364,0.9999999985276796,0.9799764414311302,0.9664310939834643,0.9528857465357987,0.9237338031158219,0.9013545334196783,0.8863368655972661,0.843639574729624,0.8321554758066027,0.8071260294359157,0.7747349811914974,0.7426383970220283,0.7096584206277115,0.6640164890105764,0.6289752640916147,0.6010011769714353,0.5603651346284378,0.5173733796858461,0.477326265492747,0.4387514716743942,0.4199057708776417,0.38928150708291903,0.3695524140613186,0.3359835095171032,0.31537102427065516,0.2962308593989534,0.2756183741525054,0.2564782092808036,0.23881036478384812,0.2240871610363853,0.21113074173861796,0.19935217874064765,0.19022379241722057,0.1813898701687429,0.17226148384531584,0.16195524122209182,0.15047114229907077,0.14134275597564377,0.13427561817686157,0.12544169592838392,0.11660777367990612,0.11071849218092095,0.10159010585749396,0.09305064768396548,0.08392226136053849,0.0768551235617563,0.0668433450134816,0.06183745573934415,0.054475853865612704,0.05153121311612013,0.04858657236662754,0.045641931617134965,0.04269729086764239,0.0412249704928961,0.03828032974340352,0.03680800936865723,0.033863368619164655,0.032391048244418366,0.029446407494925785,0.0267962308203825,0.02502944637068692,0.022084805621194338,0.02061248524644805,0.01914016487170176,0.017962308571904728,0.017667844496955472,0.015017667822412184,0.014723203747462893,0.014723203747462893,0.013250883372716604,0.013250883372716604,0.012073027072919571,0.012073027072919571,0.011778562997970313,0.011778562997970313,0.010306242623224025,0.010306242623224025,0.009128386323427027,0.008833922248477736,0.008833922248477736,0.005889281498985157,0.004711425199188159,0.004416961124238868,0.00323910482444187,0.0029446407494925783,0.0014723203747462892,0.0002944640749492579,0.0,0.0,0.0002944640749492579,0.0014723203747462892,0.0014723203747462892,0.0014723203747462892,0.0029446407494925783,0.0029446407494925783,0.0029446407494925783,0.0029446407494925783,0.004416961124238868,0.004416961124238868,0.005889281498985157,0.005889281498985157,0.009128386323427027,0.011778562997970313,0.013250883372716604,0.016195524122209183,0.017667844496955472,0.02061248524644805,0.022084805621194338,0.023557125995940627,0.025323910445636175,0.026501766745433208,0.028268551195128788,0.030918727869672074,0.033863368619164655,0.03680800936865723,0.04299175494259168,0.045936395692084256,0.04858657236662754,0.05005889274137384,0.053003533490866415,0.053003533490866415,0.05594817424035899,0.05889281498985157,0.06036513536459786,0.062131919814293404,0.06507656056378598,0.06772673723832931,0.0691990576130756,0.07067137798782189,0.07096584206277114,0.07273262651246669,0.07508833911206075,0.07538280318701002,0.07656065948680704,0.07656065948680704,0.07656065948680704,0.0783274439365026,0.08097762061104591,0.08097762061104591,0.08274440506074146,0.08392226136053849,0.08539458173528477,0.08686690211003106,0.08686690211003106,0.08686690211003106,0.08686690211003106,0.08716136618498033,0.08716136618498033,0.08686690211003106,0.08686690211003106,0.08686690211003106,0.08686690211003106,0.08686690211003106,0.08716136618498033,0.08716136618498033,0.08716136618498033,0.08716136618498033,0.08833922248477735,0.08686690211003106,0.08833922248477735,0.08686690211003106,0.08686690211003106,0.08686690211003106,0.08568904581023404,0.08421672543548775,0.08392226136053849,0.0824499409857922,0.08127208468599517,0.08097762061104591,0.07979976431124888,0.07803297986155333,0.07656065948680704,0.07508833911206075,0.07361601873731446,0.07214369836256818,0.07067137798782189,0.0691990576130756,0.06625441686358302,0.06330977611409044,0.06183745573934415,0.06036513536459786,0.05889281498985157,0.05771495869005454,0.05594817424035899,0.054475853865612704,0.05329799756581567,0.05153121311612013,0.05153121311612013,0.04858657236662754,0.047114251991881254,0.044169611242388676,0.04269729086764239,0.03975265011814981,0.03680800936865723,0.03680800936865723,0.033863368619164655,0.031213191944621365,0.02974087156987504,0.026501766745433208,0.02502944637068692,0.023557125995940627,0.022084805621194338,0.022084805621194338,0.022084805621194338,0.022084805621194338,0.022084805621194338,0.022084805621194338,0.022084805621194338,0.022084805621194338,0.022084805621194338,0.022084805621194338,0.022084805621194338,0.022084805621194338,0.022084805621194338,0.022084805621194338,0.022084805621194338,0.022084805621194338
9326500,0.0,0.00014204544445700927,0.0007102272222849959,0.00014204544445700927,0.0,0.0,0.0,0.0,0.0,0.0,0.0,0.0,0.0,0.000539772688936596,9.943181111990775e-05,0.000539772688936596,0.0007102272222849959,0.0007102272222849959,0.0007102272222849959,0.0007102272222849959,0.0007102272222849959,0.0007102272222849959,0.0007102272222849959,0.0007102272222849959,0.0007102272222849959,0.000539772688936596,0.0007102272222849959,0.0007102272222849959,0.0007102272222849959,0.0007812499445135004,0.0014204544445699917,0.0014204544445699917,0.0014204544445699917,0.0014204544445699917,0.0014204544445699917,0.0021306816668549937,0.0021306816668549937,0.0028409088891399896,0.0028409088891399896,0.0035511361114249915,0.004261363333709987,0.004261363333709987,0.004261363333709987,0.004261363333709987,0.004261363333709987,0.004261363333709987,0.004971590555994983,0.005681817778279985,0.005681817778279985,0.005852272311628385,0.006392045000564981,0.007102272222849983,0.007812499445134979,0.007812499445134979,0.008522726667419975,0.008806817556333975,0.009943181111989973,0.010653408334274975,0.01136363555655997,0.01136363555655997,0.011576703723245478,0.012784090001129962,0.013494317223414971,0.014204544445699966,0.014914771667984963,0.01607954431253236,0.016988635157057157,0.018323862334952958,0.018465907779409953,0.01960227133506595,0.01990056676842565,0.02130681666854995,0.022017043890834948,0.02325283925761084,0.024403407357712542,0.025568180002259938,0.025568180002259938,0.025568180002259938,0.026988634446829928,0.02911931611368493,0.029829543335969926,0.03196022500282492,0.03267045222510992,0.03267045222510992,0.03267045222510992,0.033380679447394916,0.03551136111424992,0.037642042781104904,0.038352270003389914,0.03977272444795991,0.03977272444795991,0.03977272444795991,0.0426136333370999,0.04687499667080989,0.047585223893094886,0.05198863267126189,0.05397726889365987,0.0556818142271439,0.06107954111650986,0.06335226822782186,0.06818181333935984,0.07528408556220982,0.0823863577850598,0.08948863000790978,0.09417612967499082,0.09659090223075978,0.10369317445360976,0.11079544667645974,0.11789771889930974,0.12499999112215972,0.1321022633450097,0.14630680779070968,0.16051135223640964,0.17613635112667966,0.19602271335065954,0.2102272577963595,0.22784089290902745,0.24573861891060944,0.2599431633563094,0.2735795260241814,0.28991475213673645,0.3025567966934093,0.32386361336195923,0.33522724891851924,0.3596590653651232,0.38068179114475914,0.4042613349246211,0.442897695816925,0.4876420108208798,0.5156249633789087,0.5582385967160086,0.6103692748317279,0.6647726800587584,0.6946022233947284,0.7286931300644083,0.7656249456232282,0.7997158522929081,0.821022668961458,0.842329485630008,0.8707385745214079,0.8849431189671079,0.9062499356356578,0.914772662303078,0.9346590245270577,0.9502840234173279,0.9559658411956077,0.9772726578641577,0.9914772023098577,0.9985794745327077,0.9999999289772777,0.9985794745327077,0.9928976567544278,0.9772726578641577,0.9559658411956077,0.9360794789716279,0.9133522078585078,0.8920453911899578,0.835227213407158,0.813920396738608,0.7656249456232282,0.7286931300644083,0.6803976789490285,0.6505681356130585,0.6292613189445085,0.6008522300531085,0.5784090498289026,0.5499999609375027,0.5242897354907857,0.5008522371553809,0.47443178448637885,0.45170451337325895,0.4238636062596871,0.4019886078133091,0.3877840633676091,0.37357951892190916,0.3593749744762092,0.34389202103039623,0.3295454311402392,0.3150567958056253,0.29857952424861334,0.28835225224770933,0.27443179869092343,0.2599431633563094,0.24928975502203443,0.23863634668775946,0.2267045293533716,0.21846589357486548,0.2102272577963595,0.20383521279579456,0.1978693041286006,0.19602271335065954,0.19190339546140658,0.18465907779409957,0.18110794168267458,0.1747158966821096,0.16775566990371665,0.16306817023663567,0.16051135223640964,0.15340908001355966,0.14630680779070968,0.14133521723471465,0.1392045355678597,0.1356533994564347,0.1321022633450097,0.12514203656661674,0.12031249145507876,0.11789771889930974,0.11590908267691173,0.11093749212091676,0.11079544667645974,0.10951703767634674,0.10369317445360976,0.10369317445360976,0.0967329476752168,0.09659090223075978,0.0926136297859638,0.08948863000790978,0.08948863000790978,0.08948863000790978,0.08309658500734482,0.0823863577850598,0.0823863577850598,0.07954544889591982,0.07755681267352182,0.07528408556220982,0.07528408556220982,0.07528408556220982,0.07386363111763983,0.07116476767295685,0.06818181333935984,0.06818181333935984,0.06818181333935984,0.06818181333935984,0.06747158611707484,0.06534090445021984,0.06321022278336486,0.06193181378325185,0.06107954111650986,0.06107954111650986,0.06107954111650986,0.059659086671939865,0.05823863222736986,0.055397723338229864,0.05397726889365987,0.05397726889365987,0.05397726889365987,0.05397726889365987,0.05397726889365987,0.05255681444908988,0.051278405448976876,0.049857951004406896,0.0491477237821219,0.04829545111537988,0.04687499667080989,0.04687499667080989,0.04687499667080989,0.04687499667080989,0.04687499667080989,0.04616476944852489,0.045454542226239895,0.044744315003954885,0.044034087781669895,0.044034087781669895,0.0433238605593849,0.0433238605593849,0.0426136333370999,0.0426136333370999,0.041903406114814905,0.041903406114814905,0.041903406114814905,0.041193178892529894,0.0406249971147019,0.03977272444795991,0.03977272444795991,0.03977272444795991,0.03977272444795991,0.03977272444795991,0.03977272444795991,0.03977272444795991,0.03977272444795991,0.03977272444795991,0.03977272444795991,0.03977272444795991,0.03977272444795991,0.03977272444795991,0.03977272444795991,0.03977272444795991,0.03977272444795991,0.03977272444795991,0.03977272444795991,0.03977272444795991,0.03977272444795991,0.03977272444795991,0.03977272444795991,0.03906249722567491,0.03721590644773394,0.03622158833653491,0.03551136111424992,0.034801133891964924,0.034801133891964924,0.03267045222510992,0.03267045222510992,0.03267045222510992,0.03267045222510992,0.03267045222510992,0.032102270447281936,0.029829543335969926,0.02769886166911494,0.025568180002259938,0.025568180002259938,0.025568180002259938,0.025568180002259938,0.024346589179929736,0.02409090737990714,0.023437498335404938,0.02132102121299564,0.020042612212882647,0.018636362312758347,0.017968748723810452,0.016775566990371662,0.015284089823573158,0.014673294412408071,0.013920453556785974,0.013437499045632165,0.012784090001129962,0.01242897638998747,0.011420453734342776,0.01136363555655997,0.01136363555655997,0.010667612878720674,0.010014203834218471,0.00965909022307598,0.009303976611933476,0.009232953889704977,0.008522726667419975,0.008409090311854375,0.007812499445134979,0.007812499445134979,0.007812499445134979,0.007556817645112383,0.007102272222849983,0.007102272222849983,0.006392045000564981,0.005681817778279985,0.005681817778279985,0.005681817778279985,0.005681817778279985,0.005184658722680485,0.004261363333709987,0.004261363333709987,0.004261363333709987,0.0034374997558593917,0.0028409088891399896,0.0021306816668549937,0.0014346589890156963,0.0014204544445699917,0.0014204544445699917,0.0014204544445699917,0.0014204544445699917,0.0014204544445699917,0.0014204544445699917,0.0014204544445699917,0.0007102272222849959,0.0007102272222849959,0.0007102272222849959,0.0007102272222849959
9328500,0.5745040530575896,0.5711000888860146,0.5668451336715455,0.5659941426286518,0.5625901784570767,0.5617391874141829,0.5617391874141829,0.5625901784570767,0.5659941426286518,0.5659941426286518,0.5659941426286518,0.5659941426286518,0.5711000888860146,0.5787590082720585,0.5838649545294211,0.5915238739154651,0.5966298201728278,0.6042887395588719,0.6042887395588719,0.6042887395588719,0.6042887395588719,0.6059907216446595,0.6187555872880662,0.6315204529314729,0.6425833364890917,0.6468382917035607,0.6468382917035607,0.6698150498616928,0.6893878438482496,0.6936427990627185,0.710662619920594,0.7319373959929385,0.7327883870358324,0.7540631631081768,0.7744869481376273,0.7744869481376273,0.7744869481376273,0.7753379391805213,0.8170365002823162,0.8170365002823162,0.8178874913252102,0.8553310972125362,0.8595860524270051,0.8595860524270051,0.8740529001561995,0.9021356045716941,0.9021356045716941,0.9021356045716941,0.9038375866574817,0.944685156716383,0.944685156716383,0.944685156716383,0.944685156716383,0.9455361477592769,0.9659599327887274,0.9804267805179218,0.9872347088610719,0.9872347088610719,0.9872347088610719,0.9889366909468595,0.9965956103329033,0.9999995745044785,0.9965956103329033,0.9872347088610719,0.9872347088610719,0.9872347088610719,0.9872347088610719,0.9753208342605589,0.9617049775742584,0.944685156716383,0.944685156716383,0.9361752462874452,0.9157514612579946,0.9021356045716941,0.9021356045716941,0.9021356045716941,0.8689469538988367,0.8595860524270051,0.8263974017541478,0.8170365002823162,0.8008676704673345,0.77959289439499,0.7744869481376273,0.7625730735371145,0.7344903691216201,0.7276824407784694,0.706407664706125,0.6893878438482496,0.6638581125614362,0.6468382917035607,0.6306694618885791,0.6127986499878095,0.6042887395588719,0.5957788291299341,0.5745040530575896,0.5617391874141829,0.5413154023847322,0.5200406263123878,0.519189635269494,0.49791485919714956,0.480895038339274,0.4766400831248051,0.4766400831248051,0.469832154781655,0.4604712533098233,0.4468553966235229,0.4383454861945851,0.4340905309801162,0.4340905309801162,0.43068656680854117,0.4179217011651344,0.4094117907361967,0.3966469250927899,0.39154097883542727,0.39154097883542727,0.39154097883542727,0.39154097883542727,0.39154097883542727,0.39154097883542727,0.39154097883542727,0.39154097883542727,0.39154097883542727,0.39154097883542727,0.39154097883542727,0.39154097883542727,0.39154097883542727,0.39154097883542727,0.39154097883542727,0.39154097883542727,0.39154097883542727,0.39154097883542727,0.38728602362095843,0.37196818484887056,0.37026620276308286,0.37026620276308286,0.37026620276308286,0.3796271042349145,0.38388205944938336,0.38728602362095843,0.39154097883542727,0.39154097883542727,0.39154097883542727,0.39154097883542727,0.39154097883542727,0.39154097883542727,0.39154097883542727,0.39154097883542727,0.39154097883542727,0.39154097883542727,0.39154097883542727,0.39154097883542727,0.39154097883542727,0.38813701466385225,0.37196818484887056,0.36601124754861397,0.3592033192054639,0.35750133711967613,0.35750133711967613,0.3489914266907384,0.34592785893632083,0.3362265610473317,0.32797194793126205,0.31571767691359165,0.2814227378849728,0.26780688119867196,0.2514678531751114,0.23359704127434217,0.22849109501697942,0.2228745541338805,0.1958130389698583,0.1830481733264516,0.17096410051735997,0.14594496385628308,0.10390600633733042,0.08637559085371856,0.07139814849878799,0.05514421957951684,0.04697470556773652,0.027231713372601028,0.025614830391102687,0.02135987517663379,0.017104919962164917,0.017104919962164917,0.012849964747696023,0.012849964747696023,0.012849964747696023,0.009786396993278476,0.008680108637516497,0.0057867390916776585,0.0024678740243919395,0.0,0.001531783877208783,0.004084757005890148,0.009786396993278476,0.013020162956274797,0.01412645131203672,0.01412645131203672,0.013020162956274797,0.01412645131203672,0.01412645131203672,0.015913532502113626,0.018126109213637623,0.025614830391102687,0.025614830391102687,0.025614830391102687,0.025614830391102687,0.030720776648465436,0.034124740820040474,0.034124740820040474,0.034124740820040474,0.038379696034509365,0.04654921004628967,0.04944257959212851,0.055399516892384926,0.05990976941972196,0.06424982373848025,0.06620710313713594,0.08092924817919828,0.09454510486549876,0.10220402425154272,0.10220402425154272,0.10220402425154272,0.10220402425154272,0.10220402425154272,0.10390600633733042,0.11096923199334864,0.11496888989494938,0.12398939494962345,0.13241420627427186,0.13241420627427186,0.1370095579058983,0.14475357639623163,0.13522247671582133,0.1370095579058983,0.14100921580749906,0.14560456743912545,0.1490085316107005,0.1490085316107005,0.1490085316107005,0.1490085316107005,0.1490085316107005,0.14917872981927927,0.1490085316107005,0.1490085316107005,0.14917872981927927,0.1505403154879094,0.1505403154879094,0.14917872981927927,0.1490085316107005,0.1505403154879094,0.1532634868251694,0.15419957697235256,0.16185849635839655,0.16296478471415854,0.16653894709431238,0.17028330768304495,0.1721554879774113,0.1800697046763234,0.1941110568840708,0.21300305803631261,0.23198015829284385,0.26142444837696877,0.301165730080108,0.3489914266907384,0.3626072833770389,0.39154097883542727,0.40090188030725893,0.4136667459506655,0.4545143160095672,0.47749107416769887,0.5030208054545122,0.519189635269494,0.5362094561273696,0.5455703575992011,0.5617391874141829,0.5617391874141829,0.5642921605428645,0.6042887395588719,0.6306694618885791,0.6468382917035607,0.6561991931753923,0.6774739692477368,0.6961957721914,0.7319373959929385,0.7540631631081768,0.7744869481376273,0.8085265898533786,0.8170365002823162,0.8391622673975546,0.8510761419980674,0.8510761419980674,0.8553310972125362,0.8553310972125362,0.8553310972125362,0.8595860524270051,0.8595860524270051,0.8595860524270051,0.8638410076414741,0.8680959628559429,0.8732019091133056,0.8732019091133056,0.8766058732848807,0.8766058732848807,0.8766058732848807,0.8680959628559429,0.8638410076414741,0.8595860524270051,0.8595860524270051,0.8595860524270051,0.8595860524270051,0.8595860524270051,0.8595860524270051,0.8595860524270051,0.8595860524270051,0.8595860524270051,0.8553310972125362,0.8553310972125362,0.8510761419980674,0.8425662315691297,0.8306523569686167,0.8212914554967852,0.8170365002823162,0.8170365002823162,0.8170365002823162,0.8170365002823162,0.8127815450678473,0.8042716346389096,0.7838478496094589,0.7744869481376273,0.7744869481376273,0.7744869481376273,0.7617220824942207,0.748957216850814,0.7319373959929385,0.7319373959929385,0.7157685661779568,0.6893878438482496,0.6893878438482496,0.6893878438482496,0.6851328886337806,0.6808779334193118,0.6681130677759052,0.6553482021324984,0.6468382917035607,0.6468382917035607,0.6468382917035607,0.6127986499878095,0.6042887395588719,0.6042887395588719,0.6042887395588719,0.6042887395588719,0.6042887395588719,0.6042887395588719,0.5966298201728278,0.5889709007867839,0.5872689187009962,0.5804609903578463,0.5796099993149523,0.5872689187009962,0.5872689187009962,0.5872689187009962,0.5872689187009962,0.5796099993149523,0.5787590082720585,0.5753550441004834,0.5787590082720585
9330000,0.7644194703198499,0.7845723472646464,0.7915216151766452,0.7915216151766452,0.7915216151766452,0.7859622008470464,0.7859622008470464,0.7915216151766452,0.7949962491326443,0.7949962491326443,0.7949962491326443,0.7956911759238441,0.7991658098798432,0.8026404438358428,0.8165389796598398,0.8227933207806388,0.8297425886926375,0.8297425886926375,0.8332172226486366,0.8366918566046363,0.8366918566046363,0.8478106852638339,0.8540650263846329,0.8610142942966316,0.8644889282526307,0.8644889282526307,0.8644889282526307,0.8644889282526307,0.8651838550438304,0.8679635622086298,0.8686584889998296,0.8818620980326273,0.8888113659446261,0.8922859999006252,0.8957606338566249,0.899235267812624,0.9034048285598227,0.9131338036366214,0.9207779983398193,0.9235577055046192,0.9277272662518186,0.9339816073726172,0.9339816073726172,0.9374562413286163,0.944405509240615,0.9451004360318153,0.9478801431966146,0.9478801431966146,0.9485750699878148,0.9548294111086129,0.9589989718558122,0.9617786790206116,0.9687279469326103,0.9687279469326103,0.9791518488006082,0.9826264827566078,0.9902706774598058,0.9999996525366044,0.9999996525366044,0.9999996525366044,0.9999996525366044,0.9999996525366044,0.9999996525366044,0.9999996525366044,0.9999996525366044,0.9930503846246057,0.9902706774598058,0.989575750668606,0.9861011167126069,0.9791518488006082,0.9722025808886094,0.9652533129766112,0.9520497039438135,0.9374562413286163,0.9312019002078182,0.9200830715486197,0.9131338036366214,0.9068794625158224,0.8999301946038236,0.8853367319886265,0.8644889282526307,0.8582345871318322,0.8471157584726341,0.8366918566046363,0.8297425886926375,0.8297425886926375,0.8061150777918424,0.7949962491326443,0.7922165419678454,0.7741484453966486,0.7616397631550511,0.7602499095726512,0.7498260077046532,0.7394021058366554,0.7324528379246567,0.7255035700126579,0.7255035700126579,0.7220289360566587,0.7157745949358598,0.7081304002326613,0.6977064983646635,0.6907572304526647,0.6907572304526647,0.6845028893318662,0.6664347927606694,0.6567058176838713,0.6560108908926715,0.6490616229806727,0.6323833799918764,0.6212645513326783,0.6212645513326783,0.6212645513326783,0.6184848441678794,0.6004167475966826,0.5865182117726851,0.5865182117726851,0.5760943099046872,0.555246506168691,0.5517718722126919,0.5517718722126919,0.5343987024326953,0.5246697273558971,0.5170255326526987,0.5031269968287012,0.4857538270487046,0.4822791930927055,0.4788045591367061,0.4649060233127089,0.4579567554007102,0.4447531463679129,0.42321041584071695,0.4127865139727191,0.40236261210472124,0.38846407628072377,0.37804017441272586,0.3467684688087321,0.34051412768793327,0.3259206650727361,0.3085474952927395,0.29881852021594135,0.280750423644745,0.27380115573274627,0.26685188782074754,0.2564279859527497,0.2355801822167537,0.21125774452475862,0.2043084766127599,0.19040994078876264,0.16956213705276668,0.1591382351847688,0.13898535823997282,0.13481579749277348,0.1216121884599762,0.10006945793278027,0.10006945793278027,0.09034048285598213,0.0792216541967843,0.06601804516398703,0.06532311837278706,0.04794994859279046,0.04100068068079172,0.03405141276879323,0.03057677881279386,0.03057677881279386,0.02362751090079512,0.016678242988796627,0.00972897507679789,0.0034746339559991227,0.002779707164799397,0.0,0.0,0.002779707164799397,0.00625434112079852,0.01320360903279726,0.01320360903279726,0.01320360903279726,0.01320360903279726,0.01320360903279726,0.010423901867997862,0.01320360903279726,0.016678242988796627,0.016678242988796627,0.020152876944796,0.02362751090079512,0.03057677881279386,0.03057677881279386,0.03057677881279386,0.03057677881279386,0.03057677881279386,0.03057677881279386,0.03405141276879323,0.04100068068079172,0.04794994859279046,0.054899216504789204,0.05837385046078832,0.05837385046078832,0.0618484844167877,0.0618484844167877,0.06532311837278706,0.06532311837278706,0.06532311837278706,0.06532311837278706,0.06532311837278706,0.06532311837278706,0.06879775232878643,0.0722723862847858,0.0722723862847858,0.07574702024078493,0.0792216541967843,0.08269628815278367,0.08617092210878304,0.0896455560647824,0.0965948239767809,0.10006945793278027,0.10006945793278027,0.10076438472398024,0.107018725844779,0.11396799375677749,0.11813755450397684,0.1216121884599762,0.1257817492071753,0.12439189562477561,0.13203609032797406,0.13481579749277348,0.13481579749277348,0.13551072428397345,0.1487143333167707,0.15218896727277006,0.1563585280199694,0.1591382351847688,0.16956213705276668,0.16956213705276668,0.16956213705276668,0.17303677100876605,0.17998603892076454,0.18763023362396325,0.2008338426567605,0.2043084766127599,0.20778311056875925,0.21473237848075774,0.22515628034875584,0.2355801822167537,0.23905481617275307,0.23905481617275307,0.24252945012875243,0.24947871804075095,0.25364827878795027,0.259902619908749,0.2640721806559481,0.27380115573274627,0.27380115573274627,0.27380115573274627,0.280750423644745,0.2849199843919441,0.29117432551274286,0.2981235934247416,0.30159822738074077,0.3085474952927395,0.31202212924873884,0.31897139716073736,0.32661559186393607,0.3370394937319339,0.3467684688087321,0.36483656537992865,0.37804017441272586,0.38151480836872526,0.3919387102367231,0.3995829049399218,0.40583724606072036,0.4127865139727191,0.4127865139727191,0.41973578188471783,0.4273799765879163,0.4378038784559142,0.44753285353271227,0.454482121444711,0.47185529122470765,0.4822791930927055,0.4822791930927055,0.48922846100470424,0.4996523628727021,0.5066016307847009,0.5135508986966996,0.5205001666086978,0.5281443613118968,0.5413479703446941,0.5482972382566927,0.555246506168691,0.5621957740806898,0.5698399687838882,0.5795689438606864,0.5865182117726851,0.5899928457286843,0.6004167475966826,0.6150102102118797,0.6212645513326783,0.6289087460358768,0.6490616229806727,0.6560108908926715,0.6560108908926715,0.6560108908926715,0.6636550855958699,0.6733840606726681,0.6810282553758665,0.6907572304526647,0.6907572304526647,0.6977064983646635,0.708825327023861,0.7255035700126579,0.7289782039686571,0.7331477647158564,0.7400970326278556,0.7435716665838542,0.7498260077046532,0.7539955684518526,0.7602499095726512,0.7602499095726512,0.7602499095726512,0.7602499095726512,0.7602499095726512,0.7602499095726512,0.7602499095726512,0.7602499095726512,0.7602499095726512,0.7463513737486537,0.7428767397926546,0.7394021058366554,0.7296731307598567,0.7255035700126579,0.7255035700126579,0.7255035700126579,0.7255035700126579,0.7220289360566587,0.7220289360566587,0.7192492288918594,0.7185543021006592,0.7150796681446601,0.7122999609798601,0.708825327023861,0.7018760591118628,0.7011811323206626,0.6984014251558632,0.7011811323206626,0.7011811323206626,0.6977064983646635,0.6949267911998636,0.6942318644086638,0.6914521572438644,0.6914521572438644,0.6942318644086638,0.6942318644086638,0.6942318644086638,0.6914521572438644,0.6914521572438644,0.6942318644086638,0.6949267911998636,0.6977064983646635,0.6984014251558632,0.7116050341886604,0.7116050341886604,0.7122999609798601,0.7122999609798601,0.7150796681446601,0.7150796681446601,0.7150796681446601,0.7150796681446601
9330500,0.0,0.0004290003523165238,0.0004290003523165238,0.0004290003523165238,0.0012155009982301877,0.0012155009982301877,0.002216501820302098,0.002216501820302098,0.002216501820302098,0.002216501820302098,0.0024310019964603755,0.0033247527304531466,0.0024310019964603755,0.0033247527304531466,0.0033247527304531466,0.004004003288287672,0.0033247527304531466,0.003575002935971148,0.004004003288287672,0.004004003288287672,0.004004003288287672,0.004004003288287672,0.004004003288287672,0.004004003288287672,0.004004003288287672,0.004004003288287672,0.004004003288287672,0.004004003288287672,0.004004003288287672,0.004004003288287672,0.0024310019964603755,0.0024310019964603755,0.002216501820302098,0.0016445013505467275,0.0004290003523165238,0.0004290003523165238,0.0004290003523165238,0.0004290003523165238,0.0006435005284748015,0.0016445013505467275,0.002216501820302098,0.0006435005284748015,0.0004290003523165238,0.002216501820302098,0.002574002113899238,0.005791504756273262,0.005791504756273262,0.0065422553728272026,0.007579006224258836,0.009366507692244426,0.01115400916023,0.01115400916023,0.012941510628215573,0.012941510628215573,0.014729012096201163,0.014729012096201163,0.01651651356418674,0.017088514033942123,0.018304015032172327,0.0200915165001579,0.020198766588237042,0.021879017968143476,0.025454020904114638,0.02724152237210023,0.029029023840085804,0.029029023840085804,0.029029023840085804,0.03260402677605697,0.03439152824404254,0.03617902971202813,0.03764478091577632,0.03896753200208565,0.03975403264799928,0.03975403264799928,0.04121978385174747,0.0428642852022942,0.04332903558397044,0.04468753669963951,0.046904038519941606,0.046904038519941606,0.04869153998792718,0.0508007917201502,0.05358929401020769,0.057629047327855086,0.060560549735351465,0.06163305061614282,0.0637780523777255,0.06477905319979742,0.06656655466778298,0.0699985574863153,0.07371656053972532,0.07629056265362458,0.08086656641166767,0.08265406787965321,0.0847990696412359,0.09695407962353787,0.10052908255950901,0.10052908255950901,0.10982409019303403,0.11840409723936482,0.12555410311130716,0.13627911191922062,0.14021161514878894,0.15415412659907643,0.15415412659907643,0.17202914127893223,0.17202914127893223,0.18990415595878804,0.20062916476670153,0.20777917063864385,0.22565418531849965,0.24352919999835546,0.25461170909986613,0.26140421467821123,0.27927922935806704,0.2953667425699373,0.3060917513778508,0.32074926341533255,0.34720428514151913,0.36865430275734606,0.38652931743720187,0.3976118265387125,0.41048183710820874,0.42585434973288466,0.4401543614767693,0.4580293761566251,0.4759043908364809,0.4937794055163367,0.500929411388279,0.5116544201961926,0.5309594360504368,0.5652794642357599,0.6010294935954714,0.6532245364606505,0.6961245716923045,0.7129270854913689,0.741169608685541,0.7604746245397853,0.777992138926044,0.7890746480275547,0.8276846797360432,0.8630772088021575,0.8870297284731643,0.9059772440338115,0.9406547725127318,0.9592447877797818,0.9767623021660407,0.987129810680357,0.9953523174330905,0.9953523174330905,0.9999998212498531,0.9953523174330905,0.9942798165522991,0.9885598118547454,0.9789073039276232,0.9764048018724434,0.9617472898349617,0.9585297871925875,0.9406547725127318,0.934934767815178,0.9227797578328759,0.8934647337579127,0.8698697143805029,0.8512796991134527,0.8334046844335969,0.8155296697537411,0.79336465155072,0.7647646280629505,0.7340196028135989,0.7186470901889229,0.7082795816746063,0.6904045669947505,0.6725295523148946,0.6546545376350389,0.6385670244231688,0.6335620203128092,0.6174745071009389,0.6010294935954714,0.5835119792092129,0.5831544789156157,0.5674244659973428,0.5652794642357599,0.5652794642357599,0.5634919627677744,0.556341956895832,0.5474044495559042,0.5474044495559042,0.5388244425095734,0.5320319369312282,0.5295294348760483,0.5295294348760483,0.5216644284169119,0.5116544201961926,0.5116544201961926,0.5080794172602213,0.4937794055163367,0.4937794055163367,0.48877440140597717,0.4759043908364809,0.4744743896620925,0.4687543849645386,0.4580293761566251,0.4580293761566251,0.4580293761566251,0.4580293761566251,0.45624187468863947,0.45123687057827994,0.4401543614767693,0.4401543614767693,0.4401543614767693,0.4401543614767693,0.43514935736640964,0.4222793467969135,0.4222793467969135,0.4222793467969135,0.4044043321170577,0.4044043321170577,0.4044043321170577,0.39260682242835293,0.38652931743720187,0.37222930569331725,0.36865430275734606,0.36865430275734606,0.35077928807749026,0.35077928807749026,0.34934928690310185,0.33290427339763445,0.33290427339763445,0.31502925871777865,0.31502925871777865,0.29822674491871437,0.29715424403792284,0.29715424403792284,0.27927922935806704,0.27927922935806704,0.27927922935806704,0.2706992223117363,0.26140421467821123,0.26140421467821123,0.2510367061638949,0.24352919999835546,0.24352919999835546,0.23351919177763622,0.22565418531849965,0.22565418531849965,0.20956667210662944,0.2045616679962698,0.18990415595878804,0.18811665449080248,0.1845416515548313,0.1756041442149034,0.17202914127893223,0.17202914127893223,0.1666666368749755,0.15808662982864474,0.15415412659907643,0.15415412659907643,0.15415412659907643,0.15057912366310527,0.14879162219511968,0.14557411955274563,0.14199911661677453,0.13985411485519178,0.13627911191922062,0.13627911191922062,0.13627911191922062,0.13627911191922062,0.13270410898324947,0.12734160457929272,0.12555410311130716,0.12197910017533597,0.11840409723936482,0.11840409723936482,0.11840409723936482,0.11518659459699082,0.1112540913674225,0.10624908725706292,0.10052908255950901,0.10052908255950901,0.10052908255950901,0.09695407962353787,0.09051907433878986,0.08622907081562436,0.08444156934763879,0.08265406787965321,0.08265406787965321,0.08072356629422878,0.07961531538407773,0.07839981438584755,0.07550406200771088,0.07371656053972532,0.07085655819094838,0.06996280745695559,0.06835405613576856,0.06721005519625779,0.06656655466778298,0.06656655466778298,0.06613755431546646,0.06477905319979742,0.06477905319979742,0.06370655231900606,0.06299155173181184,0.06216930105653845,0.0610610501463874,0.05941654879584066,0.057629047327855086,0.05584154585986951,0.05226654292389836,0.050479041455912754,0.04894179019344518,0.046904038519941606,0.046904038519941606,0.045116537051956035,0.04332903558397044,0.04332903558397044,0.04093378361686978,0.03853853164976911,0.03778778103321515,0.03617902971202813,0.03439152824404254,0.03260402677605697,0.03174602607142389,0.029958524603438313,0.029029023840085804,0.02724152237210023,0.025454020904114638,0.023666519436129067,0.02316601902509311,0.021879017968143476,0.021879017968143476,0.021879017968143476,0.021879017968143476,0.020699266999273012,0.0200915165001579,0.0200915165001579,0.0200915165001579,0.0200915165001579,0.0200915165001579,0.018876015501927714,0.018304015032172327,0.018304015032172327,0.018304015032172327,0.018304015032172327,0.017946514738575205,0.01651651356418674,0.01651651356418674,0.01651651356418674,0.015801512976992504,0.01562276283019395,0.01562276283019395,0.014729012096201163,0.014729012096201163,0.013549261127330715,0.012941510628215573,0.01115400916023,0.01115400916023,0.01115400916023,0.01115400916023,0.01115400916023,0.01115400916023,0.01115400916023,0.009366507692244426,0.009366507692244426,0.007579006224258836,0.007579006224258836,0.006149005049870386
9337000,0.06872828615709223,0.06872828615709223,0.06872828615709223,0.06872828615709223,0.06872828615709223,0.06872828615709223,0.06872828615709223,0.06872828615709223,0.046735234586823146,0.03573870880168807,0.03436414307854607,0.03436414307854607,0.03436414307854607,0.03436414307854607,0.03848784024797161,0.046735234586823146,0.046735234586823146,0.046735234586823146,0.06872828615709223,0.06872828615709223,0.06872828615709223,0.046735234586823146,0.03848784024797161,0.035051425940116995,0.03436414307854607,0.03436414307854607,0.03436414307854607,0.03436414307854607,0.03436414307854607,0.03436414307854607,0.03436414307854607,0.03436414307854607,0.03436414307854607,0.0412369716942553,0.06872828615709223,0.06872828615709223,0.06872828615709223,0.07903752908065607,0.0859103576963653,0.0859103576963653,0.0859103576963653,0.10309242923563837,0.10309242923563837,0.10309242923563837,0.10309242923563837,0.10309242923563837,0.10652884354349298,0.10652884354349298,0.10652884354349298,0.11683808646705676,0.13745657231418446,0.13745657231418446,0.14089298662203906,0.1477658152377483,0.15120222954560292,0.16151147246916675,0.16494788677702138,0.16838430108487598,0.1718207153927306,0.18900278693200367,0.20618485847127668,0.21786866711798236,0.23161432434940082,0.2405490015498228,0.2405490015498228,0.24742183016553204,0.2618547702585215,0.26872759887423076,0.27560042748993996,0.28865880185978743,0.2962189133370677,0.3030917419527769,0.3092772877069151,0.3092772877069151,0.31271370201476967,0.32714664210775896,0.3340194707234682,0.3436414307854611,0.3436414307854611,0.35051425940117037,0.3676963309404435,0.3780055738640073,0.3780055738640073,0.3848784024797165,0.39587492826485143,0.40274775688056064,0.4123697169425534,0.4123697169425534,0.41649341411197893,0.4233662427276882,0.44054831426696134,0.44673386002109955,0.45429397149837963,0.46735234586822727,0.47491245734550747,0.48109800309964573,0.48453441740750025,0.4927818117463515,0.5120257318703372,0.5154621461781917,0.5264586719633266,0.5367679148868904,0.5539499864261636,0.5704447751038656,0.584190432335284,0.5917505438125641,0.6268019697526815,0.6529187184923763,0.6893447101556353,0.7422654904965965,0.7560111477280147,0.787626159360277,0.79724811942227,0.8164920395462559,0.824739433885107,0.8391723739780963,0.8522307483479437,0.859103576963653,0.8666636884409332,0.8797220628107805,0.893467720042199,0.9106497915814723,0.9140862058893269,0.9353919745980253,0.9511994804141568,0.9731925319844263,0.9965601492778375,0.9965601492778375,0.9999965635856921,0.9999965635856921,0.9972474321394085,0.9965601492778375,0.9965601492778375,0.9690688348150006,0.9436393689368766,0.9285191459823161,0.9161480544740397,0.9010278315194792,0.893467720042199,0.8769729313644968,0.8659764055793621,0.859103576963653,0.859103576963653,0.859103576963653,0.8556671626557985,0.8426087882859509,0.8261139996082489,0.8013718165916958,0.7917498565297026,0.7903752908065607,0.7676949563747203,0.7635712592052946,0.7560111477280147,0.7560111477280147,0.7560111477280147,0.7463891876660219,0.7230215703726104,0.7230215703726104,0.7216470046494684,0.7133996103106176,0.7216470046494684,0.7216470046494684,0.7216470046494684,0.7216470046494684,0.7230215703726104,0.7353926618808868,0.7367672276040288,0.7422654904965962,0.7491383191123053,0.7491383191123053,0.753262016281731,0.753262016281731,0.753262016281731,0.753262016281731,0.753262016281731,0.7560111477280147,0.7560111477280147,0.753262016281731,0.7498256019738765,0.7491383191123053,0.7422654904965962,0.736079944742458,0.7292071161267486,0.7216470046494684,0.7127123274490468,0.6975921044944863,0.6872828615709223,0.6632279614159401,0.6529187184923763,0.6192418582754011,0.602059786736128,0.5505135721183089,0.5374551977484613,0.49003268030006797,0.46666506300665656,0.44673386002109955,0.3903766653722843,0.35395067370902505,0.3113391362916281,0.27491314462836897,0.2405490015498228,0.2006865955787093,0.1718207153927306,0.13745657231418446,0.1264600465290499,0.11752536932862769,0.10515427782035122,0.10309242923563837,0.10309242923563837,0.10309242923563837,0.10309242923563837,0.10034329778935476,0.09003405486579098,0.07697568049594337,0.06872828615709223,0.06872828615709223,0.06872828615709223,0.06872828615709223,0.05704447751038669,0.035051425940116995,0.03436414307854607,0.03436414307854607,0.02130576870869869,0.01374565723141846,0.000687282861570923,0.0,0.0,0.0,0.0,0.0,0.0,0.0,0.0013745657231419987,0.01374565723141846,0.01374565723141846,0.01374565723141846,0.01374565723141846,0.01374565723141846,0.01374565723141846,0.01374565723141846,0.01374565723141846,0.01374565723141846,0.01374565723141846,0.01374565723141846,0.017182071539273074,0.02061848584712769,0.024054900154982305,0.027491314462836845,0.027491314462836845,0.024742183016553305,0.02061848584712769,0.02061848584712769,0.02130576870869869,0.02061848584712769,0.017869354400844074,0.017869354400844074,0.017869354400844074,0.017182071539273074,0.017182071539273074,0.02130576870869869,0.03436414307854607,0.03436414307854607,0.063230023264525,0.063230023264525,0.063230023264525,0.06872828615709223,0.06872828615709223,0.06872828615709223,0.06872828615709223,0.06872828615709223,0.06872828615709223,0.06872828615709223,0.06872828615709223,0.06872828615709223,0.06872828615709223,0.06872828615709223,0.07010285188023423,0.08659764055793621,0.09003405486579098,0.09759416634307107,0.10309242923563837,0.11752536932862769,0.12027450077491138,0.12920917797533352,0.13745657231418446,0.14158026948361005,0.16907158394644706,0.1718207153927306,0.1718207153927306,0.1718207153927306,0.1718207153927306,0.1718207153927306,0.1718207153927306,0.1731952811158726,0.1979374641324259,0.20618485847127668,0.21649410139484052,0.2405490015498228,0.2405490015498228,0.2405490015498228,0.24742183016553204,0.2508582444733866,0.2515455273349576,0.2542946587812413,0.2542946587812413,0.2542946587812413,0.2542946587812413,0.2549819416428123,0.2577310730890958,0.2542946587812413,0.2405490015498228,0.2405490015498228,0.2405490015498228,0.2405490015498228,0.2405490015498228,0.2405490015498228,0.2405490015498228,0.2309270414878299,0.21580681853326988,0.2068721413328476,0.2068721413328476,0.20618485847127668,0.20618485847127668,0.20618485847127668,0.18556637262414905,0.1766316954237272,0.1718207153927306,0.1718207153927306,0.1718207153927306,0.1718207153927306,0.1718207153927306,0.1718207153927306,0.1718207153927306,0.1718207153927306,0.1718207153927306,0.1718207153927306,0.16632245250016336,0.15944962388445405,0.13745657231418446,0.13745657231418446,0.13745657231418446,0.13745657231418446,0.13745657231418446,0.10309242923563837,0.10309242923563837,0.10309242923563837,0.10309242923563837,0.10309242923563837,0.10309242923563837,0.10309242923563837,0.10309242923563837,0.10309242923563837,0.10309242923563837,0.06872828615709223,0.06872828615709223,0.06872828615709223,0.06872828615709223,0.06872828615709223,0.06872828615709223,0.06872828615709223,0.06872828615709223,0.06872828615709223,0.06872828615709223,0.06872828615709223,0.06872828615709223,0.06872828615709223
9337500,0.6548707173472458,0.6523877951961663,0.6523877951961663,0.6548707173472458,0.6548707173472458,0.6548707173472458,0.6548707173472458,0.6548707173472458,0.6548707173472458,0.6523877951961663,0.6523877951961663,0.6517670646583963,0.6517670646583963,0.6548707173472458,0.6548707173472458,0.6548707173472458,0.6548707173472458,0.6579743700360952,0.6585951005738652,0.6585951005738652,0.6585951005738652,0.6685267891781835,0.6734926334803428,0.6734926334803428,0.6741133640181127,0.6772170167069622,0.6859072442357408,0.6859072442357408,0.6859072442357408,0.6859072442357408,0.6859072442357408,0.6871487053112806,0.7026669687555283,0.7169437711242359,0.7268754597285544,0.7237718070397049,0.7237718070397049,0.7262547291907844,0.7430144537105716,0.7479802980127309,0.7479802980127309,0.7486010285505008,0.766602214145828,0.7740509805990669,0.7790168249012259,0.7790168249012259,0.7858448608166949,0.810053351789721,0.810053351789721,0.810053351789721,0.8106740823274908,0.8168813877051899,0.8355033038382871,0.8410898786782162,0.8485386451314553,0.8721264055667113,0.8876446690109587,0.9000592797663567,0.9037836629929762,0.9093702378329052,0.9199226569749936,0.9341994593437013,0.9341994593437013,0.947855531174639,0.9441311479480198,0.9621323335433469,0.9652359862321963,0.9652359862321963,0.9782713275253645,0.9937895909696118,0.9962725131206914,0.9999968963473111,0.9999968963473111,0.9962725131206914,0.9962725131206914,0.9937895909696118,0.9683396389210458,0.9627530640811169,0.9217848485883036,0.9075080462195957,0.8733678666422516,0.8292959984605881,0.810053351789721,0.7951558188832434,0.7697058668346775,0.7448766453238814,0.7169437711242359,0.6958389328400595,0.6734926334803428,0.6461804898184672,0.6238341904587507,0.6114195797033526,0.5927976635702555,0.56610625044615,0.5431392205486636,0.5251380349533364,0.49968808290477046,0.49968808290477046,0.4934807775270714,0.4810661667716734,0.46865155601627534,0.4531332925720279,0.4444430650432494,0.4407186818166298,0.4376150291277804,0.43202845428785136,0.41340653815475414,0.4065785022392853,0.39230169987057767,0.38174928072848924,0.3755419753507902,0.3755419753507902,0.3606444424443126,0.3513334843777641,0.34450544846229514,0.34450544846229514,0.3389188736223661,0.3234006101781185,0.3134689215738001,0.3134689215738001,0.3134689215738001,0.3134689215738001,0.3010543108184021,0.2948470054407031,0.2861567779119246,0.28305312522307496,0.28243239468530507,0.28243239468530507,0.27622508930760603,0.27312143661875654,0.26443120908997797,0.2526373288723499,0.25139586779681,0.24208490973026145,0.2296702989748634,0.22035934090831497,0.22035934090831497,0.19925450262413844,0.19242646670866936,0.18932281401981987,0.18621916133097036,0.18001185595327135,0.17132162842449272,0.16759724519787333,0.1582862871313248,0.15269971229139573,0.14587167637592677,0.13966437099822776,0.13345706562052875,0.13035341293167926,0.12476683809175022,0.11173149679858221,0.09993761658095415,0.09310958066548516,0.08379862259893667,0.07759131722123765,0.06828035915468912,0.06207305377699011,0.05586574839929109,0.04965844302159211,0.04345113764389309,0.04345113764389309,0.03724383226619407,0.03724383226619407,0.03414017957734456,0.031036526888495054,0.027932874199645547,0.024829221510796036,0.021725568821946546,0.018621916133097036,0.018621916133097036,0.018621916133097036,0.015518263444247527,0.012414610755398018,0.012414610755398018,0.012414610755398018,0.00931095806654851,0.00931095806654851,0.006207305377699,0.003103652688849509,0.003103652688849509,0.003103652688849509,0.003103652688849509,0.0,0.0,0.0,0.0,0.0,0.0,0.003103652688849509,0.003103652688849509,0.006207305377699,0.00931095806654851,0.012414610755398018,0.012414610755398018,0.013035341293167954,0.015518263444247527,0.015518263444247527,0.018621916133097036,0.021725568821946546,0.024829221510796036,0.024829221510796036,0.027932874199645547,0.03165725742626499,0.03414017957734456,0.034760910115114535,0.034760910115114535,0.03724383226619407,0.04034748495504358,0.04034748495504358,0.04345113764389309,0.04345113764389309,0.04345113764389309,0.04345113764389309,0.04407186818166306,0.046554790332742596,0.046554790332742596,0.046554790332742596,0.04965844302159211,0.04965844302159211,0.04965844302159211,0.04965844302159211,0.04965844302159211,0.04345113764389309,0.04096821549281355,0.04034748495504358,0.04034748495504358,0.04034748495504358,0.037864562803964046,0.03724383226619407,0.03724383226619407,0.04034748495504358,0.04345113764389309,0.04345113764389309,0.04345113764389309,0.04407186818166306,0.04965844302159211,0.04965844302159211,0.05276209571044162,0.05276209571044162,0.05276209571044162,0.05276209571044162,0.05276209571044162,0.05276209571044162,0.05276209571044162,0.05027917355936208,0.04965844302159211,0.04965844302159211,0.04965844302159211,0.04717552087051257,0.046554790332742596,0.04407186818166306,0.04345113764389309,0.04345113764389309,0.04345113764389309,0.04345113764389309,0.046554790332742596,0.05276209571044162,0.05276209571044162,0.05586574839929109,0.05586574839929109,0.0589694010881406,0.0589694010881406,0.0589694010881406,0.0589694010881406,0.06207305377699011,0.06207305377699011,0.06517670646583962,0.06828035915468912,0.07448766453238814,0.07448766453238814,0.07759131722123765,0.08379862259893667,0.08690227528778618,0.09000592797663569,0.09931688604318419,0.10862784410973271,0.11793880217628123,0.12104245486513074,0.13035341293167926,0.13407779615829868,0.14276802368707728,0.1582862871313248,0.16138993982017433,0.16449359250902384,0.17690820326442183,0.18683989186874034,0.18932281401981987,0.20235815531298795,0.22035934090831497,0.22656664628601397,0.25139586779681,0.25139586779681,0.25884463425004894,0.28243239468530507,0.3010543108184021,0.3109859994227204,0.3320908377068971,0.34450544846229514,0.36436882567093215,0.3879565861061883,0.4065785022392853,0.43885649020332035,0.45002963988317846,0.4754795919317443,0.4972051607536908,0.5083783104335492,0.5282416876421859,0.5319660708688054,0.5617611366817606,0.5772794001260081,0.5946598551835655,0.6238341904587507,0.6319036874497596,0.6548707173472458,0.6548707173472458,0.6548707173472458,0.6548707173472458,0.6648024059515641,0.6679060586404136,0.6765962861691922,0.6772170167069622,0.6765962861691922,0.6710097113292632,0.6710097113292632,0.6679060586404136,0.6648024059515641,0.6548707173472458,0.6548707173472458,0.6548707173472458,0.6548707173472458,0.6523877951961663,0.6517670646583963,0.6517670646583963,0.6548707173472458,0.6548707173472458,0.6548707173472458,0.6368695317519186,0.6362488012141487,0.6238341904587507,0.6238341904587507,0.6238341904587507,0.6089366575522731,0.6052122743256536,0.5810037833526275,0.5741757474371586,0.5741757474371586,0.5623818672195305,0.5617611366817606,0.5617611366817606,0.5617611366817606,0.5617611366817606,0.5617611366817606,0.5617611366817606,0.5617611366817606,0.5617611366817606,0.5617611366817606,0.5617611366817606,0.5623818672195305,0.56548551990838,0.5630025977573005,0.5692099031349995,0.5747964779749286,0.5803830528148578,0.5747964779749286,0.5617611366817606
9342500,0.0005121638858877845,0.00017925736006072597,2.560819429439332e-05,0.00015364916576634174,2.560819429439332e-05,2.560819429439332e-05,0.0,0.0,0.0,0.0,0.0,0.0,0.0,0.0,0.0,0.0,0.0,0.0,0.0,0.0,0.0,0.0,0.0,0.0,0.0,0.0,0.0,0.0,0.0,0.0,0.0002560819429438968,0.0005377720801821779,0.0006658130516541263,0.0008962868003036298,0.0011523687432475175,0.0012804097147194658,0.0012804097147194658,0.0012804097147194658,0.0012804097147194658,0.0012804097147194658,0.0012804097147194658,0.001664532629135302,0.0018181817949016437,0.0020742637378455405,0.0024583866522613768,0.003021766926737948,0.0037131881726864494,0.0038412291441583977,0.003918053727041569,0.005019206081700309,0.005121638858877863,0.005659410939060042,0.00640204857359733,0.006914212459485114,0.007682458288316795,0.008962868003036261,0.010243277717755727,0.010243277717755727,0.011523687432475194,0.012496798815661994,0.01280409714719466,0.013828424918970229,0.01536491657663359,0.016645326291353058,0.01920614572079199,0.020486555435511453,0.021792573344525303,0.024327784579669852,0.02560819429438932,0.026939820397697573,0.029449423438547718,0.03149807898209887,0.035185658960490945,0.039692701156303446,0.04353393030046184,0.048322662633512654,0.05252240649779249,0.06145966630653436,0.0671190772455944,0.07298335373900956,0.0796414842555508,0.08450704117148475,0.091165171688026,0.09859154803339888,0.10627400632171567,0.11395646461003246,0.11907810346891033,0.12548015204250765,0.1282970534148905,0.13316261033082447,0.1395646589044218,0.14468629776329964,0.15108834633689697,0.16005121433993325,0.16773367262825004,0.17541613091656683,0.18591549057726645,0.19974391549623668,0.20614596406983401,0.2176696515023092,0.2291933389347844,0.24583866522613745,0.25352112351445427,0.27042253174875125,0.2855313663824409,0.30729833153267183,0.32778488696818325,0.34827144240369473,0.3690140797821501,0.3905249629894371,0.41101151842494854,0.4327784835751795,0.45096030152419603,0.47042252918793176,0.4906530026804995,0.5072983289718526,0.5275288024644199,0.5562099800741359,0.5813060104826375,0.5918053701433371,0.6010243200893174,0.6197183019242215,0.635595382386743,0.6507042170204327,0.6673495433117856,0.6901408362337921,0.704993588924538,0.7349551762489734,0.7592829608286433,0.7848911551230326,0.7928296953542933,0.807938529987983,0.8240716923934484,0.8407170186848015,0.8635083116068077,0.8901408336729728,0.9201024209974084,0.9475031888924048,0.9682458262708602,0.9820742511898304,0.9887323817063717,0.9935979386223056,0.9974391677664639,0.9979513316523517,0.9999999871959029,0.9979513316523517,0.9979513316523517,0.9974391677664639,0.9884762997634277,0.9741357109585698,0.9692701540426357,0.951856581922451,0.9362355834028734,0.9162611918532498,0.8811779656699366,0.8478873130872304,0.8207426271351776,0.7779769426635477,0.7559538955703726,0.7201024235582276,0.6696542807982807,0.6081946144917463,0.5577464717317994,0.49807937902587224,0.4524967931818592,0.4212547961427043,0.3982074212777539,0.3603072937220578,0.3408450660583219,0.31165172456271806,0.2832266288959459,0.2578745165445005,0.23943661665254012,0.22688860144828935,0.21254801264343134,0.19846350578151722,0.1833546711478275,0.17055057400063284,0.15518565742399928,0.14852752690745805,0.1359795117032073,0.12957746312960997,0.12163892289834927,0.11421254655297639,0.11011523546587407,0.10012803969106225,0.0950064008321844,0.09090908974508208,0.08732394254386759,0.0834827133997092,0.08066581202732635,0.07810499259788742,0.07323943568195347,0.07170294402429009,0.06914212459485115,0.0678617148801317,0.06491677253627692,0.06289372518702017,0.06145966630653436,0.060204864786109286,0.05938540256868882,0.05879641409991788,0.057259922442254516,0.0553649160644697,0.052548014692086906,0.049961587068353554,0.04873239374222288,0.04696542833591002,0.04471190723800375,0.04332906474610673,0.042253520585742374,0.03871958977311666,0.03713188172686451,0.03446862952024804,0.033290652582706116,0.0313956462049213,0.030499359404617687,0.0294750316328421,0.028604353026832893,0.02816901372382825,0.027298335117819022,0.027272726923524622,0.026888604009108783,0.026197182763160284,0.024993597631323968,0.024327784579669852,0.023175415836422342,0.02253521097906259,0.02051216362980585,0.01997439154962367,0.01920614572079199,0.01920614572079199,0.018079385171838873,0.017823303228894968,0.017592829480245466,0.01667093448564745,0.016645326291353058,0.016440460736997946,0.015928296851110163,0.016440460736997946,0.016645326291353058,0.016440460736997946,0.01618437879405405,0.016645326291353058,0.017183098371535234,0.017336747537301578,0.017823303228894968,0.01769526225742302,0.017823303228894968,0.01825864253189959,0.018642765446315428,0.018642765446315428,0.017976952394661308,0.01769526225742302,0.017336747537301578,0.01715749017724084,0.01715749017724084,0.016952624622885732,0.01715749017724084,0.01756722128595107,0.018207426143310803,0.01920614572079199,0.019462227663735884,0.019615876829502218,0.019743917800974165,0.02017925710397879,0.020486555435511453,0.020486555435511453,0.020537771824100243,0.021049935709988025,0.021254801264343134,0.0213316258472263,0.02176696515023092,0.02176696515023092,0.02176696515023092,0.02189500612170286,0.022279129036118714,0.02271446833912334,0.023047374864950388,0.023047374864950388,0.023047374864950388,0.02358514694513258,0.024327784579669852,0.025096030408501526,0.02560819429438932,0.02583866804303885,0.026888604009108783,0.02691421220340317,0.028245838306711422,0.029449423438547718,0.029449423438547718,0.029449423438547718,0.029449423438547718,0.029449423438547718,0.029449423438547718,0.029449423438547718,0.029449423438547718,0.029449423438547718,0.029449423438547718,0.029449423438547718,0.028937259552659942,0.02816901372382825,0.028066580946650713,0.02691421220340317,0.026888604009108783,0.026888604009108783,0.02560819429438932,0.024532650134024964,0.024327784579669852,0.023047374864950388,0.023047374864950388,0.023047374864950388,0.02176696515023092,0.02176696515023092,0.021459666818698254,0.020486555435511453,0.020358514464039506,0.01976952599526856,0.01920614572079199,0.018565940863432266,0.017925736006072522,0.017925736006072522,0.017823303228894968,0.01667093448564745,0.016645326291353058,0.016440460736997946,0.01536491657663359,0.014929577273628968,0.014084506861914125,0.013700383947498288,0.01280409714719466,0.012317541455601268,0.011421254655297638,0.010243277717755727,0.009628681054690388,0.008962868003036261,0.007861715648377522,0.006991037042368294,0.00640204857359733,0.0055057617732936995,0.0052496798303498125,0.004737515944462027,0.004225352058574234,0.003969270115630346,0.0038412291441583977,0.0033546734525650066,0.003329065258270613,0.003201024286798665,0.002842509566677213,0.002586427623733325,0.0025608194294389317,0.0025608194294389317,0.0019462227663735922,0.0013060179090138592,0.0012804097147194658,0.0012804097147194658,0.0012804097147194658,0.0012804097147194658,0.0012804097147194658,0.0012804097147194658,0.0012804097147194658,0.0012804097147194658,0.0012804097147194658,0.0012804097147194658,0.0012804097147194658,0.0012804097147194658
9346400,0.006458557519283557,0.006458557519283557,0.006458557519283557,0.005597416516712435,0.005382131266069632,0.005382131266069632,0.005382131266069632,0.0045209902634985085,0.0045209902634985085,0.0045209902634985085,0.004305705012855705,0.004305705012855705,0.004305705012855705,0.004305705012855705,0.004305705012855705,0.004305705012855705,0.004305705012855705,0.004305705012855705,0.004305705012855705,0.004305705012855705,0.004305705012855705,0.004305705012855705,0.0032292787596417787,0.0012917115038567299,0.0010764262532139263,0.00021528525064280361,0.0,0.0,0.0,0.0,0.0,0.0,0.0,0.0010764262532139263,0.0021528525064278526,0.002368137757070656,0.0032292787596417787,0.0034445640102845824,0.004305705012855705,0.004305705012855705,0.0045209902634985085,0.006458557519283557,0.007534983772497484,0.00861141002571141,0.009687836278925336,0.009687836278925336,0.010764262532139263,0.011840688785353189,0.013993541291781042,0.016146393798208893,0.01722282005142282,0.019375672557850672,0.0204520988110646,0.022820236568135255,0.026910656330348157,0.03035522034063274,0.031216361343203863,0.03552206635605957,0.03982777136891527,0.041980623875343126,0.04628632888819883,0.047362755141412756,0.04973089289848341,0.052744886407482386,0.058127017673552016,0.062432722686407725,0.06587728669669231,0.06910656545633409,0.0742734114717609,0.07664154922883154,0.08202368049490116,0.09063509052061258,0.09580193653603944,0.10226049405532299,0.10893433682524932,0.11754574685096074,0.12594187162602938,0.13390742589981247,0.14230355067488104,0.14983853444737852,0.16167922323273176,0.16813778075201533,0.17868675803351175,0.18299246304636746,0.1918191583227217,0.19913885684457636,0.20688912586771668,0.2111948308805724,0.22066738190885488,0.2340150674487076,0.24047362496799116,0.2488697497430598,0.2594187270245562,0.26716899604769656,0.27987082583562084,0.2863293833549044,0.29644779013511524,0.31431646593846646,0.324865443219963,0.33907426976238675,0.34682453878552705,0.364908499839521,0.37158234260944745,0.3972012874359388,0.41980623875343126,0.4393971965619248,0.46221743313006003,0.48977394521233647,0.5136706080336857,0.5341227068447503,0.5459633956301034,0.5580193696660993,0.5653390681879541,0.5780408979758784,0.5920344392676594,0.6006458492933708,0.6051668395568693,0.6189450955980076,0.6322927811378602,0.6484391749360692,0.6673842769926343,0.6884822315556274,0.7020452023461228,0.7121636091263336,0.7304628554309703,0.743810540970823,0.7610333610222458,0.773950476060813,0.787944017352594,0.802152843895018,0.8213132312022258,0.8376749102510774,0.8490850285351451,0.8632938550775688,0.8874058031495607,0.9097954692164105,0.9151776004824802,0.9455328208231129,0.9698600541457476,0.9892357267035983,0.9913885792100263,0.9999999892357375,0.9999999892357375,0.9892357267035983,0.9892357267035983,0.9892357267035983,0.9892357267035983,0.9784714641714589,0.9528525193449676,0.9379978370506153,0.9237890105081915,0.9128094627254094,0.8826695276354195,0.8546824450518574,0.8350914872433642,0.799138850386019,0.7707211973011712,0.7375672687021824,0.699892349839695,0.6622174309772075,0.6226049448589349,0.5672766354437392,0.5143164637856141,0.456189446112062,0.4189450977508602,0.3890204479115129,0.3681377785991628,0.3522066700515968,0.3171151741968227,0.2981700721402576,0.27685683232662195,0.2658772845438398,0.2434876184769901,0.22712593942813844,0.2111948308805724,0.1907427320695078,0.18299246304636746,0.17115177426101427,0.15758880347051885,0.1455328294345228,0.13885898666459648,0.13153928814274177,0.11862217310417467,0.11001076307846325,0.10441334656175084,0.09687836278925337,0.09278794302704044,0.0874058117609708,0.08202368049490116,0.07965554273783054,0.07771797548204547,0.0736275557198326,0.070182991709548,0.06889128020569128,0.06781485395247736,0.06673842769926343,0.0656620014460495,0.06458557519283557,0.06372443419026445,0.06350914893962165,0.061786866934479406,0.05920344392676594,0.058127017673552016,0.05705059142033809,0.05597416516712417,0.05382131266069631,0.04951560764784061,0.04650161413884163,0.0452099026349849,0.044133476381770974,0.041980623875343126,0.03982777136891527,0.036598492609273496,0.033369213849631714,0.03229278759641779,0.03143164659384667,0.029278794087418812,0.028202367834204885,0.023681377570706378,0.023681377570706378,0.023681377570706378,0.023681377570706378,0.022820236568135255,0.021743810314921327,0.0204520988110646,0.019375672557850672,0.017438105302065625,0.013993541291781042,0.010764262532139263,0.009687836278925336,0.00861141002571141,0.007534983772497484,0.005382131266069632,0.004305705012855705,0.004305705012855705,0.004305705012855705,0.0034445640102845824,0.0032292787596417787,0.0032292787596417787,0.004305705012855705,0.004305705012855705,0.005382131266069632,0.005597416516712435,0.0066738427699263615,0.007534983772497484,0.007750269023140287,0.00861141002571141,0.00861141002571141,0.009687836278925336,0.009687836278925336,0.009687836278925336,0.008826695276354215,0.008826695276354215,0.008826695276354215,0.008826695276354215,0.008826695276354215,0.00861141002571141,0.008826695276354215,0.009687836278925336,0.010118406780210944,0.013132400289209919,0.015069967544994968,0.016146393798208893,0.01722282005142282,0.01722282005142282,0.018299246304636748,0.019375672557850672,0.019375672557850672,0.0204520988110646,0.0204520988110646,0.019590957808493476,0.019375672557850672,0.019375672557850672,0.019375672557850672,0.019375672557850672,0.0204520988110646,0.0204520988110646,0.0204520988110646,0.02260495131749245,0.024757803823920305,0.024757803823920305,0.024757803823920305,0.024757803823920305,0.02583423007713423,0.02583423007713423,0.026910656330348157,0.027987082583562084,0.027987082583562084,0.027987082583562084,0.029063508836776008,0.030139935089989935,0.030139935089989935,0.030139935089989935,0.029278794087418812,0.029278794087418812,0.029063508836776008,0.029063508836776008,0.029063508836776008,0.029063508836776008,0.029063508836776008,0.029063508836776008,0.029063508836776008,0.029063508836776008,0.029063508836776008,0.029063508836776008,0.027987082583562084,0.027987082583562084,0.027987082583562084,0.027987082583562084,0.027987082583562084,0.027987082583562084,0.026910656330348157,0.02583423007713423,0.02583423007713423,0.024757803823920305,0.024757803823920305,0.022820236568135255,0.02260495131749245,0.02260495131749245,0.021528525064278527,0.020667384061707404,0.0204520988110646,0.0204520988110646,0.0204520988110646,0.018299246304636748,0.01722282005142282,0.01722282005142282,0.016361679048851697,0.015069967544994968,0.015069967544994968,0.012917115038567115,0.011840688785353189,0.011840688785353189,0.011840688785353189,0.011840688785353189,0.010979547782782066,0.010764262532139263,0.010764262532139263,0.010764262532139263,0.00990312152956814,0.009687836278925336,0.009687836278925336,0.009687836278925336,0.00861141002571141,0.007534983772497484,0.005382131266069632,0.004305705012855705,0.004305705012855705,0.0012917115038567299,0.0012917115038567299,0.0012917115038567299,0.0032292787596417787,0.0012917115038567299,0.0010764262532139263,0.0010764262532139263,0.0010764262532139263,0.0010764262532139263,0.0010764262532139263,0.0010764262532139263,0.0012917115038567299,0.002368137757070656,0.0032292787596417787,0.0032292787596417787,0.0032292787596417787,0.0032292787596417787,0.0032292787596417787
9349800,0.0007468688850558921,0.0006319659796626708,0.0006319659796626708,0.0006319659796626708,0.0006319659796626708,0.0006319659796626708,0.0006319659796626708,0.0006319659796626708,0.0006319659796626708,0.0006319659796626708,0.0006319659796626708,0.0006319659796626708,0.0006319659796626708,0.0007468688850558921,0.001235206232977044,0.0014362863174151683,0.0017809950335948015,0.0017809950335948015,0.0017809950335948015,0.0018097207599431094,0.0019246236653363204,0.0019246236653363204,0.0019246236653363204,0.0019246236653363204,0.0019246236653363204,0.0020108008443812234,0.0024129610132574827,0.0026427668240439047,0.0026714925503922124,0.00321728135100997,0.00321728135100997,0.0035045386144930074,0.003533264340841305,0.003648167246234516,0.0036768929725828244,0.003849247330672651,0.004107778867807381,0.004538664763031927,0.004969550658256473,0.005285533648087819,0.005687693816964058,0.005974951080447096,0.006089853985840307,0.006089853985840307,0.006089853985840307,0.006578191333761469,0.007526140303255475,0.008186832009266464,0.009536941147636709,0.011116856096793396,0.012265885150725526,0.01327128557291615,0.013845800099882214,0.016143858207746487,0.017580144525161653,0.019217510927014948,0.02045271715999199,0.02045271715999199,0.023583821331957088,0.02625531388234928,0.027634148747067832,0.028495920537516924,0.0306503500136397,0.033379294016728504,0.03481558033414368,0.03745834715818759,0.040560725603804346,0.043433298238634684,0.04748362565374547,0.04955187795082333,0.054923588777956035,0.05842812739244904,0.06354130668244705,0.06785016563469255,0.07790416985659873,0.08652188776108974,0.10088475093524142,0.1097897261032155,0.11668390042680828,0.1339193362357903,0.14540962677511166,0.15862346089533122,0.16982649417116952,0.18131678471049084,0.19280707524981222,0.2028610794717184,0.21722394264587008,0.2387682374070976,0.2663449347014688,0.29076180209752667,0.3022520926368481,0.31920027118234706,0.3367229642548122,0.3539584000637942,0.3668849769205307,0.38096058283119927,0.40106859127501165,0.41026082370646877,0.4254854586710695,0.4358267201564588,0.45593472860027123,0.4662759900856604,0.49040560021823526,0.5113753804524966,0.549293339232257,0.5794553518979757,0.5935309578086442,0.6055957628749316,0.6323106883788537,0.6423646926007599,0.649833381451319,0.667356074523784,0.6799953941170374,0.6897621410754605,0.7141790084715184,0.7256692990108397,0.7288291289091531,0.7348615314422969,0.7486498800894824,0.7601401706288038,0.779099150018684,0.8049523037321571,0.8221877395411391,0.8290819138647318,0.8434447770388835,0.8480408932546121,0.8569458684225862,0.8741813042315683,0.881075478555161,0.889693196459652,0.8997472006815582,0.9037688023703205,0.9115247484843625,0.9258876116585143,0.933356300509073,0.950017221791089,0.9701252302349014,0.9830518070916381,0.9988509565832047,0.9999999856371369,0.9985636993197217,0.9908077532056798,0.9758703755045619,0.9546133380068177,0.9514535081085043,0.950017221791089,0.9474319064197418,0.9198552091253706,0.9026197733163885,0.8842353084534743,0.8621164991652807,0.8348270591343925,0.7983453866720472,0.7658853158984644,0.7500861664068975,0.7147535229984846,0.6699413898951312,0.6357577755406502,0.5892220988563989,0.5423991649086641,0.5105136086620476,0.4717338780918381,0.42835803130590017,0.37636446661547085,0.352522113746379,0.32121107202672833,0.28587842861831525,0.2608870466952912,0.23761920835316547,0.21923474349025138,0.2031483367352014,0.18620015818970248,0.17585889670431323,0.15919797542229733,0.14454785498466258,0.13564287981668852,0.12846144822961267,0.12300356022343506,0.11668390042680828,0.11237504147456277,0.10548086715096998,0.09944846461782625,0.09226703303075041,0.08795817407850491,0.08508560144367457,0.08077674249142906,0.07646788353918356,0.07244628185042111,0.06928645195210771,0.06629897641188418,0.06374238676688516,0.06107089421649298,0.06043892823683029,0.05989313943621251,0.05911754482480833,0.05785361286548298,0.05745145269660674,0.057250372612168615,0.05722164688582029,0.05653222945346103,0.0563598750953712,0.0563598750953712,0.05578536056840515,0.0554119261258772,0.05495231450430433,0.054923588777956035,0.05469378296716961,0.053516028186889164,0.0519648389640808,0.04975295803526143,0.049322072140036866,0.04917844350829536,0.04802941445436323,0.047253819842959045,0.04673675676868957,0.04639204805250993,0.04630587087346502,0.04639204805250993,0.04630587087346502,0.04630587087346502,0.046822933947734485,0.04762725428548698,0.04774215719088019,0.04774215719088019,0.04690911112677942,0.04639204805250993,0.04630587087346502,0.04567390489380235,0.04532919617762272,0.04377800695481434,0.04199701192121952,0.040560725603804346,0.040560725603804346,0.03912443928638918,0.03783178160071554,0.03717108989470455,0.03639549528330037,0.03613696374616565,0.035160289050323326,0.03481558033414368,0.03484430606049197,0.03481558033414368,0.035160289050323326,0.03625186665155884,0.03625186665155884,0.03613696374616565,0.03613696374616565,0.03527519195571654,0.034987934692233484,0.034987934692233484,0.03510283759762671,0.03484430606049197,0.03481558033414368,0.03352292264847004,0.033379294016728504,0.033379294016728504,0.033379294016728504,0.033379294016728504,0.033379294016728504,0.033379294016728504,0.03409743717543609,0.03484430606049197,0.036108238019817336,0.03625186665155884,0.03656784964139018,0.037688152968974015,0.03788923305341214,0.0382913932222884,0.03912443928638918,0.039268067918130686,0.03955532518161375,0.040560725603804346,0.040560725603804346,0.040560725603804346,0.040560725603804346,0.040560725603804346,0.040560725603804346,0.040560725603804346,0.040560725603804346,0.040560725603804346,0.040560725603804346,0.040560725603804346,0.040560725603804346,0.040560725603804346,0.041594851752343266,0.04130759448886023,0.04070435423554588,0.04070435423554588,0.04070435423554588,0.04070435423554588,0.041594851752343266,0.040560725603804346,0.040560725603804346,0.04041709697206284,0.040014936803186574,0.03912443928638918,0.03912443928638918,0.03883718202290614,0.03872227911751293,0.037688152968974015,0.037688152968974015,0.037688152968974015,0.037688152968974015,0.036768929725828306,0.03625186665155884,0.035993335114424124,0.03481558033414368,0.03481558033414368,0.03481558033414368,0.03481558033414368,0.03355164837481831,0.03194300769931334,0.031224864540605753,0.03050672138189817,0.03010456121302192,0.029070435064483,0.027634148747067832,0.026485119693135703,0.025910605166169626,0.02536481636555189,0.02421578731161972,0.02332528979482233,0.022233712193586812,0.021027231686958067,0.02045271715999199,0.019590945369542898,0.018757899305442093,0.017321612988026924,0.01531081214364569,0.013845800099882214,0.01327128557291615,0.012725496772298391,0.01183499925550098,0.011260484728534914,0.01042743866443412,0.00991037559016465,0.008445363546401184,0.007526140303255475,0.006980351502637718,0.006089853985840307,0.004797196300166657,0.004653567668425138,0.004079053141459073,0.0032460070773582777,0.0025278639186506937,0.0020969780234261367,0.0020682522970778393,0.0020682522970778393,0.0019533493916846284,0.0018097207599431094,0.0017809950335948015,0.0017809950335948015,0.0015224634964600716,0.0009479489694940062,0.001120303327583833,0.0010915776012355252,0.0009479489694940062,0.0009479489694940062,0.0009479489694940062,0.0009479489694940062,0.0007755946114041795,0.0006319659796626708,0.0004021601688762488,0.0,0.0,0.0
9352900,0.0022675736104469453,0.0022675736104469453,0.001965230462387358,0.0018896446753724613,0.0018896446753724613,0.0009826152311936992,0.0009826152311936992,0.0007558578701489818,0.0009826152311936992,0.0009826152311936992,0.0007558578701489818,0.0007558578701489818,0.0007558578701489818,0.0007558578701489818,0.0007558578701489818,0.0007558578701489818,0.0007558578701489818,0.0007558578701489818,0.0007558578701489818,0.0007558578701489818,0.0007558578701489818,0.0007558578701489818,0.0007558578701489818,0.0007558578701489818,0.0007558578701489818,7.558578701490355e-05,7.558578701490355e-05,0.0,0.0,0.0,0.0,0.0,0.0,0.0,7.558578701490355e-05,0.0003779289350744909,0.0003779289350744909,7.558578701490355e-05,7.558578701490355e-05,0.0,0.0,0.0,0.0,0.0,0.0,0.0,0.0003779289350744909,0.0007558578701489818,0.0007558578701489818,0.0007558578701489818,0.0007558578701489818,0.0007558578701489818,0.0011337868052234794,0.0015117157402979636,0.0027210883325363535,0.0034013604156704247,0.0045351472208939045,0.0045351472208939045,0.0052910050910428864,0.006424791896266366,0.008314436571638826,0.008314436571638826,0.008314436571638826,0.008314436571638826,0.008314436571638826,0.010582010182085785,0.012093725922383749,0.012093725922383749,0.01481481425492009,0.015873015273128673,0.015873015273128673,0.018140588883575632,0.019652304623873594,0.02116402036417156,0.02343159397461852,0.02343159397461852,0.02494330971491648,0.02721088332536344,0.027664398047452833,0.029856385870884884,0.030990172676108364,0.03416477573073411,0.03854875137759821,0.0442932711907305,0.04610733007908805,0.04799697475446051,0.050718063086996855,0.0536659087805779,0.05744519813132282,0.06122448748206774,0.06500377683281267,0.07256235553430251,0.08012093423579235,0.08390022358653727,0.09032501548280365,0.09523809163877205,0.1027966703402619,0.10823884700533459,0.11413453839249665,0.12169311709398652,0.12925169579547635,0.1368102744969662,0.14436885319845605,0.15570672125069082,0.17082387865367052,0.18851095281515678,0.2027210807739577,0.2199546402133545,0.235222969190364,0.2577475337208037,0.27195766167960467,0.2820105713525861,0.2971277287555658,0.30612243741033873,0.3182161633327225,0.33333332073570215,0.345427046658086,0.36356763554166155,0.37868479294464125,0.39380195034762094,0.40891910775060064,0.4247921230237294,0.43915342255656004,0.4618291586610295,0.4693877373625194,0.4928193313371379,0.5071806308699686,0.5260770776236932,0.5449735243774178,0.5721844077027813,0.5903249965863568,0.6130007326908264,0.6356764687952959,0.6507936261982756,0.6659107836012553,0.6885865197057248,0.7112622558101944,0.7528344386683885,0.7717308854221131,0.7868480428250928,0.7989417687474766,0.8246409363325421,0.8435373830862667,0.8631896877101403,0.9077853020489304,0.9229024594519101,0.9417989062056347,0.9569160636086144,0.9690097895309983,0.9909296677653187,0.9999999622071066,0.9909296677653187,0.984126946933978,0.9833710890638288,0.9833710890638288,0.9682539316608492,0.9501133427772737,0.9380196168548898,0.9160997386205694,0.8934240025160995,0.874527555762375,0.8473166724370116,0.828420225683287,0.8170823576310522,0.8027210580982215,0.7876039006952418,0.7573695858892824,0.7377172812654088,0.6961450984072147,0.678004509523639,0.6402116160161898,0.6092214433400814,0.5797429864042711,0.5563113924296526,0.5336356563251831,0.5109599202207135,0.4958427628177338,0.484504894765499,0.47014359523266847,0.4512471484789438,0.42781555450432524,0.4021163869192598,0.38699922951628013,0.37490550359389635,0.35298562535957584,0.34467118878793696,0.3371126100864471,0.32275131055361644,0.3161753470833202,0.31065758463123266,0.3033257632907875,0.28972032162810574,0.28624337542542044,0.27482992158617076,0.2728646911237834,0.26840512968990443,0.26175358043259334,0.2577475337208037,0.2543461733051333,0.25079364131543314,0.24648525145558384,0.24315947682692837,0.2388510869670791,0.2388510869670791,0.2309145793305148,0.22282690011992065,0.216628865584699,0.21330309095604347,0.2120937183638051,0.20884352952216445,0.2048374828103748,0.20105819345962989,0.19727890410888496,0.1925169995269464,0.18858653860217164,0.1859410360566502,0.1818594035578457,0.17838245735516037,0.17384731013426644,0.16734693245098517,0.1670445893029256,0.1670445893029256,0.16364322888725513,0.16077096898068902,0.15963718217546558,0.15570672125069082,0.1519274318999459,0.14814814254920097,0.14444443898547094,0.14436885319845605,0.14074073542174095,0.14028722069965155,0.139909291764577,0.1368858602839811,0.1368102744969662,0.1368102744969662,0.13522297296965333,0.13348449986831068,0.13303098514622128,0.13212395570204252,0.13159485519293823,0.13061223996174454,0.13000755366562536,0.12932728158249124,0.12804232320323802,0.1255479922317463,0.1225245607511504,0.12169311709398652,0.12139077394592693,0.12169311709398652,0.12169311709398652,0.12139077394592693,0.12025698714070344,0.11798941353025649,0.11609976885488403,0.11526832519772012,0.11421012417951157,0.11413453839249665,0.11209372214309443,0.11058200640279645,0.11035524904175173,0.11035524904175173,0.11035524904175173,0.1114890358469752,0.11156462163399011,0.1114890358469752,0.11058200640279645,0.1114890358469752,0.1114890358469752,0.11156462163399011,0.11058200640279645,0.10929704802354315,0.10657595969100682,0.10627361654294723,0.1027966703402619,0.1020408124701129,0.09909296677653187,0.09901738098951697,0.09901738098951697,0.09871503784145738,0.09531367742578696,0.09312168960235491,0.09145880228802712,0.09145880228802712,0.0876795129372822,0.0876795129372822,0.0876795129372822,0.08450490988265645,0.08390022358653727,0.08170823576310525,0.08012093423579235,0.08012093423579235,0.07634164488504744,0.07543461544086867,0.07256235553430251,0.06878306618355759,0.06878306618355759,0.06689342150818513,0.06500377683281267,0.06500377683281267,0.06500377683281267,0.062131516926246556,0.06122448748206774,0.06122448748206774,0.06122448748206774,0.05948601438072509,0.05744519813132282,0.05744519813132282,0.054043837715652396,0.052985636697443814,0.049886619429832975,0.04882841841162439,0.047694631606400924,0.04610733007908805,0.04293272702446233,0.04232804072834313,0.04164776864520905,0.039682538182821685,0.03854875137759821,0.03854875137759821,0.036432349341181065,0.034467118878793696,0.03212395948133184,0.030990172676108364,0.030990172676108364,0.030990172676108364,0.029554042722825295,0.027664398047452833,0.026152682307154857,0.025396824437005888,0.02343159397461852,0.02343159397461852,0.02229780716939504,0.020408162494022577,0.01889644675372461,0.017762659948501132,0.016628873143277653,0.015873015273128673,0.015873015273128673,0.015873015273128673,0.015873015273128673,0.015873015273128673,0.015495086338054175,0.013378684301637037,0.01216931170939866,0.012093725922383749,0.011791382774324162,0.010733181756115593,0.009145880228802706,0.009070294441787809,0.008390022358653737,0.008314436571638826,0.008314436571638826,0.007558578701489845,0.007180649766415348,0.0052910050910428864,0.0045351472208939045,0.0045351472208939045,0.0045351472208939045,0.0038548751377598194,0.003099017267610851,0.0022675736104469453,0.0022675736104469453,0.0022675736104469453,0.0022675736104469453,0.0022675736104469453
9354500,0.0022471907587426434,0.0004494381517485925,0.0004494381517485925,0.0004494381517485925,0.0004494381517485925,0.0004494381517485925,0.0004494381517485925,0.0004494381517485925,0.0004494381517485925,0.0022471907587426434,0.0026966289104912358,0.0026966289104912358,0.0026966289104912358,0.0026966289104912358,0.0026966289104912358,0.004494381517485207,0.004943819669233799,0.004943819669233799,0.007191010427976363,0.007191010427976363,0.007191010427976363,0.009438201186719005,0.011235953793713057,0.011235953793713057,0.011235953793713057,0.011235953793713057,0.011235953793713057,0.011235953793713057,0.011235953793713057,0.011235953793713057,0.011235953793713057,0.01640449253882115,0.03280898507764214,0.035730333064007594,0.04494381517485223,0.04494381517485223,0.05617976896856528,0.05617976896856528,0.06741572276227834,0.06741572276227834,0.06741572276227834,0.06741572276227834,0.06786516091402693,0.07146066612801519,0.0786516765559914,0.08247190084585387,0.08988763034970446,0.09123594480495015,0.1011235841434175,0.11235953793713056,0.12359549173084362,0.1269662778689575,0.13483144552455667,0.1573033531119828,0.16853930690569585,0.1797752606994089,0.18629211389976252,0.19101121449312197,0.202247168286835,0.21348312208054807,0.21348312208054807,0.21348312208054807,0.2251685140260097,0.2359550296679742,0.2382022204267169,0.24741570253756154,0.2665168239868737,0.2808988448428264,0.281348282994575,0.2903370460295454,0.30359547150612676,0.31595502067921105,0.31775277328620527,0.31775277328620527,0.32157299757606755,0.32494378371418176,0.32382018833481035,0.32269659295543895,0.32382018833481035,0.32494378371418176,0.32584266001767864,0.32584266001767864,0.32584266001767864,0.3307864796869125,0.3370786138113917,0.3370786138113917,0.3370786138113917,0.3370786138113917,0.3489887248327277,0.3644943410680517,0.3707864751925309,0.3752808567100165,0.43056174937508457,0.44584264653453415,0.44943815174852225,0.44584264653453415,0.4422471413205459,0.39325838277995695,0.38426961974498675,0.3707864751925309,0.3707864751925309,0.36898872258553683,0.3707864751925309,0.3707864751925309,0.3707864751925309,0.3707864751925309,0.36898872258553683,0.34831456760510476,0.3361797375078948,0.31550558252746275,0.2961797420022763,0.2822471592980722,0.271910081807856,0.2701123292008619,0.26988761012498763,0.26988761012498763,0.271011205504359,0.271910081807856,0.2802246876152037,0.2734831153389759,0.2734831153389759,0.28764041711905436,0.2928089558641623,0.3033707524302525,0.3067415385683664,0.3146067062239656,0.3375280519631403,0.36898872258553683,0.38202242898624394,0.4103370325464008,0.4341572545890725,0.46674152059084045,0.48898870910239217,0.49550556230274573,0.5168538745108006,0.5276403901527652,0.5617976896856528,0.5631460041408984,0.5842695972730789,0.5966291464461633,0.615280829743727,0.6373032991794045,0.6644943073601902,0.6853931814164964,0.7325841873500915,0.7640448579724879,0.7752808117662009,0.797752719353627,0.797752719353627,0.7999999101123698,0.8224718176997959,0.8539324883221923,0.8539324883221923,0.8674156328746482,0.8764043959096184,0.8764043959096184,0.8786515866683612,0.8876403497033315,0.8876403497033315,0.8786515866683612,0.8764043959096184,0.8764043959096184,0.8674156328746482,0.8651684421159054,0.8539324883221923,0.8539324883221923,0.8539324883221923,0.8539324883221923,0.8539324883221923,0.8539324883221923,0.8561796790809351,0.8651684421159054,0.8561796790809351,0.8561796790809351,0.8674156328746482,0.8674156328746482,0.8561796790809351,0.8561796790809351,0.8561796790809351,0.8651684421159054,0.8539324883221923,0.8539324883221923,0.8561796790809351,0.8561796790809351,0.8561796790809351,0.8651684421159054,0.8764043959096184,0.8764043959096184,0.8764043959096184,0.8786515866683612,0.8876403497033315,0.8876403497033315,0.8988763034970445,0.9011234942557873,0.9101122572907576,0.9101122572907576,0.9101122572907576,0.9213482110844706,0.9213482110844706,0.9235954018432134,0.9325841648781837,0.9325841648781837,0.9325841648781837,0.9438201186718967,0.9438201186718967,0.9438201186718967,0.9438201186718967,0.9438201186718967,0.9438201186718967,0.9550560724656098,0.9550560724656098,0.9550560724656098,0.9550560724656098,0.9573032632243526,0.9662920262593229,0.9662920262593229,0.9662920262593229,0.9775279800530359,0.9775279800530359,0.988763933846749,0.9910111246054918,0.999999887640462,0.999999887640462,0.999999887640462,0.999999887640462,0.999999887640462,0.999999887640462,0.9910111246054918,0.988763933846749,0.988763933846749,0.9775279800530359,0.9775279800530359,0.9775279800530359,0.9662920262593229,0.9662920262593229,0.9662920262593229,0.9685392170180657,0.9685392170180657,0.9685392170180657,0.9775279800530359,0.9775279800530359,0.9775279800530359,0.9775279800530359,0.9775279800530359,0.9775279800530359,0.9775279800530359,0.9775279800530359,0.9775279800530359,0.9775279800530359,0.9797751708117787,0.9775279800530359,0.9775279800530359,0.9662920262593229,0.9438201186718967,0.9325841648781837,0.9213482110844706,0.9101122572907576,0.8988763034970445,0.8898875404620743,0.8764043959096184,0.8651684421159054,0.8539324883221923,0.8539324883221923,0.8426965345284793,0.8314605807347661,0.8202246269410531,0.797752719353627,0.7865167655599139,0.7640448579724879,0.7528089041787748,0.7325841873500915,0.7078650890039225,0.675505542078029,0.6489886911248662,0.6002246516601515,0.5510111740436884,0.49685387675799136,0.4523594997348877,0.43078646845095864,0.39325838277995695,0.359775240474692,0.3276404126246727,0.30067412351976147,0.2707864864284847,0.25056176959980114,0.22808986201237516,0.22157300881202147,0.20449435904557767,0.19235952894836758,0.18449436129276842,0.17752806994066625,0.16853930690569585,0.16089885832597098,0.1573033531119828,0.14629211839414402,0.13820223166267057,0.13393256922105964,0.12359549173084362,0.11707863853049007,0.11235953793713056,0.11235953793713056,0.10561796566090272,0.1011235841434175,0.09348313556369263,0.09011234942557875,0.08988763034970446,0.08988763034970446,0.0833707771493509,0.07999999101123702,0.0786516765559914,0.0786516765559914,0.07528089041787751,0.06898875629339818,0.06741572276227834,0.06741572276227834,0.06426965570003867,0.06404493662416445,0.06404493662416445,0.06404493662416445,0.06292134124479314,0.05977527418255346,0.05617976896856528,0.05617976896856528,0.05617976896856528,0.04629212963009784,0.04494381517485223,0.04494381517485223,0.04494381517485223,0.04494381517485223,0.04494381517485223,0.04494381517485223,0.04494381517485223,0.04494381517485223,0.04494381517485223,0.04494381517485223,0.04494381517485223,0.04494381517485223,0.04112359088498975,0.03483145676051057,0.03370786138113917,0.03370786138113917,0.03370786138113917,0.031011232470648093,0.028539322636031234,0.028539322636031234,0.02314606481504892,0.014382020855952806,0.011235953793713057,0.011235953793713057,0.011235953793713057,0.011235953793713057,0.011235953793713057,0.011235953793713057,0.011235953793713057,0.002471909834617019,0.00022471907587429625,0.0,0.0,0.0,0.0,0.0,0.0,0.0,0.0,0.0,0.0
9355500,0.004048582832041181,0.004048582832041181,0.0008097165664081901,0.0,0.0,0.0,0.0,0.0,0.0,0.0,0.0,0.0,0.0,0.0,0.0,0.0,0.0,0.0,0.0,0.0,0.0,0.0,0.0,0.0,0.0,0.0,0.0,0.0,0.0,0.0,0.0,0.0,0.0,0.0,0.0008097165664081901,0.004048582832041181,0.004858299398449601,0.008906882230490782,0.012955465062531963,0.016194331328164724,0.017004047894572914,0.017004047894572914,0.016194331328164724,0.012955465062531963,0.008097165664082362,0.008097165664082362,0.004858299398449601,0.008097165664082362,0.008097165664082362,0.008906882230490782,0.012955465062531963,0.016194331328164724,0.020242914160205905,0.024291496992247086,0.024291496992247086,0.025101213558655504,0.025101213558655504,0.025101213558655504,0.03238866265632945,0.03238866265632945,0.033198379222737634,0.03643724548837063,0.03724696205477905,0.04048582832041181,0.04048582832041181,0.04129554488682023,0.04453441115245299,0.04534412771886141,0.04858299398449417,0.0647773253126589,0.0736842075431499,0.08906882230490598,0.08906882230490598,0.09311740513694716,0.10202428736743817,0.11740890212919425,0.11821861869560289,0.1255060677932766,0.1255060677932766,0.1255060677932766,0.1255060677932766,0.13036436719172598,0.13360323345735897,0.1384615328558088,0.1465586985198907,0.16275302984805542,0.1829959440082618,0.1902833931059355,0.20323885816846768,0.2129554569653662,0.2720647663131678,0.28744938107492385,0.29392711360618984,0.31417002776639574,0.3433198241570924,0.374089053680605,0.41214573230179247,0.4275303470635488,0.4412955286924887,0.44615382809093856,0.45020241092297975,0.4542509937550204,0.46153844285269463,0.46639674225114447,0.4736841913488182,0.47449390791522683,0.47773277418085935,0.47449390791522683,0.4736841913488182,0.47044532508318515,0.47044532508318515,0.47044532508318515,0.47044532508318515,0.469635608516777,0.4655870256847358,0.4623481594191033,0.45748986002065345,0.44372467839171353,0.4129554488682009,0.3846153690439122,0.3530364229539916,0.3376518081922344,0.3376518081922344,0.34493925728990904,0.3497975566883584,0.3562752892196239,0.3562752892196239,0.3562752892196239,0.3570850057860321,0.3668016045829313,0.3878542353095454,0.4016194169384856,0.40566799977052626,0.4129554488682009,0.4348177961612234,0.4591092931534698,0.46639674225114447,0.47044532508318515,0.47773277418085935,0.4825910735793092,0.49068823924339156,0.5028339877395146,0.5109311534035974,0.5303643509973947,0.5360323669622522,0.5514169817240088,0.5627530136537241,0.5870445106459712,0.5999999757085029,0.6113360076382183,0.6234817561343419,0.6315789217984242,0.6396760874625066,0.6437246702945477,0.6437246702945477,0.6437246702945477,0.6437246702945477,0.647773253126589,0.647773253126589,0.6485829696929971,0.6518218359586301,0.6518218359586301,0.6558704187906713,0.6680161672867948,0.672064750118836,0.677732766083694,0.6882590814470008,0.6882590814470008,0.6882590814470008,0.6882590814470008,0.6882590814470008,0.6882590814470008,0.6882590814470008,0.6882590814470008,0.6882590814470008,0.6882590814470008,0.6882590814470008,0.6882590814470008,0.6882590814470008,0.6931173808454504,0.7012145465095327,0.7133602950056562,0.716599161271289,0.7174088778376975,0.7214574606697386,0.7255060435017798,0.7287449097674126,0.7368420754314949,0.7530364067596597,0.7530364067596597,0.761133572423742,0.7692307380878244,0.7692307380878244,0.7732793209198655,0.7732793209198655,0.774089037486274,0.7781376203183151,0.7821862031503564,0.7894736522480302,0.7943319516464799,0.8016194007441538,0.8064777001426034,0.8145748658066858,0.8218623149043597,0.8218623149043597,0.8380566462325244,0.8380566462325244,0.843724662197382,0.8591092769591387,0.86315785979118,0.8825910573849775,0.8882590733498354,0.9149797200413069,0.9246963188382056,0.9554655483617187,0.9595141311937598,0.9757084625219246,0.9797570453539658,0.9838056281860069,0.9838056281860069,0.9878542110180482,0.9878542110180482,0.9878542110180482,0.9878542110180482,0.9878542110180482,0.9878542110180482,0.9878542110180482,0.9878542110180482,0.9878542110180482,0.9919027938500893,0.9919027938500893,0.9927125104164978,0.9959513766821305,0.9959513766821305,0.9959513766821305,0.9959513766821305,0.9999999595141716,0.9999999595141716,0.9999999595141716,0.9999999595141716,0.9999999595141716,0.9999999595141716,0.9999999595141716,0.9999999595141716,0.9959513766821305,0.9886639275844565,0.976518179088333,0.9716598796898834,0.9603238477601683,0.9562752649281271,0.9514169655296775,0.9473683826976363,0.9433197998655951,0.939271217033554,0.9352226342015127,0.9352226342015127,0.9311740513694716,0.9271254685374304,0.9230768857053893,0.9149797200413069,0.9076922709436329,0.8947368058811009,0.8761133248537114,0.8582995603927304,0.8315789137012589,0.8016194007441538,0.7854250694159891,0.7773279037519067,0.7692307380878244,0.7368420754314949,0.7206477441033302,0.6923076642790419,0.6599190016227124,0.647773253126589,0.6356275046304654,0.627530338966383,0.6153845904702595,0.6072874248061771,0.5951416763100535,0.5829959278139301,0.5829959278139301,0.5789473449818888,0.5748987621498477,0.5748987621498477,0.5708501793178065,0.5708501793178065,0.5668015964857653,0.558704430821683,0.5506072651576006,0.5465586823255594,0.5425100994935182,0.538461516661477,0.5303643509973947,0.5101214368371888,0.47773277418085935,0.4655870256847358,0.41700403170024164,0.37246962054778865,0.336032375059418,0.3036437124030886,0.2923076804733732,0.25991901781704374,0.2550607184185944,0.24696355275451204,0.2396761036568383,0.2348178042583885,0.23076922142634732,0.22024290606304062,0.0939271217033558,0.0850202394728648,0.0736842075431499,0.0647773253126589,0.060728742480617715,0.056680159648576534,0.04534412771886141,0.028340079824288267,0.020242914160205905,0.012955465062531963,0.012145748496123543,0.012145748496123543,0.012145748496123543,0.012145748496123543,0.008906882230490782,0.008097165664082362,0.008097165664082362,0.004048582832041181,0.004048582832041181,0.004048582832041181,0.004048582832041181,0.004048582832041181,0.004048582832041181,0.004048582832041181,0.004048582832041181,0.004048582832041181,0.004048582832041181,0.004048582832041181,0.004048582832041181,0.004048582832041181,0.004048582832041181,0.004048582832041181,0.004858299398449601,0.004858299398449601,0.008097165664082362,0.004858299398449601,0.004858299398449601,0.008097165664082362,0.008097165664082362,0.012145748496123543,0.012145748496123543,0.012145748496123543,0.012145748496123543,0.012145748496123543,0.012145748496123543,0.012145748496123543,0.012145748496123543,0.012145748496123543,0.012145748496123543,0.012955465062531963,0.016194331328164724,0.016194331328164724,0.012145748496123543,0.012145748496123543,0.012145748496123543,0.008906882230490782,0.008906882230490782,0.008906882230490782
9365000,0.003641456557132689,0.002240896342850898,0.0021008403214226867,0.0014005602142817912,0.0014005602142817912,0.0007002801071408956,0.00014005602142813135,0.0,0.00014005602142813135,0.00014005602142813135,0.00014005602142813135,0.0007002801071408956,0.0007002801071408956,0.0007002801071408956,0.0014005602142817912,0.0014005602142817912,0.0021008403214226867,0.0029411764499917936,0.004341736664273585,0.00504201677141448,0.00504201677141448,0.005602240857127165,0.005602240857127165,0.00630252096426806,0.0071428570928371675,0.005742296878555296,0.005602240857127165,0.00630252096426806,0.0071428570928371675,0.00980392149997254,0.011904761821395226,0.012044817842823437,0.014845938271387018,0.0161064424642406,0.01890756289280418,0.020448179128514182,0.021848739342795975,0.024229691707075004,0.028011204285635825,0.031652660842768514,0.03235294094990941,0.03235294094990941,0.03235294094990941,0.0330532210570503,0.034313725249903886,0.03515406137847299,0.033753501164191124,0.0330532210570503,0.0330532210570503,0.033753501164191124,0.0330532210570503,0.034313725249903886,0.03515406137847299,0.03585434148561389,0.03641456557132657,0.03865546191417747,0.040196078149887474,0.041596638364169186,0.041316526321312844,0.04271708653559463,0.043557422664163736,0.042857142557022845,0.042857142557022845,0.043557422664163736,0.042857142557022845,0.04271708653559463,0.041596638364169186,0.041596638364169186,0.04075630223560016,0.0387955179356056,0.0387955179356056,0.037254901699895676,0.03641456557132657,0.0330532210570503,0.031652660842768514,0.0315126048213403,0.03025210062848672,0.029551820521345827,0.029411764499917618,0.028151260307063955,0.028151260307063955,0.02745098019992314,0.027310924178494927,0.027310924178494927,0.02745098019992314,0.027310924178494927,0.026610644071354033,0.025350139878500454,0.025350139878500454,0.025350139878500454,0.02591036396421314,0.026610644071354033,0.02745098019992314,0.028151260307063955,0.02871148439277672,0.028851540414204933,0.029411764499917618,0.031652660842768514,0.03249299697133762,0.036554621592754785,0.03991596610703105,0.04145658234274105,0.05182072792842628,0.05826330491412255,0.06540616200695971,0.07563025157121672,0.08123249242834389,0.08501400500690479,0.09341736629259553,0.10322128779256799,0.11484593757110688,0.12689075541393033,0.13809523712818464,0.15854341625669882,0.16918767388524047,0.18641456452090643,0.19971988655658354,0.21246498450654772,0.2270308107350784,0.2488795500778743,0.2717086815706675,0.2927170847848944,0.31372548799912126,0.32773109014193913,0.350140053570448,0.36974789657039286,0.40476190192743766,0.43277310621307347,0.4411764674987644,0.4607843104987093,0.47478991264152726,0.4901960749986271,0.5238095201413899,0.5392156824984896,0.5602240857127166,0.5882352899983525,0.6162464942839883,0.658263300712442,0.6988795469266138,0.7072829082123046,0.7282913114265316,0.7549019554978855,0.7717086780692672,0.8263305264262568,0.8529411704976109,0.8753501339261195,0.9117646994974461,0.9453781446402091,0.9789915897829721,0.999999992997199,0.999999992997199,0.9789915897829721,0.9719887887115631,0.9453781446402091,0.9369747833545183,0.9173669403545732,0.8683473328547106,0.8403361285690747,0.7591036361407312,0.7352941124979404,0.7058823479980227,0.663865541569569,0.6092436932125793,0.5658263265698437,0.5308123212127989,0.4901960749986271,0.4537815094273004,0.42577030514166453,0.39075629978461973,0.3571428546418569,0.3347338912133481,0.31372548799912126,0.2997198858563033,0.28011204285635843,0.26470588049925853,0.2577030794278496,0.24733893384216438,0.2403361327707554,0.2285714269707883,0.221288513856523,0.21372548869940136,0.20392156719942883,0.19481792580659718,0.18291316398520197,0.16890756184238406,0.16526610528525137,0.1596638644281242,0.1471988785210163,0.14495798217816538,0.14019607744960724,0.13795518110675645,0.13599439680676195,0.13095238003534748,0.1275910355210712,0.1200280103639495,0.11414565746396599,0.10784313649969793,0.10364145585685255,0.09845938306401002,0.09117646994974464,0.08753501339261195,0.08403361285690747,0.07885154006406486,0.07703081178549852,0.07156862694979957,0.06932773060694866,0.06736694630695411,0.06386554577124971,0.06232492953553971,0.05826330491412255,0.05406162427127718,0.053221288142708066,0.05056022373557262,0.048319327392721795,0.046918767178440006,0.04551820696415822,0.04411764674987642,0.04551820696415822,0.04411764674987642,0.04271708653559463,0.04215686244988195,0.04075630223560016,0.03991596610703105,0.03991596610703105,0.03865546191417747,0.037955181807036574,0.03711484567846747,0.036554621592754785,0.035714285464185674,0.03501400535704478,0.0330532210570503,0.0322128849284812,0.0315126048213403,0.0315126048213403,0.03095238073562762,0.0315126048213403,0.0315126048213403,0.0315126048213403,0.03095238073562762,0.030812324714199407,0.029551820521345827,0.03095238073562762,0.0315126048213403,0.0315126048213403,0.0315126048213403,0.0315126048213403,0.0315126048213403,0.0315126048213403,0.031652660842768514,0.0330532210570503,0.034313725249903886,0.0344537812713321,0.0344537812713321,0.032633052992765754,0.034313725249903886,0.03473389331418852,0.03711484567846747,0.037254901699895676,0.03851540589274926,0.041316526321312844,0.04565826298558642,0.04873949545700643,0.05336134416413628,0.054621848356989855,0.054621848356989855,0.05476190437841807,0.05602240857127165,0.05630252061412799,0.05812324889269434,0.05812324889269434,0.05826330491412255,0.058823528999835235,0.05896358502126344,0.059523809106976126,0.060224089214117024,0.06092436932125792,0.06232492953553971,0.0630252096426806,0.0630252096426806,0.0630252096426806,0.0630252096426806,0.06232492953553971,0.06232492953553971,0.06232492953553971,0.0630252096426806,0.06316526566410882,0.0637254897498215,0.06540616200695971,0.06652661017838508,0.06736694630695411,0.06736694630695411,0.06806722641409509,0.06792717039266688,0.06792717039266688,0.06792717039266688,0.06792717039266688,0.06792717039266688,0.06792717039266688,0.06792717039266688,0.06652661017838508,0.06512604996410329,0.0637254897498215,0.06386554577124971,0.06386554577124971,0.06386554577124971,0.061904761471255156,0.06106442534268613,0.06106442534268613,0.060224089214117024,0.060224089214117024,0.060224089214117024,0.060224089214117024,0.06036414523554524,0.060224089214117024,0.05826330491412255,0.05756302480698165,0.056862744699840755,0.05616246459269978,0.05476190437841807,0.054621848356989855,0.05336134416413628,0.05042016771414448,0.04621848707129911,0.04215686244988195,0.040616246214171946,0.040616246214171946,0.040616246214171946,0.04005602212845926,0.03865546191417747,0.03711484567846747,0.035714285464185674,0.03515406137847299,0.03515406137847299,0.03501400535704478,0.03585434148561389,0.036554621592754785,0.03641456557132657,0.03585434148561389,0.034313725249903886,0.034313725249903886,0.0330532210570503,0.031652660842768514,0.0315126048213403,0.029411764499917618,0.02745098019992314,0.027310924178494927,0.026610644071354033,0.026050419985641348,0.02464985977135956,0.022549019449936793,0.021008403214226867,0.019747899021373288,0.01960784299994508,0.019047618914232393,0.01890756289280418,0.01890756289280418,0.019047618914232393,0.01890756289280418,0.018347338807091496,0.018207282785663286,0.018347338807091496,0.018347338807091496,0.01750700267852239,0.015546218378527914,0.014705882249958809,0.012745097949964332
9365500,0.001636660943263342,0.001636660943263342,0.001636660943263342,0.001636660943263342,0.001309328754610694,0.0006546643773053543,0.0,0.0,0.00032733218865269167,0.001636660943263342,0.001636660943263342,0.001636660943263342,0.001636660943263342,0.001636660943263342,0.001636660943263342,0.001636660943263342,0.001636660943263342,0.001636660943263342,0.001636660943263342,0.001636660943263342,0.001636660943263342,0.001636660943263342,0.001636660943263342,0.001636660943263342,0.001636660943263342,0.001636660943263342,0.001636660943263342,0.001636660943263342,0.001636660943263342,0.001636660943263342,0.001636660943263342,0.001636660943263342,0.001636660943263342,0.001636660943263342,0.001636660943263342,0.001636660943263342,0.001636660943263342,0.001636660943263342,0.001636660943263342,0.001636660943263342,0.001636660943263342,0.001636660943263342,0.001636660943263342,0.001636660943263342,0.001636660943263342,0.004909982829790041,0.004909982829790041,0.004909982829790041,0.004909982829790041,0.004909982829790041,0.004909982829790041,0.006546643773053383,0.00818330471631674,0.00818330471631674,0.009819965659580081,0.009819965659580081,0.009819965659580081,0.009819965659580081,0.009819965659580081,0.011129294414190777,0.01309328754610678,0.014729948489370122,0.014729948489370122,0.01636660943263348,0.01636660943263348,0.018003270375896822,0.018003270375896822,0.018003270375896822,0.020949260073770872,0.02291325320568686,0.02454991414895022,0.02618657509221356,0.027823236035476904,0.029459896978740262,0.03273321886526696,0.034369879808530304,0.037643201695057,0.03927986263832034,0.04517184203406843,0.05073648924116378,0.057283133014217176,0.06906709180571327,0.07921438965394603,0.08346970810643074,0.0965629956525377,0.09983631753906422,0.11620292697169769,0.11620292697169769,0.13256953640433117,0.13256953640433117,0.16530275526959815,0.1816693647022316,0.1980359741348651,0.21440258356749858,0.22749587111360556,0.23076919300013204,0.24713580243276553,0.263502411865399,0.263502411865399,0.27986902129803254,0.296235630730666,0.31260224016329946,0.328968849595933,0.34533545902856644,0.3780686778938334,0.41080189675910034,0.42716850619173385,0.4435351156243673,0.4762683344896343,0.5090015533549013,0.5253681627875347,0.5417347722201682,0.5744679910854351,0.6072012099507021,0.6235678193833356,0.6399344288159691,0.6563010382486025,0.6890342571138696,0.705400866546503,0.7217674759791365,0.73813408541177,0.7545006948444034,0.7708673042770369,0.7872339137096704,0.7872339137096704,0.8036005231423039,0.8199671325749374,0.8363337420075708,0.8527003514402043,0.8527003514402043,0.8690669608728377,0.9018001797381048,0.9018001797381048,0.9181667891707382,0.9345333986033717,0.9672666174686386,0.9672666174686386,0.9836332269012722,0.9999998363339057,0.9999998363339057,0.9999998363339057,0.9836332269012722,0.9836332269012722,0.9672666174686386,0.9509000080360052,0.9345333986033717,0.9181667891707382,0.8854335703054713,0.8527003514402043,0.8199671325749374,0.7872339137096704,0.7545006948444034,0.705400866546503,0.6563010382486025,0.6235678193833356,0.5908346005180687,0.5744679910854351,0.5581013816528017,0.5253681627875347,0.5090015533549013,0.49263494392226775,0.4599017250570008,0.4435351156243673,0.42716850619173385,0.41080189675910034,0.3944352873264669,0.3780686778938334,0.3617020684611999,0.34533545902856644,0.328968849595933,0.31260224016329946,0.296235630730666,0.27986902129803254,0.27986902129803254,0.263502411865399,0.24713580243276553,0.23076919300013204,0.23076919300013204,0.21440258356749858,0.1980359741348651,0.1816693647022316,0.1816693647022316,0.16530275526959815,0.16530275526959815,0.14893614583696466,0.13256953640433117,0.13256953640433117,0.13256953640433117,0.11620292697169769,0.11620292697169769,0.11620292697169769,0.09983631753906422,0.09983631753906422,0.09983631753906422,0.09983631753906422,0.08346970810643074,0.08346970810643074,0.0818330471631674,0.08019638621990406,0.07692306433337734,0.075286403390114,0.075286403390114,0.07364974244685066,0.07201308150358732,0.07037642056032395,0.06710309867379725,0.06382977678727057,0.06382977678727057,0.060556454900743864,0.058919793957480524,0.057283133014217176,0.055646472070953835,0.05400981112769047,0.05237315018442712,0.05237315018442712,0.05237315018442712,0.05237315018442712,0.05073648924116378,0.05073648924116378,0.04909982829790044,0.04909982829790044,0.04909982829790044,0.04909982829790044,0.04909982829790044,0.047463167354637084,0.047463167354637084,0.04582650641137374,0.04582650641137374,0.04418984546811038,0.04418984546811038,0.04255318452484704,0.0409165235815837,0.03927986263832034,0.03927986263832034,0.037643201695057,0.037643201695057,0.037643201695057,0.037643201695057,0.036006540751793645,0.036006540751793645,0.037643201695057,0.037643201695057,0.037643201695057,0.037643201695057,0.037643201695057,0.037643201695057,0.036006540751793645,0.036006540751793645,0.036006540751793645,0.036006540751793645,0.036006540751793645,0.036006540751793645,0.034369879808530304,0.034369879808530304,0.034369879808530304,0.034369879808530304,0.034369879808530304,0.034369879808530304,0.034369879808530304,0.034369879808530304,0.034369879808530304,0.034369879808530304,0.034369879808530304,0.03535187637448835,0.036006540751793645,0.036006540751793645,0.036006540751793645,0.03731586950640435,0.037643201695057,0.037643201695057,0.03927986263832034,0.03927986263832034,0.03927986263832034,0.03927986263832034,0.0409165235815837,0.04255318452484704,0.04418984546811038,0.04418984546811038,0.04582650641137374,0.04909982829790044,0.05073648924116378,0.05073648924116378,0.05073648924116378,0.05237315018442712,0.05237315018442712,0.05237315018442712,0.05237315018442712,0.05237315018442712,0.05237315018442712,0.05237315018442712,0.05237315018442712,0.05073648924116378,0.05073648924116378,0.05073648924116378,0.04909982829790044,0.04582650641137374,0.04418984546811038,0.04418984546811038,0.04418984546811038,0.04418984546811038,0.04418984546811038,0.04418984546811038,0.04418984546811038,0.04418984546811038,0.04255318452484704,0.04222585233619439,0.0409165235815837,0.04058919139293104,0.03927986263832034,0.037643201695057,0.037643201695057,0.037643201695057,0.034369879808530304,0.034369879808530304,0.034369879808530304,0.034042547619877656,0.03273321886526696,0.031096557922003602,0.031096557922003602,0.031096557922003602,0.031096557922003602,0.031096557922003602,0.029459896978740262,0.029459896978740262,0.029459896978740262,0.02618657509221356,0.02618657509221356,0.02454991414895022,0.02291325320568686,0.019639931319160163,0.018003270375896822,0.018003270375896822,0.018003270375896822,0.018003270375896822,0.018003270375896822,0.018003270375896822,0.018003270375896822,0.018003270375896822,0.018003270375896822,0.018003270375896822,0.018003270375896822,0.018003270375896822,0.018003270375896822,0.018003270375896822,0.018003270375896822,0.017675938187244174,0.01636660943263348,0.014729948489370122,0.014402616300717475,0.01309328754610678,0.01309328754610678,0.01178395879149613,0.011456626602843424,0.009819965659580081,0.009819965659580081,0.009819965659580081,0.009819965659580081,0.009819965659580081,0.009819965659580081,0.009819965659580081,0.009819965659580081,0.009819965659580081,0.009819965659580081,0.009819965659580081,0.009819965659580081,0.009819965659580081
9366500,0.06084654474959133,0.06084654474959133,0.062433845916971986,0.06137564513871827,0.06084654474959133,0.06084654474959133,0.06084654474959133,0.06084654474959133,0.06084654474959133,0.06084654474959133,0.06084654474959133,0.06084654474959133,0.06084654474959133,0.06084654474959133,0.06084654474959133,0.06031744436046448,0.05820104280395694,0.05820104280395694,0.05820104280395694,0.05820104280395694,0.05820104280395694,0.05820104280395694,0.05820104280395694,0.05820104280395694,0.05820104280395694,0.05820104280395694,0.05820104280395694,0.05820104280395694,0.05820104280395694,0.05820104280395694,0.06031744436046448,0.06084654474959133,0.06084654474959133,0.0656084482517333,0.06613754864086015,0.06613754864086015,0.06878305058649455,0.0708994521430021,0.07407405447776336,0.07619045603427091,0.07883595797990534,0.07936505836903218,0.07936505836903218,0.084656062260301,0.08994706615156979,0.09999997354498057,0.10052907393410741,0.10052907393410741,0.10846557977101064,0.11111108171664505,0.11375658366227945,0.12116398911005581,0.12433859144481708,0.12698409339045147,0.12962959533608587,0.1349205992273547,0.13703700078386225,0.13756610117298912,0.14232800467513107,0.14285710506425792,0.14285710506425792,0.14814810895552671,0.14814810895552671,0.15079361090116114,0.15343911284679554,0.15343911284679554,0.15343911284679554,0.15343911284679554,0.15343911284679554,0.15343911284679554,0.1555555144033031,0.15820101634893752,0.15873011673806436,0.16137561868369876,0.16666662257496756,0.16931212452060196,0.16931212452060196,0.16931212452060196,0.16931212452060196,0.17142852607710954,0.17195762646623639,0.17195762646623639,0.17460312841187078,0.1798941323031396,0.18518513619440838,0.19047614008567723,0.19629624436607293,0.20211634864646866,0.20370364981384925,0.20899465370511805,0.2169311595420213,0.23068776965932025,0.23280417121582775,0.2592591906721718,0.2592591906721718,0.28571421012851583,0.28571421012851583,0.28571421012851583,0.31216922958485993,0.31216922958485993,0.338624249041204,0.338624249041204,0.365079268497548,0.365079268497548,0.3862432840626236,0.3915342879538921,0.3915342879538921,0.41798930741023615,0.41798930741023615,0.4444443268665802,0.4708993463229243,0.49735436577926834,0.5238093852356124,0.5502644046919565,0.5502644046919565,0.5767194241483005,0.6031744436046446,0.6031744436046446,0.6296294630609887,0.6296294630609887,0.6560844825173326,0.6825395019736767,0.7089945214300208,0.7354495408863648,0.7619045603427089,0.788359579799053,0.788359579799053,0.814814599255397,0.8412696187117411,0.8412696187117411,0.8677246381680851,0.8677246381680851,0.8941796576244291,0.8941796576244291,0.9206346770807732,0.9470896965371173,0.9470896965371173,0.9735447159934613,0.9999997354498054,0.9999997354498054,0.9999997354498054,0.9999997354498054,0.9999997354498054,0.9999997354498054,0.9735447159934613,0.9735447159934613,0.9735447159934613,0.9470896965371173,0.9470896965371173,0.9206346770807732,0.8941796576244291,0.8677246381680851,0.814814599255397,0.788359579799053,0.7354495408863648,0.6825395019736767,0.6296294630609887,0.5767194241483005,0.5502644046919565,0.49735436577926834,0.4708993463229243,0.4444443268665802,0.41798930741023615,0.3915342879538921,0.365079268497548,0.338624249041204,0.338624249041204,0.31216922958485993,0.28571421012851583,0.2592591906721718,0.23280417121582775,0.2195766614876557,0.19576714397694603,0.17460312841187078,0.16402112062933316,0.15079361090116114,0.14021160311862352,0.12698409339045147,0.11640208560791385,0.10317457587974181,0.0952380700428386,0.08730156420593539,0.084656062260301,0.07936505836903218,0.07407405447776336,0.06878305058649455,0.06613754864086015,0.06613754864086015,0.05820104280395694,0.05820104280395694,0.05291003891268812,0.05026453696705371,0.05026453696705371,0.04761903502141931,0.0449735330757849,0.0449735330757849,0.04232803113015049,0.04232803113015049,0.04232803113015049,0.03968252918451609,0.037037027238881685,0.03439152529324728,0.03439152529324728,0.03174602334761287,0.02910052140197846,0.02910052140197846,0.026455019456344066,0.023809517510709657,0.023809517510709657,0.02116401556507525,0.01851851361944084,0.01851851361944084,0.01851851361944084,0.015873011673806437,0.015873011673806437,0.015873011673806437,0.015873011673806437,0.01322750972817203,0.01322750972817203,0.010582007782537628,0.010582007782537628,0.010582007782537628,0.007936505836903219,0.007936505836903219,0.007936505836903219,0.00529100389126881,0.00529100389126881,0.00529100389126881,0.00529100389126881,0.00529100389126881,0.002645501945634408,0.002645501945634408,0.0,0.0,0.002645501945634408,0.002645501945634408,0.002645501945634408,0.002645501945634408,0.002645501945634408,0.002645501945634408,0.002645501945634408,0.002645501945634408,0.002645501945634408,0.002645501945634408,0.00529100389126881,0.00529100389126881,0.00529100389126881,0.00529100389126881,0.00529100389126881,0.00529100389126881,0.007936505836903219,0.007936505836903219,0.010582007782537628,0.010582007782537628,0.010582007782537628,0.010582007782537628,0.01322750972817203,0.01322750972817203,0.01322750972817203,0.014285710506425816,0.01851851361944084,0.02116401556507525,0.023809517510709657,0.02804232062372477,0.03174602334761287,0.03174602334761287,0.03174602334761287,0.03439152529324728,0.037037027238881685,0.03968252918451609,0.03968252918451609,0.04232803113015049,0.0449735330757849,0.0449735330757849,0.04761903502141931,0.05026453696705371,0.05291003891268812,0.05555554085832252,0.06084654474959133,0.06084654474959133,0.06137564513871827,0.06349204669522575,0.06349204669522575,0.06613754864086015,0.06613754864086015,0.06878305058649455,0.06878305058649455,0.06878305058649455,0.06878305058649455,0.06878305058649455,0.06878305058649455,0.06878305058649455,0.06878305058649455,0.06878305058649455,0.06878305058649455,0.06878305058649455,0.06878305058649455,0.06878305058649455,0.0682539501973677,0.06613754864086015,0.06613754864086015,0.06613754864086015,0.06613754864086015,0.06613754864086015,0.06613754864086015,0.06613754864086015,0.06613754864086015,0.06613754864086015,0.0656084482517333,0.06349204669522575,0.06349204669522575,0.06349204669522575,0.06349204669522575,0.06349204669522575,0.06349204669522575,0.06349204669522575,0.06349204669522575,0.06349204669522575,0.06349204669522575,0.06349204669522575,0.06349204669522575,0.06349204669522575,0.06349204669522575,0.06084654474959133,0.06084654474959133,0.06084654474959133,0.05820104280395694,0.05820104280395694,0.05820104280395694,0.05820104280395694,0.05767194241483006,0.05555554085832252,0.05291003891268812,0.05291003891268812,0.05291003891268812,0.05291003891268812,0.05291003891268812,0.05291003891268812,0.05291003891268812,0.05291003891268812,0.05291003891268812,0.05291003891268812,0.052380938523561266,0.05026453696705371,0.05026453696705371,0.04761903502141931,0.04761903502141931,0.04761903502141931,0.04761903502141931,0.04761903502141931,0.04761903502141931,0.04761903502141931,0.04761903502141931,0.04761903502141931,0.04814813541054624,0.05026453696705371,0.05291003891268812,0.053439139301815035,0.056084641247449454,0.05820104280395694,0.06084654474959133,0.06084654474959133,0.06084654474959133,0.06084654474959133,0.06084654474959133,0.06084654474959133
9368000,0.11715959339077298,0.11715959339077298,0.11644520562619509,0.11630232807327949,0.11573081786161721,0.1131590219091368,0.11273038925039007,0.11273038925039007,0.11273038925039007,0.11273038925039007,0.11373053212079917,0.11573081786161721,0.11715959339077298,0.11915987913159103,0.12144591997824021,0.12430347103655183,0.12701814454194776,0.12816116496527247,0.1348764099523045,0.1351621650581356,0.1348764099523045,0.13501928750522008,0.13344763442314872,0.13073296091775277,0.1300185731531749,0.12873267517693474,0.12873267517693474,0.12787540985944124,0.12773253230652565,0.12787540985944124,0.12873267517693474,0.1300185731531749,0.1300185731531749,0.1300185731531749,0.1300185731531749,0.13059008336483718,0.13287612421148634,0.13344763442314872,0.13559079771688237,0.13573367526979796,0.13630518548146026,0.13559079771688237,0.13559079771688237,0.13573367526979796,0.13573367526979796,0.13559079771688237,0.1335905119760643,0.13344763442314872,0.13344763442314872,0.13344763442314872,0.13287612421148634,0.1344477772935578,0.13573367526979796,0.13644806303437584,0.1378768385635316,0.14144877738642103,0.1434490631272391,0.1443063284447325,0.14716387950304413,0.14987855300844005,0.15059294077301794,0.1527361040667516,0.1551650224663164,0.15773681841879678,0.1578796959717124,0.15916559394795254,0.15916559394795254,0.15916559394795254,0.16002285926544604,0.1605943694771083,0.1605943694771083,0.1613087572416862,0.16145163479460173,0.1605943694771083,0.15773681841879678,0.15773681841879678,0.156308042889641,0.1551650224663164,0.15487926736048524,0.1527361040667516,0.1494499203496933,0.14702100195012852,0.14502071620931048,0.14416345089181698,0.14202028759808333,0.13987712430434968,0.13630518548146026,0.13316187931731757,0.1308758384706684,0.12873267517693474,0.12644663433028547,0.12230318529573378,0.12001714444908451,0.11858836891992874,0.1155879403087016,0.11073010350957202,0.10987283819207853,0.1080154300041761,0.10772967489834488,0.1080154300041761,0.10915845042750065,0.10930132798041625,0.11073010350957202,0.1155879403087016,0.12458922614238305,0.13501928750522008,0.13987712430434968,0.15130732853759582,0.1551650224663164,0.15916559394795254,0.1698814104166208,0.18431204326109402,0.19245606377728197,0.21503071713794314,0.21874553351374806,0.2248892682891179,0.2386055133690133,0.2446063705914676,0.2514644931314153,0.2656093708700573,0.27446777915082315,0.28518359561949147,0.306900983662659,0.3240462900125282,0.3521931679368969,0.37576796416796715,0.3984854950815438,0.40562937272732263,0.4284897811938151,0.4413487609562169,0.4570652917769305,0.4770681491851111,0.5127875374140053,0.5342191703513418,0.5513644767012114,0.5842263138717937,0.6056579468091302,0.6285183552756227,0.6556650903295822,0.6928132540876323,0.7271038667873706,0.7413916220789283,0.7699671326620436,0.7785397858369784,0.7928275411285362,0.8056865208909378,0.8271181538282744,0.8914130526402839,0.928561216398334,0.9485640738065148,0.9999999928561224,0.9928561152103436,0.9428489716898918,0.8985569302860628,0.8914130526402839,0.8771252973487262,0.841405909119832,0.8056865208909378,0.7713959081911995,0.7356765199623053,0.7071010093791898,0.6485212126838034,0.6213744776298439,0.5842263138717937,0.5499357011720555,0.5142163129431613,0.4570652917769305,0.4127732503731015,0.3784826376733632,0.3539076985718838,0.31218745312053536,0.28818402423071854,0.26303757491757696,0.24132018687440923,0.23217602348781236,0.21931704372541044,0.20588655375134624,0.19917130876431408,0.19145592090687294,0.1750250023215816,0.17088155328702992,0.166452349146647,0.16016573681836166,0.14987855300844005,0.14216316515099892,0.1341620221877266,0.12773253230652565,0.12287469550739605,0.11515930764995486,0.11201600148581219,0.10772967489834488,0.10558651160461122,0.10330047075796205,0.10072867480548164,0.09787112374717011,0.09344191960678719,0.09144163386596915,0.08858408280765762,0.08558365419643046,0.08215459292645665,0.07786826633898934,0.07001000092863262,0.06072295998912012,0.05586512318999054,0.05129304149669202,0.047006714909224714,0.03986283726344587,0.03229032695892028,0.030575796323933375,0.029861408559355488,0.02843263303019972,0.024146306442732416,0.01985997985526511,0.015716530820713455,0.013573367526979801,0.010858694021583832,0.009144163386596845,0.008429775622018961,0.008572653174934611,0.009858551151174729,0.01000142870409038,0.01000142870409038,0.009858551151174729,0.009858551151174729,0.008429775622018961,0.007715387857441077,0.006286612328285308,0.00485783679912954,0.002714673505395887,0.002000285740818003,0.0012858979762401185,0.0,0.0,0.000714387764577803,0.000714387764577803,0.002000285740818003,0.00485783679912954,0.005715102116623075,0.006429489881200877,0.007143877645778843,0.007715387857441077,0.007715387857441077,0.009287040939512414,0.012144591997823952,0.01485926550321992,0.015145020609051056,0.01743106145570032,0.021574510490252014,0.02371767378398567,0.02643234728938164,0.027146735053959602,0.027861122818537486,0.032861837170582636,0.03343334738224491,0.03386198004099174,0.03571938822889417,0.036433775993472056,0.041291612792601635,0.04300614342758863,0.04857836799129609,0.0520074292612699,0.057722531377892974,0.06358051104743166,0.06700957231740547,0.0707243886932105,0.07286755198694415,0.07515359283359334,0.07786826633898934,0.07843977655065162,0.07915416431522951,0.07986855207980739,0.08129732760896316,0.08129732760896316,0.08129732760896316,0.08272610313811893,0.08344049090269681,0.0841548786672747,0.0841548786672747,0.0841548786672747,0.08629804196100835,0.08701242972558623,0.088441205254742,0.088441205254742,0.08915559301931988,0.09201314407763142,0.0927275318422093,0.09772824619425449,0.10130018501714391,0.10272896054629968,0.1063008993691891,0.1113016137212343,0.11415916477954584,0.11415916477954584,0.11487355254412372,0.1155879403087016,0.11701671583785737,0.11987426689616891,0.12273181795448045,0.1248749812482141,0.12858979762401912,0.13559079771688237,0.14587798152680395,0.15445063470173856,0.16073724703002393,0.16488069606457562,0.1671667369112248,0.1707386757341143,0.17359622679242584,0.17431061455700372,0.17559651253324388,0.17788255337989314,0.18131161464986695,0.18359765549651622,0.18574081879024987,0.18716959431940564,0.18788398208398352,0.18788398208398352,0.1877411045310679,0.18716959431940564,0.18702671676649002,0.18559794123733425,0.18488355347275637,0.18159736975569818,0.17788255337989314,0.17288183902784787,0.17002428796953642,0.1671667369112248,0.16359479808833546,0.1613087572416862,0.15845120618337466,0.15330761427841402,0.15130732853759582,0.15059294077301794,0.14844977747928428,0.14559222642097275,0.14416345089181698,0.1435919406801547,0.14287755291557683,0.14202028759808333,0.14002000185726526,0.13930561409268738,0.1391627365397718,0.1384483487751939,0.13773396101061602,0.13573367526979796,0.1348764099523045,0.1335905119760643,0.13287612421148634,0.13273324665857084,0.13130447112941507,0.129304185388597,0.12858979762401912,0.12773253230652565,0.12701814454194776,0.12701814454194776,0.12701814454194776,0.12701814454194776,0.12716102209486327,0.12773253230652565,0.129304185388597,0.1298756956002593,0.12916130783568142,0.12858979762401912,0.12716102209486327,0.12716102209486327,0.12701814454194776
9371000,0.42857112244919826,0.42857112244919826,0.42857112244919826,0.42857112244919826,0.42857112244919826,0.42857112244919826,0.42957112173491313,0.4342854040818543,0.43828540122471354,0.44285682653083824,0.44285682653083824,0.44285682653083824,0.44828539408186135,0.463142526326767,0.4715710917349345,0.49999964285739795,0.49999964285739795,0.49999964285739795,0.5011424991839293,0.5195710574492447,0.5274281946941467,0.5342853326533339,0.5357139030614978,0.5449996107145638,0.5592853147962037,0.5679995942860041,0.5701424498982501,0.5714281632655976,0.5715710203064142,0.5751424463268242,0.5792853005104996,0.5821424413268278,0.5921424341839755,0.6004281425513268,0.6071424234696975,0.6099995642860254,0.6179995585717439,0.6278566943880753,0.6357138316329775,0.6421423984697154,0.6428566836737974,0.6429995407146138,0.6447138252044106,0.6472852519391057,0.6501423927554338,0.6607138137758474,0.6685709510207493,0.6765709453064677,0.6785709438778973,0.680570942449327,0.6999995000003573,0.7028566408166851,0.7091423506126068,0.7142852040819971,0.7142852040819971,0.7142852040819971,0.7299994785718013,0.771428020408557,0.7857137244901968,0.7857137244901968,0.7857137244901968,0.7857137244901968,0.8071422806126568,0.8142851326534767,0.8214279846942967,0.8371422591841008,0.8499993928575765,0.8571422448983965,0.8571422448983965,0.8571422448983965,0.8585708153065605,0.8799993714290206,0.8971422163269888,0.9142850612249563,0.9171422020412845,0.9285707653065962,0.9285707653065962,0.9285707653065962,0.9285707653065962,0.9285707653065962,0.9285707653065962,0.9285707653065962,0.9285707653065962,0.9285707653065962,0.9285707653065962,0.9285707653065962,0.9285707653065962,0.9285707653065962,0.9285707653065962,0.9285707653065962,0.9285707653065962,0.9285707653065962,0.9285707653065962,0.9285707653065962,0.9285707653065962,0.9285707653065962,0.9285707653065962,0.9285707653065962,0.9285707653065962,0.9285707653065962,0.9285707653065962,0.9328564765310886,0.99428500408214,0.9999992857147959,0.9999992857147959,0.9999992857147959,0.99428500408214,0.9585707438780409,0.9285707653065962,0.9285707653065962,0.8571422448983965,0.7857137244901968,0.7285709081636381,0.6857137959187172,0.6471423948982898,0.6242852683676656,0.5825710124492772,0.545713895918646,0.48642822397984026,0.4442853969390023,0.4217139844900112,0.4137139902042927,0.3948568608165281,0.370856877959373,0.3582854583675299,0.3362854740818043,0.32571405306139073,0.2931426477552516,0.2857140816327989,0.2807140852042249,0.2721426627552409,0.26371409734707335,0.22914269346950472,0.21885698653072394,0.2082855655103104,0.1905712924490769,0.17871415806131566,0.17357130459192535,0.1582856012245706,0.14599989571436026,0.12885705081639232,0.11228563408168998,0.09999992857147959,0.0985713581633156,0.09285707653065962,0.08342851183677731,0.07085709224493413,0.06157138459186816,0.0537142473469662,0.043714254489818236,0.026142838469401193,0.012142848469393952,0.0035714260204099857,0.0007142852040819971,0.0,0.0,0.0,0.0,0.0,0.0,0.0,0.0,0.0,0.0,0.0,0.0,0.0,0.0,0.0,0.0,0.0,0.0,0.0,0.0,0.0,0.0,0.0,0.0,0.0,0.0,0.0,0.0,0.0,0.0,0.0,0.0,0.0,0.0,0.0,0.0,0.0,0.0,0.0,0.0,0.0,0.0,0.0,0.0,0.0,0.0,0.0,0.0,0.0,0.0,0.0,0.0,0.0,0.0,0.0,0.0,0.0,0.0,0.0,0.0,0.0,0.0,0.0,0.0,0.0,0.0,0.0,0.0,0.0,0.0,0.0,0.0,0.0,0.0,0.0,0.0,0.0,0.0,0.0,0.0,0.0,0.0,0.0,0.0,0.0,0.0,0.0,0.0,0.0007142852040819971,0.0014285704081639942,0.004571425306124803,0.007142852040819971,0.009571421734698783,0.011571420306128368,0.012999990714292356,0.014285704081639943,0.01614284561225317,0.02142855612245991,0.02199998428572556,0.02899997928572912,0.03228569122450628,0.040142828469408254,0.0445713967347167,0.071142806326567,0.09157136316331206,0.11728563051026392,0.13514276061231384,0.15099989214293422,0.16185702724498055,0.17285701938784329,0.1878570086735653,0.19428557551030323,0.19457128959193606,0.20685699510214642,0.21685698795929448,0.23942840040828547,0.24642839540828904,0.2562855312246208,0.2695712360205457,0.2795712288776937,0.28499979642871687,0.28557122459198253,0.28885693653075967,0.29114264918382204,0.3001426427552552,0.3065712095919932,0.3127140623470985,0.3214283418368987,0.3322854769389451,0.342285469796093,0.3631425977552873,0.3715711631634549,0.3928568622450984,0.4258568386736867,0.43599968857165106,0.45785681581656024,0.47142823469411804,0.4791425148982037,0.5002853569390308,0.5214281989798579,0.5299996214288419,0.5467138952043605,0.553285319081915,0.5658567386737582,0.5714281632655976,0.5849995821431556,0.593713861632956,0.6029995692860219,0.6087138509186779,0.613713847347252,0.6214281275513375,0.6224281268370524,0.6285709795921575,0.6297138359186887,0.6297138359186887,0.63799954428604,0.63799954428604,0.63799954428604,0.6365709738778759,0.6274281232656264,0.6214281275513375,0.6181424156125603,0.6144281325513339,0.6128567051023536,0.6074281375513303,0.6054281389799008,0.593713861632956,0.5829995835717261,0.5715710203064142,0.5659995957145746,0.5595710288778365,0.5497138930615051,0.5438567543880326,0.5378567586737438,0.5259996242859827,0.5167139166329168,0.4919996485716796,0.47228537693901657,0.4695710931635049,0.4642853826532981,0.45471396091859945,0.4322854055104246,0.41785684438796833,0.40714256632673834,0.4009997135716332,0.39999971428591835,0.39642828826550836,0.3928568622450984,0.3928568622450984,0.3928568622450984,0.39142829183693445,0.3859997242859112,0.3844282968369308,0.3837140116328489,0.3837140116328489,0.3837140116328489,0.3837140116328489,0.38357115459203245,0.38357115459203245,0.38357115459203245,0.38357115459203245,0.3837140116328489,0.38357115459203245,0.38357115459203245,0.38299972642876684,0.3805711567348881,0.37942830040835684,0.37942830040835684,0.37942830040835684,0.3801425856124389,0.3801425856124389,0.3801425856124389
9371010,0.09795918298410149,0.0989444046520451,0.0989444046520451,0.09795918298410149,0.09725545322128466,0.09711470726872128,0.09655172345846785,0.09641097750590445,0.09641097750590445,0.09655172345846785,0.09711470726872128,0.09795918298410149,0.1007741020353687,0.10218156156100242,0.10358902108663606,0.10429275084945287,0.10527797251739641,0.1083743834737904,0.11062631871480426,0.11133004847762108,0.1118930322878745,0.1118930322878745,0.1118930322878745,0.11231527014556462,0.1118930322878745,0.11062631871480426,0.10921885918917063,0.10921885918917063,0.1085151294263538,0.10781139966353698,0.10710766990072017,0.10710766990072017,0.10696692394815677,0.10584095632764984,0.10443349680201627,0.10443349680201627,0.10584095632764984,0.10696692394815677,0.1080928915686637,0.10992258895198745,0.10992258895198745,0.10696692394815677,0.10696692394815677,0.10696692394815677,0.10710766990072017,0.10696692394815677,0.10696692394815677,0.10696692394815677,0.10696692394815677,0.10795214561610038,0.10710766990072017,0.10696692394815677,0.10696692394815677,0.10696692394815677,0.10767065371097359,0.10978184299942405,0.1111893025250577,0.11344123776607155,0.11484869729170519,0.1176636163429724,0.11836734610578929,0.11893032991604272,0.11963405967885954,0.12104151920449319,0.12371569230319707,0.12695284921215455,0.12878254659547822,0.12878254659547822,0.1290640385006049,0.12878254659547822,0.12878254659547822,0.13033075207367525,0.13117522778905538,0.13089373588392866,0.1290640385006049,0.1280788168326614,0.12695284921215455,0.1252638977813941,0.12399718420832385,0.12258972468269022,0.1218859949198734,0.12061928134680315,0.11963405967885954,0.11963405967885954,0.11907107586860612,0.11893032991604272,0.11836734610578929,0.11681914062759226,0.11625615681733883,0.11442645943401508,0.11287825395581813,0.1118930322878745,0.11133004847762108,0.11133004847762108,0.11062631871480426,0.10781139966353698,0.10626319418533994,0.10626319418533994,0.10654468609046666,0.10781139966353698,0.10992258895198745,0.11287825395581813,0.11681914062759226,0.1218859949198734,0.1285010546903515,0.13370865493519596,0.1456720609030819,0.1555242775825174,0.16002814806454513,0.1636875428311926,0.1760731866567686,0.18381421404775372,0.19422941453744264,0.21759324266296104,0.2371569300692686,0.2540464443768723,0.26136523391016725,0.2689655153485889,0.28430682417799563,0.29275158133179746,0.3016185763432894,0.31287825254835855,0.3384940159148908,0.3525686111712274,0.38071780168390024,0.400422235042771,0.4215341279272757,0.4356087231836121,0.4496833184399485,0.46375791369628494,0.48486980658078954,0.5059816994652941,0.5285010518754326,0.5425756471317689,0.5622800804906398,0.5777621352726101,0.6002814876827484,0.6340605162979557,0.6762843020669648,0.7044334925796376,0.7311752235666769,0.7593244140793497,0.7945109022201907,0.817030254630329,0.8437719856173682,0.8648838785018728,0.8803659332838428,0.9493314500398913,0.9704433429243959,0.9802955596038317,0.9999999929627024,0.9985925334370688,0.9817030191294653,0.9704433429243959,0.9437016119373567,0.9000703666427138,0.8789584737582092,0.8508092832455364,0.8085854974765271,0.746657278348647,0.7114707902078059,0.6748768425413312,0.6396903544004902,0.5932441900545801,0.5425756471317689,0.48064742800388877,0.46375791369628494,0.41027445172220683,0.3539760706968612,0.32751583161494874,0.2807881753639115,0.26263194748323754,0.23828289768977554,0.20450386907456813,0.19465165239513274,0.18311048428493681,0.176636170467022,0.16973961879141722,0.1636875428311926,0.1556650235350808,0.14764250423896905,0.14356087161463144,0.14159042827874438,0.13441238469801278,0.12470091397114068,0.11555242705452201,0.10992258895198745,0.10358902108663606,0.09303307464438383,0.09021815559311647,0.08726249058928578,0.08247712820213152,0.08106966867649779,0.08106966867649779,0.07966220915086415,0.07825474962523042,0.07755101986241368,0.07459535485858301,0.07389162509576619,0.06966924651886526,0.058691062218922924,0.04616467244078346,0.03673469361903808,0.03589021790365786,0.032512315042137155,0.02758620670241941,0.023363828125518484,0.019704433358870982,0.0168895143076037,0.01435608716146321,0.012667135730702776,0.011963405967885954,0.011400422157632529,0.00914848691661867,0.007178043580731605,0.006474313817914783,0.005629838102534567,0.0049261083397177455,0.0030964109563940754,0.0049261083397177455,0.0049261083397177455,0.005066854292281142,0.005770584055097963,0.005066854292281142,0.0049261083397177455,0.0049261083397177455,0.0028149190512672833,0.0014074595256336417,0.0007037297628168208,0.0007037297628168208,0.0,0.0,0.00014074595256339617,0.0007037297628168208,0.0007037297628168208,0.0007037297628168208,0.0015482054781970377,0.0036593947666475,0.005770584055097963,0.007741027390985029,0.008585503106365246,0.010555946442252313,0.011963405967885954,0.015482054781970058,0.01773399002298392,0.01900070359605416,0.01984517931143438,0.020408163121687802,0.021815622647321446,0.024630541698588727,0.02533427146140555,0.02688247693960259,0.02758620670241941,0.028149190512672832,0.02828993646523623,0.02969739599086987,0.032512315042137155,0.03518648814084104,0.04011259648055879,0.046446164345910174,0.04996481315999428,0.0541871917368952,0.05855031626635952,0.06263194889069705,0.07037297628168208,0.07389162509576619,0.07698803605216019,0.08163265248675121,0.08304011201238486,0.08585503106365214,0.08655876082646896,0.08712174463672238,0.08796622035210261,0.08937367987773624,0.09261083678669371,0.09711470726872128,0.10063335608280538,0.10288529132381924,0.10485573465970631,0.10696692394815677,0.1080928915686637,0.10978184299942405,0.11062631871480426,0.1118930322878745,0.11330049181350815,0.11611541086477543,0.11963405967885954,0.12118226515705657,0.12596762754421093,0.13019000612111184,0.1327234332672525,0.13793103351209687,0.14004222280054734,0.14074595256336417,0.14088669851592756,0.14159042827874438,0.14426460137744826,0.1456720609030819,0.14707952042871555,0.14876847185947598,0.15059816924279965,0.15341308829406694,0.15411681805688376,0.15763546687096786,0.15833919663378468,0.16045038592223515,0.16199859140043218,0.16256157521068562,0.16256157521068562,0.16396903473631924,0.16467276449913607,0.16678395378758654,0.16988036474398052,0.17002111069654394,0.16959887283885383,0.16959887283885383,0.16467276449913607,0.16256157521068562,0.16059113187479854,0.1590429263966015,0.15763546687096786,0.15693173710815103,0.1555242775825174,0.15270935853125012,0.15059816924279965,0.1486277259069126,0.1424349039941246,0.1386347632749137,0.13638282803389984,0.13441238469801278,0.13300492517237913,0.12836030873778817,0.12709359516471785,0.12596762754421093,0.12456016801857729,0.12427867611345057,0.12216748682500012,0.12104151920449319,0.12104151920449319,0.11963405967885954,0.11893032991604272,0.11893032991604272,0.11893032991604272,0.11822660015322589,0.11822660015322589,0.11681914062759226,0.11681914062759226,0.11681914062759226,0.11681914062759226,0.11611541086477543,0.11555242705452201,0.1118930322878745,0.1111893025250577,0.1089373672840439,0.10767065371097359,0.10752990775841019,0.10767065371097359,0.10767065371097359,0.10767065371097359,0.10640394013790326,0.10541871846995973,0.10485573465970631,0.10415200489688949,0.10415200489688949,0.10147783179818559,0.10091484798793217
9372000,0.35732144570871505,0.35732144570871505,0.35539725914054754,0.3549162124985057,0.3549162124985057,0.35251097928829617,0.35251097928829617,0.35058679272012877,0.3501057460780868,0.3501057460780868,0.3501057460780868,0.3501057460780868,0.3501057460780868,0.3501057460780868,0.3477005128678773,0.3452952796576678,0.3443331863735842,0.34289004644745846,0.34289004644745846,0.34289004644745846,0.34289004644745846,0.34289004644745846,0.34289004644745846,0.34289004644745846,0.34289004644745846,0.34289004644745846,0.34289004644745846,0.34289004644745846,0.34289004644745846,0.34289004644745846,0.3443331863735842,0.3452952796576678,0.34673841958379353,0.3477005128678773,0.3501057460780868,0.3501057460780868,0.35251097928829617,0.3549162124985057,0.35732144570871505,0.3597266789189245,0.3597266789189245,0.3597266789189245,0.3597266789189245,0.3597266789189245,0.3597266789189245,0.36213191212913404,0.36982865840180423,0.3746391248222231,0.3765633113903906,0.3765633113903906,0.38185482445285146,0.38377901102101897,0.38666529087327034,0.39628622371410815,0.4006156434924851,0.40302087670269454,0.4059071565549459,0.4078313431231134,0.4078313431231134,0.4078313431231134,0.40302087670269454,0.401096690134527,0.4006156434924851,0.39628622371410815,0.38858947744143785,0.3842600576630609,0.38377901102101897,0.38377901102101897,0.3746391248222231,0.37175284496997174,0.3693476117597623,0.3626129587711759,0.3597266789189245,0.3597266789189245,0.3549162124985057,0.3433710930895003,0.33567434681683006,0.33567434681683006,0.3313449270384531,0.3284586471862017,0.3164324811351545,0.31162201471473566,0.30729259493635863,0.29959584866368844,0.29045596246489264,0.2875696826126412,0.28516444940243174,0.2731382833513845,0.2639983971525887,0.2563016508799184,0.24956699789133202,0.2394650184084523,0.23465455198803342,0.21541268630635785,0.20867803331777146,0.18751198106792838,0.17019430195442029,0.16490278889195953,0.14325569000007451,0.13363475715923673,0.11920335789798006,0.10876464576567109,0.0963536424009904,0.08370211571528868,0.07109869369379117,0.05849527167229368,0.051279572041665396,0.04704636159169673,0.03944582464743489,0.03069077576227251,0.0212622615782515,0.014912445903298582,0.010967863438555056,0.009572828176633604,0.005339617726664977,0.0013469305977172688,0.0009620932840837574,0.0013469305977172688,0.0009620932840837574,0.0013469305977172688,0.0013469305977172688,0.0009620932840837574,0.0,0.0013469305977172688,0.0037040591437225642,0.009572828176633604,0.010967863438555056,0.01943428433849231,0.023811808781073508,0.030498357105455776,0.03843562669914692,0.043246093119565794,0.04728688491271769,0.056667294432534515,0.059216841635356524,0.07119490302219954,0.08038289388519966,0.08678081422435678,0.09361167654135162,0.09721952635666575,0.10414659800206896,0.11626897338152455,0.11968440454002195,0.13892627022169757,0.14325569000007451,0.14325569000007451,0.16057336911358258,0.16730802210216897,0.1827015146475095,0.2091590799598134,0.22118524601086062,0.22984408556761451,0.2394650184084523,0.2490859512492901,0.25389641766970894,0.2563016508799184,0.2587068840901279,0.25678269752196037,0.2587068840901279,0.2563016508799184,0.2563016508799184,0.2490859512492901,0.24427548482887118,0.2394650184084523,0.2375408318402848,0.22984408556761451,0.22791989899944695,0.22791989899944695,0.22551466578923757,0.22503361914719563,0.22503361914719563,0.22551466578923757,0.22551466578923757,0.22791989899944695,0.23465455198803342,0.2375408318402848,0.2394650184084523,0.2394650184084523,0.23994606505049418,0.24475653147091314,0.2572637441640023,0.26351735051054676,0.26351735051054676,0.2659225837207562,0.2688088635730076,0.275543516561594,0.2765056098456778,0.2875696826126412,0.3044063150841073,0.3121030613567776,0.33567434681683006,0.357802492350757,0.38377901102101897,0.3914757572936892,0.4208196024582445,0.4395804214978781,0.4564170539693443,0.4809504327134806,0.5040406715314912,0.5069269513837426,0.5203962573609155,0.5280930036335857,0.5521453357356801,0.5545505689458896,0.5761976678377746,0.5761976678377746,0.5766787144798166,0.5819702275422772,0.5983258133717015,0.6026552331500785,0.627188611894215,0.6483546641440578,0.6483546641440578,0.6483546641440578,0.6507598973542674,0.6512409439963094,0.6507598973542674,0.6666344365416498,0.6733690895302362,0.6964593283482468,0.6988645615584564,0.7118528208935873,0.7209927070923832,0.7233979403025926,0.7229168936605507,0.7229168936605507,0.7229168936605507,0.7209927070923832,0.7205116604503412,0.7229168936605507,0.7253221268707601,0.7258031735128022,0.7277273600809695,0.7310946865752629,0.7445639925524357,0.7445639925524357,0.7522607388251059,0.7686163246545301,0.77871830413741,0.8003654030292947,0.8167209888587191,0.8253798284154731,0.8388491343926461,0.8580910000743215,0.8677119329151595,0.8888779851650025,0.9037904310683011,0.912930317267097,0.912930317267097,0.916778690403432,0.916778690403432,0.9134113639091387,0.9134113639091387,0.912930317267097,0.912930317267097,0.912930317267097,0.912930317267097,0.912930317267097,0.9345774161589817,0.9369826493691913,0.947084628852071,0.9610349814712857,0.9831631270052127,0.9850873135733802,0.9923030132040085,0.9923030132040085,0.9932651064880924,0.9999997594766789,0.9999997594766789,0.986530453499506,0.9850873135733802,0.9850873135733802,0.9610349814712857,0.9499709087043225,0.9369826493691913,0.9307290430226467,0.9110061306989293,0.8888779851650025,0.8850296120286674,0.8662687929890337,0.8503942538016511,0.8407733209608136,0.8350007612563111,0.8239366884893474,0.8167209888587191,0.8027706362395044,0.7690973712965721,0.7551470186773573,0.7445639925524357,0.7229168936605509,0.7108907276095037,0.6964593283482468,0.687319442149451,0.6724069962461523,0.6584566436269376,0.6483546641440578,0.6483546641440578,0.6411389645134296,0.6291127984623823,0.6199729122635864,0.6122761659909163,0.600731046581911,0.600249999939869,0.5983258133717015,0.5915911603831151,0.5882238338888218,0.5834133674684029,0.5790839476900259,0.5737924346275651,0.5718682480593975,0.5718682480593975,0.5689819682071462,0.5689819682071462,0.5665767349969368,0.5617662685765179,0.5574368487981408,0.5545505689458896,0.5521453357356801,0.5521453357356801,0.5478159159573032,0.5406002163266749,0.5381949831164654,0.5329034700540045,0.5304982368437952,0.5285740502756276,0.5280930036335857,0.5280930036335857,0.5256877704233762,0.5184720707927479,0.513661604372329,0.5112563711621195,0.509332184593952,0.5040406715314912,0.5040406715314912,0.5040406715314912,0.5016354383212818,0.4968249719008629,0.4896092722702345,0.4833556659236901,0.4799883394293968,0.4775831062191873,0.47277263979876843,0.4684432200203915,0.4655569401681401,0.4636327535999725,0.4631517069579307,0.45593600732730233,0.45593600732730233,0.45353077411709286,0.45160658754892535,0.44920135433871583,0.4467961211285065,0.4395804214978781,0.43476995507745925,0.4318836752252079,0.427073208804789,0.4222627423843701,0.4174522759639512,0.4126418095435323,0.4083123897651554,0.4078313431231134,0.40302087670269454,0.39628622371410815,0.3909947106516473,0.38907052408347975,0.38858947744143785
9378630,0.0,0.0,0.0,0.0,0.0,0.0,0.0,0.0,0.0,0.0,0.0,0.0,0.0,0.0,0.0,0.0,0.0,0.0,0.0,0.0,0.0,0.0,0.0,0.0,0.0,0.0,0.0,0.0,0.0,0.0,0.0,0.0,0.0,0.0,0.0,0.0,0.0,0.0,0.0,0.0,0.0,0.0,0.0,0.0,0.0,0.0,0.0,0.0,0.0,0.0,0.0,0.0,0.0,0.0,0.0,0.0,0.0,0.0,0.0,0.0,0.0,0.0,0.0,0.0,0.0,0.0,0.0,0.0,0.0,0.0,0.0,0.0,0.0,0.0,0.0,0.04347637059258293,0.04347637059258293,0.04347637059258293,0.04347637059258293,0.04347637059258293,0.08695274118516585,0.08695274118516585,0.13042911177774877,0.13042911177774877,0.13042911177774877,0.1391243858962658,0.1739054823703317,0.21738185296291465,0.21738185296291465,0.21738185296291465,0.26085822355549754,0.26085822355549754,0.3043345941480805,0.3043345941480805,0.3478109647406634,0.39128733533324633,0.39128733533324633,0.39128733533324633,0.4347637059258293,0.4347637059258293,0.5217164471109951,0.5304117212295121,0.5651928177035781,0.608669188296161,0.6956219294813268,0.7043172035998443,0.7825746706664927,0.8260510412590756,0.8695274118516586,0.9130037824442414,0.9130037824442414,0.9130037824442414,0.9130037824442414,0.9130037824442414,0.9564801530368244,0.9564801530368244,0.9564801530368244,0.9999565236294073,0.9999565236294073,0.9999565236294073,0.9999565236294073,0.9999565236294073,0.9564801530368244,0.9130037824442414,0.9130037824442414,0.8782226859701755,0.8695274118516586,0.8695274118516586,0.8260510412590756,0.7912699447850098,0.7825746706664927,0.7825746706664927,0.7390983000739099,0.7390983000739099,0.7390983000739099,0.6956219294813268,0.6608408330072609,0.6521455588887439,0.608669188296161,0.5651928177035781,0.5304117212295121,0.4869353506369292,0.4782400765184122,0.4434589800443463,0.4347637059258293,0.4347637059258293,0.4347637059258293,0.4347637059258293,0.4347637059258293,0.39128733533324633,0.39128733533324633,0.39128733533324633,0.3478109647406634,0.3478109647406634,0.3478109647406634,0.3478109647406634,0.3043345941480805,0.3043345941480805,0.3043345941480805,0.26085822355549754,0.26085822355549754,0.21738185296291465,0.21738185296291465,0.21738185296291465,0.21738185296291465,0.1739054823703317,0.1739054823703317,0.13042911177774877,0.13042911177774877,0.13042911177774877,0.08695274118516585,0.08695274118516585,0.08695274118516585,0.08695274118516585,0.04347637059258293,0.04347637059258293,0.04347637059258293,0.04347637059258293,0.04347637059258293,0.04347637059258293,0.04347637059258293,0.04347637059258293,0.0,0.0,0.0,0.0,0.0,0.0,0.0,0.0,0.0,0.0,0.0,0.0,0.0,0.0,0.0,0.0,0.0,0.0,0.0,0.0,0.0,0.0,0.0,0.0,0.0,0.0,0.0,0.0,0.0,0.0,0.0,0.0,0.0,0.0,0.0,0.0,0.0,0.0,0.0,0.0,0.0,0.0,0.0,0.0,0.0,0.0,0.0,0.0,0.0,0.0,0.0,0.0,0.0,0.0,0.0,0.0,0.0,0.0,0.0,0.0,0.0,0.0,0.0,0.0,0.0,0.0,0.0,0.0,0.0,0.0,0.0,0.0,0.0,0.0,0.0,0.0,0.0,0.0,0.0,0.0,0.0,0.0,0.0,0.0,0.0,0.0,0.0,0.0,0.0,0.0,0.0,0.0,0.0,0.0,0.0,0.0,0.0,0.0,0.0,0.0,0.0,0.0,0.0,0.0,0.0,0.0,0.0,0.0,0.0,0.0,0.0,0.0,0.0,0.0,0.0,0.0,0.0,0.0,0.0,0.0,0.0,0.0,0.0,0.0,0.0,0.0,0.0,0.0,0.0,0.0,0.0,0.0,0.0,0.0,0.0,0.0,0.0,0.0,0.0,0.0,0.0,0.0,0.0,0.0,0.0,0.0,0.0,0.0,0.0,0.0,0.0,0.0,0.0,0.0,0.0,0.0,0.0,0.0,0.0,0.0,0.0,0.0,0.0,0.0,0.0,0.0,0.0,0.0,0.0,0.0,0.0,0.0,0.0,0.0,0.0,0.0,0.0,0.0,0.0,0.0,0.0,0.0,0.0,0.0
9379200,0.4999980769304733,0.4999980769304733,0.5007673047411356,0.5123057219010697,0.5384594674635866,0.5384594674635866,0.5384594674635866,0.5384594674635866,0.5384594674635866,0.5538440236768319,0.5630747574047793,0.5769208579967,0.5769208579967,0.5769208579967,0.5769208579967,0.6023053757485549,0.6161514763404757,0.654612866873589,0.6853819793000797,0.69230502959604,0.7115357248625966,0.726920281075842,0.7330741035611404,0.7692278106622666,0.7692278106622666,0.7730739497155779,0.7907661893608103,0.80768920119538,0.8123045680593536,0.8315352633259103,0.8430736804858443,0.8784581597763086,0.9230733727947199,0.9584578520851844,0.9899961923223373,0.9999961538609466,0.9999961538609466,0.9999961538609466,0.9899961923223373,0.9807654585943899,0.9676885858131314,0.9669193580024691,0.9623039911384955,0.9615347633278333,0.9584578520851844,0.9515348017892241,0.9499963461678994,0.9469194349252503,0.9423040680612766,0.9238426006053823,0.9230733727947199,0.9230733727947199,0.9230733727947199,0.9230733727947199,0.9230733727947199,0.9161503224987596,0.8853812100722689,0.8846119822616065,0.862304375752401,0.8461505917284934,0.8138430236806783,0.7699970384729288,0.7692278106622666,0.7461509763423986,0.7192280029692193,0.69230502959604,0.689228118353391,0.6538436390629266,0.6192283875831247,0.5961515532632566,0.5769208579967,0.5392286952742489,0.5384594674635866,0.4999980769304733,0.4653828254506713,0.4538444082907373,0.4230752958642467,0.41692147337894864,0.4007676893550411,0.3846139053311333,0.37692162722451067,0.36538321006457664,0.357690931957954,0.34999865385133133,0.33922946450205965,0.33461409763808597,0.33076795858477465,0.323075680478152,0.3153834023715293,0.311537263318218,0.30461421302225766,0.299998846158284,0.29615270710497266,0.29230656805166133,0.28846042899835,0.2846142899450387,0.2807681508917273,0.27692201183841597,0.27692201183841597,0.27307587278510465,0.265383594678482,0.262306683435833,0.25769131657185934,0.253845177518548,0.24999903846523666,0.24230676035861398,0.23538371006265368,0.23076834319867998,0.22692220414536865,0.2230760650920573,0.21922992603874597,0.21153764793212335,0.20384536982550067,0.196153091718878,0.19230695266556666,0.18846081361225533,0.18461467455894398,0.17692239645232133,0.16923011834569865,0.161537840239076,0.15461478994311562,0.15384556213245335,0.149999423079142,0.14615328402583067,0.14230714497251934,0.13461486686589666,0.126922588759274,0.11923031065265133,0.11538417159933999,0.10769189349271734,0.09999961538609467,0.09230733727947199,0.080768920119538,0.07307664201291533,0.061538224852981334,0.057692085799669994,0.046153668639735995,0.038461390533113336,0.023076834319867998,0.011538417159933999,0.0,0.0,0.0,0.0,0.0,0.0,0.0,0.0,0.0,0.0,0.0,0.0,0.0,0.0,0.0,0.0,0.0,0.0,0.0,0.0,0.0,0.0,0.0,0.0,0.0,0.0,0.0,0.0,0.0,0.0,0.0,0.0,0.0,0.0,0.0,0.0,0.0,0.0,0.0,0.0,0.0,0.0,0.0,0.0,0.0,0.0,0.0,0.0,0.0,0.0,0.0,0.0,0.0,0.0,0.0,0.0,0.0,0.0,0.0,0.0,0.0,0.0,0.0,0.0,0.0,0.0,0.0,0.0,0.0,0.0,0.0,0.0,0.0,0.0,0.0,0.0,0.0,0.0,0.0,0.0,0.0,0.0,0.0,0.0,0.0,0.0,0.0,0.0,0.0,0.0,0.0,0.0,0.0,0.0,0.0,0.0,0.0,0.0,0.0,0.0,0.0,0.0,0.0,0.0,0.0,0.0,0.0,0.0,0.0,0.0,0.0,0.0,0.0,0.0,0.0,0.0,0.0,0.0,0.0,0.0,0.0,0.0,0.0,0.0,0.0,0.0,0.0,0.0,0.0,0.0,0.0,0.0,0.0,0.0,0.0,0.0,0.0,0.0,0.0,0.0,0.0,0.0038461390533113334,0.015384556213245333,0.030769112426490667,0.038461390533113336,0.049999807693047335,0.057692085799669994,0.06538436390629267,0.06923050295960399,0.07692278106622667,0.09230733727947199,0.09615347633278333,0.103845754439406,0.10769189349271734,0.11153803254602865,0.11538417159933999,0.126922588759274,0.13153795562324766,0.14230714497251934,0.14615328402583067,0.149999423079142,0.15846092899642697,0.16923011834569865,0.18923004142291763,0.196153091718878,0.21153764793212335,0.22692220414536865,0.253845177518548,0.27307587278510465,0.28846042899835,0.30461421302225766,0.3192295414248406,0.33153718639543694,0.34615251479802,0.35461402071530496,0.3607678432006034,0.3607678432006034,0.38153699408848435,0.39615232249106735,0.39692155030172976,0.3930754112484183,0.3853831331417957,0.3930754112484183,0.39615232249106735,0.39615232249106735,0.39615232249106735,0.38922927219510695,0.3853831331417957,0.3846139053311333,0.38153699408848435,0.38153699408848435,0.3846139053311333,0.3846139053311333,0.3846139053311333,0.38153699408848435,0.3846139053311333,0.380767766277822,0.380767766277822,0.380767766277822,0.37384471598186164,0.36230629882192755,0.3584601597686164,0.357690931957954,0.34307560355537103,0.3384602366913973,0.33461409763808597,0.33922946450205965,0.3384602366913973,0.3353833254487483,0.3384602366913973,0.33922946450205965,0.3423063757447087,0.33922946450205965,0.33922946450205965,0.34307560355537103,0.34999865385133133,0.34999865385133133,0.3584601597686164,0.36538321006457664,0.37692162722451067,0.380767766277822,0.3846139053311333,0.3846139053311333,0.3846139053311333,0.3846139053311333,0.3846139053311333
9379500,0.1097866069920044,0.1097866069920044,0.1097866069920044,0.10963943995850302,0.10905077182449767,0.10654893225497479,0.10654893225497479,0.10596026412096936,0.10478292785295858,0.10478292785295858,0.10478292785295858,0.10654893225497479,0.10963943995850302,0.11037527512600975,0.11052244215951113,0.11111111029351649,0.1119941124945246,0.11361294986303935,0.11699779163357034,0.11773362680107707,0.11788079383457845,0.11788079383457845,0.11788079383457845,0.11920529713609053,0.11920529713609053,0.11802796086807983,0.11714495866707163,0.11346578282953805,0.11420161799704479,0.11567328833205826,0.11640912349956499,0.11699779163357034,0.11699779163357034,0.11699779163357034,0.11714495866707163,0.11773362680107707,0.11788079383457845,0.1184694619685838,0.11920529713609053,0.12097130153810676,0.12214863780611745,0.12214863780611745,0.12214863780611745,0.12214863780611745,0.12214863780611745,0.12523914550964577,0.1259749806771525,0.12671081584465924,0.12671081584465924,0.1259749806771525,0.12671081584465924,0.12744665101216596,0.12744665101216596,0.12744665101216596,0.12671081584465924,0.12891832134717934,0.13171449498370497,0.13406916751972656,0.13760117632375882,0.1390728466587723,0.1421633543623006,0.14319352359681,0.14716703350134633,0.15246504670739475,0.15599705551142712,0.15629138957842986,0.15761589287994196,0.1583517280474486,0.1583517280474486,0.15967623134896078,0.15967623134896078,0.15967623134896078,0.16055923354996887,0.15967623134896078,0.15967623134896078,0.1582045610139473,0.15629138957842986,0.15599705551142712,0.15467255220991502,0.15452538517641365,0.15231787967389346,0.1517292115398881,0.14952170603736792,0.14790286866885308,0.14790286866885308,0.14613686426683692,0.1451066950323275,0.14157468622829525,0.13848417852476694,0.13539367082123863,0.13348049938572118,0.12906548838068072,0.1259749806771525,0.11876379603558655,0.11773362680107707,0.11567328833205826,0.11479028613105013,0.11479028613105013,0.11420161799704479,0.11420161799704479,0.11479028613105013,0.11479028613105013,0.1162619564660636,0.11802796086807983,0.12465047737564042,0.12774098507916865,0.1365710070892494,0.14039734996028444,0.15025754120487464,0.15349521594190432,0.15982339838246215,0.16438557642100385,0.17836644460363174,0.19072847541774487,0.20323767326535933,0.22310522278804099,0.2303164074296071,0.24665194814825642,0.2613686514983911,0.2737306823125042,0.28844738566263883,0.298307576907229,0.305077260448291,0.32553347810497807,0.34657836389567076,0.38189845193599375,0.40397350696119566,0.4186902103113303,0.44076526533653226,0.4481236170115996,0.4628403203617342,0.4937453973970171,0.5069904304121381,0.5231788040972863,0.5364238371124074,0.5526122107975556,0.5746872658227576,0.6100073538630806,0.6467991122384171,0.690949222288821,0.7056659256389557,0.7203826289890903,0.7498160356893596,0.7571743873644269,0.7954378160747769,0.8307579041151001,0.8543046294753155,0.8763796845005176,0.9337748275660425,0.9602648935962852,0.992641640966581,0.9999999926416483,0.9941133113015945,0.9793966079514599,0.9484915309161771,0.935246497901056,0.9102281022058277,0.8690213328254502,0.8322295744501137,0.768947750044535,0.7365710026742384,0.699779244298902,0.6541574639134845,0.6055923428580405,0.5732155954877439,0.5143487820872055,0.4863870457219498,0.4289919026564249,0.3612950672458054,0.343340689158641,0.3012509175772559,0.27873436145154995,0.2584253108283642,0.22531272829056126,0.211184693074432,0.20323767326535933,0.18395879187668293,0.1692420885265483,0.16335540718649444,0.15776305991344325,0.14584253019983426,0.13922001369227366,0.12671081584465924,0.12450331034213903,0.11935246416959192,0.11066960919301243,0.1022810882834357,0.09506990364186976,0.08918322230181591,0.08535687943078088,0.08020603325823375,0.07225901344916108,0.06931567277913415,0.06916850574563278,0.06916850574563278,0.06769683541061931,0.06696100024311258,0.06416482660658704,0.05886681340053854,0.05401030129499417,0.051066960624967246,0.04400294301690261,0.04120676938037697,0.03899926387785678,0.03532008804032312,0.028697571532762534,0.024429727561223524,0.0214863868911966,0.020161883589684515,0.013980868182627901,0.010448859378595623,0.010448859378595623,0.009713024211088892,0.00897718904358216,0.006033848373555233,0.0023546725360215747,0.0001471670335013798,0.0,0.0001471670335013798,0.0023546725360215747,0.0029433406700269268,0.0038263428710350383,0.005150846172547121,0.005150846172547121,0.0058866813400538535,0.0058866813400538535,0.005150846172547121,0.005150846172547121,0.0038263428710350383,0.0036791758375336586,0.0030905077035283065,0.0030905077035283065,0.0030905077035283065,0.00456217803854177,0.0058866813400538535,0.008241353876075427,0.012067696747110467,0.015452538517641366,0.01854304622116967,0.019131714355175022,0.019278881388676405,0.0214863868911966,0.02310522425971144,0.025018395695228877,0.027373068231250453,0.031935246269792224,0.03458425287281639,0.038263428710350045,0.04503311225141201,0.05077262655796449,0.05459896942899952,0.0581309782330318,0.0581309782330318,0.0581309782330318,0.060338483735552,0.06048565076905338,0.06181015407056546,0.0634289914390803,0.06710816727661396,0.0687270046451288,0.07225901344916108,0.07593818928669474,0.07947019809072702,0.08329654096176206,0.08918322230181591,0.09300956517285086,0.0956585717758752,0.10080941794842224,0.10242825531693708,0.10537159598696393,0.10846210369049232,0.11125827732701778,0.11111111029351649,0.11111111029351649,0.11184694546102321,0.11405445096354341,0.11420161799704479,0.11479028613105013,0.11479028613105013,0.11479028613105013,0.11479028613105013,0.11567328833205826,0.11788079383457845,0.11935246416959192,0.12082413450460537,0.12303164000712549,0.1237674751746323,0.12582781364365112,0.1280353191461713,0.13245033015121171,0.13848417852476694,0.14245768842930326,0.14878587086986117,0.14937453900386652,0.14937453900386652,0.14937453900386652,0.14937453900386652,0.14952170603736792,0.15084620933888,0.15099337637238136,0.1517292115398881,0.15305371484140018,0.15467255220991502,0.15629138957842986,0.16114790168397425,0.16114790168397425,0.16409124235400116,0.1679175852250362,0.169977923694055,0.17144959402906848,0.17306843139758332,0.17439293469909542,0.17512876986660214,0.17807211053662905,0.18027961603914927,0.18116261824015736,0.18189845340766403,0.18116261824015736,0.18116261824015736,0.181015451206656,0.18042678307265064,0.17954378087164252,0.17807211053662905,0.1754231039336048,0.17439293469909542,0.1721854291965752,0.1701250907275563,0.16850625335904154,0.16306107311949175,0.15791022694694462,0.14952170603736792,0.1465783653673409,0.14495952799882614,0.14231052139580197,0.14069168402728705,0.1399558488597804,0.1390728466587723,0.13833701149126557,0.13760117632375882,0.13760117632375882,0.13539367082123863,0.1346578356537319,0.13348049938572118,0.13171449498370497,0.13097865981619825,0.12891832134717934,0.1280353191461713,0.12523914550964577,0.12450331034213903,0.12362030814113092,0.12244297187312013,0.1215599696721121,0.12008829933709864,0.1184694619685838,0.11773362680107707,0.11699779163357034,0.11582045536555963,0.11582045536555963,0.11582045536555963,0.11582045536555963,0.11699779163357034,0.11714495866707163,0.11773362680107707,0.11699779163357034,0.11582045536555963,0.11493745316455152
9382000,0.6811383052396406,0.7010671166782089,0.7010671166782089,0.7010671166782089,0.7010671166782089,0.7010671166782089,0.7010671166782089,0.7010671166782089,0.7010671166782089,0.7010671166782089,0.7010671166782089,0.7010671166782089,0.7081845493348403,0.7153019819914719,0.7295368473047351,0.7508891452746297,0.7651240105878929,0.7722414432445245,0.7722414432445245,0.7736649297758507,0.7793588759011559,0.8007111738710507,0.8220634718409453,0.8362983371542085,0.8434157698108401,0.8434157698108401,0.8434157698108401,0.8434157698108401,0.8434157698108401,0.8505332024674715,0.8576506351241031,0.8590741216554296,0.8790029330939979,0.8875438522819556,0.9003552310638926,0.9088961502518506,0.9145900963771557,0.9160135829084822,0.9444833135350084,0.9587181788482717,0.9715295576302082,0.9786469902868397,0.9800704768181662,0.9857644229434713,0.9857644229434713,0.9857644229434713,0.9857644229434713,0.9857644229434713,0.9857644229434713,0.9857644229434713,0.9857644229434713,0.9857644229434713,0.9857644229434713,0.992881855600103,0.992881855600103,0.9999992882567343,0.9999992882567343,0.9871879094747978,0.9857644229434713,0.9857644229434713,0.9857644229434713,0.9857644229434713,0.9857644229434713,0.9857644229434713,0.9715295576302082,0.9644121249735765,0.9644121249735765,0.9501772596603135,0.9373658808783767,0.9217075290337874,0.9145900963771557,0.9145900963771557,0.9145900963771557,0.9003552310638926,0.8733089869686927,0.8505332024674715,0.8434157698108401,0.8434157698108401,0.829180904497577,0.8149460391843137,0.8007111738710507,0.7722414432445245,0.7722414432445245,0.7722414432445245,0.7523126318059562,0.7153019819914719,0.7010671166782089,0.6939496840215773,0.6298927901118933,0.6298927901118933,0.5943056268287353,0.5587184635455775,0.5302487329190513,0.48754413697926197,0.4775797312599777,0.4371527137703105,0.41636981041294635,0.40270433971221387,0.38790007978642005,0.3665477818165255,0.3434873000090392,0.32398553452986867,0.29537345525020986,0.2799998007118856,0.2600709892733173,0.24740195914451318,0.23729520477209634,0.21708169602726266,0.20284683071399953,0.19572939805736797,0.18505324907242068,0.17437710008747326,0.16014223477421016,0.15359419673010916,0.14590736946094704,0.13822054219178492,0.1316725041476839,0.12512446610358297,0.11743763883442077,0.11032020617778923,0.10320277352115763,0.09978640584597448,0.0960853408645261,0.09138783531114927,0.08896790820789456,0.08185047555126296,0.08185047555126296,0.07999994306053876,0.07473304289463142,0.07473304289463142,0.07473304289463142,0.07202841848511148,0.06761561023799982,0.06761561023799982,0.06761561023799982,0.06761561023799982,0.06192166411269456,0.06049817758136828,0.06049817758136828,0.053523093577869364,0.05338074492473671,0.05338074492473671,0.049822028596420945,0.04626331226810514,0.04626331226810514,0.042704595939789376,0.03914587961147361,0.03914587961147361,0.03914587961147361,0.03857648499894308,0.0341636767518315,0.03202844695484204,0.03202844695484204,0.03202844695484204,0.03202844695484204,0.029181473892189412,0.026334500829536787,0.024911014298210472,0.024911014298210472,0.022206389888690524,0.019359416826037864,0.017793581641578904,0.017793581641578904,0.015088957232058924,0.010676148984947337,0.010676148984947337,0.010676148984947337,0.010106754372416812,0.006405689390968427,0.0037010649814484156,0.0035587163283158,0.0035587163283158,0.0035587163283158,0.0035587163283158,0.0035587163283158,0.0035587163283158,0.0035587163283158,0.0028469730626526275,0.0021352297969894863,0.0021352297969894863,0.0008540919187958198,0.00014234865313264715,0.0,0.00014234865313264715,0.0008540919187958198,0.0021352297969894863,0.0029893217157852744,0.0035587163283158,0.0035587163283158,0.0035587163283158,0.0035587163283158,0.0035587163283158,0.0035587163283158,0.0035587163283158,0.007259781309764184,0.010676148984947337,0.010676148984947337,0.010676148984947337,0.01722418702904841,0.017793581641578904,0.018505324907242077,0.024911014298210472,0.025622757563873614,0.03202844695484204,0.03202844695484204,0.03914587961147361,0.04626331226810514,0.05992878296883776,0.06049817758136828,0.0741636482821009,0.07900350248861032,0.08896790820789456,0.0960853408645261,0.10320277352115763,0.11544475769056389,0.11743763883442077,0.11743763883442077,0.12056930920333869,0.12341628226599131,0.12854083377876604,0.1316725041476839,0.1316725041476839,0.1316725041476839,0.1316725041476839,0.1316725041476839,0.1316725041476839,0.1316725041476839,0.1316725041476839,0.1316725041476839,0.12854083377876604,0.12455507149105237,0.12185044708153235,0.11829173075321658,0.11743763883442077,0.11757998748755338,0.11743763883442077,0.11743763883442077,0.11743763883442077,0.11743763883442077,0.11743763883442077,0.11743763883442077,0.11558710634369657,0.1120283900153808,0.11060490348405452,0.11032020617778923,0.11032020617778923,0.11032020617778923,0.11032020617778923,0.11032020617778923,0.11032020617778923,0.11046255483092185,0.11032020617778923,0.11032020617778923,0.11032020617778923,0.11032020617778923,0.11032020617778923,0.10846967368706503,0.1074732331151366,0.1074732331151366,0.1097508115652587,0.11032020617778923,0.11046255483092185,0.11516006038429873,0.11829173075321658,0.11971521728454286,0.12113870381586915,0.12455507149105237,0.12455507149105237,0.12455507149105237,0.1252668147567155,0.12683264994117446,0.1316725041476839,0.1316725041476839,0.1316725041476839,0.13323833933214285,0.13878993680431545,0.14391448831709022,0.14590736946094704,0.14590736946094704,0.15302480211757857,0.1580070049772207,0.16384329975565867,0.1718148243310859,0.18149453274410485,0.20071160091701004,0.21750874198666056,0.23131656134052578,0.24284680224426886,0.2526688593104205,0.2633450082953678,0.2683272111550099,0.2740211572803151,0.28854071989984353,0.3010674013755151,0.3121705963198604,0.32412788318300134,0.33537342678047916,0.34519548384663074,0.36256201952881173,0.4021349450996833,0.43188581360440315,0.45907440635273566,0.4804267043226304,0.48754413697926197,0.5231313002624197,0.5587184635455775,0.5587184635455775,0.5587184635455775,0.5729533288588406,0.6170814113299565,0.6298927901118933,0.6298927901118933,0.6583625207384195,0.6797148187083141,0.6882557378962721,0.7010671166782089,0.7010671166782089,0.7010671166782089,0.7010671166782089,0.7081845493348403,0.7224194146481036,0.7380777664926929,0.7580065779312614,0.7594300644625878,0.7722414432445245,0.7722414432445245,0.7722414432445245,0.7722414432445245,0.7722414432445245,0.7722414432445245,0.7722414432445245,0.7722414432445245,0.7722414432445245,0.7722414432445245,0.7722414432445245,0.7722414432445245,0.7722414432445245,0.7722414432445245,0.7722414432445245,0.7651240105878929,0.7508891452746297,0.7366542799613667,0.7224194146481036,0.7096080358661666,0.7010671166782089,0.7010671166782089,0.7010671166782089,0.7010671166782089,0.7010671166782089,0.7010671166782089,0.6740208725830088,0.6512450880817879,0.6441276554251563,0.6298927901118933,0.6298927901118933,0.6298927901118933,0.6298927901118933,0.6298927901118933,0.6298927901118933,0.6298927901118933,0.6298927901118933,0.6298927901118933,0.6298927901118933,0.6298927901118933,0.6113874652046514,0.6085404921419985
9386900,0.2468983396086658,0.2468983396086658,0.2468983396086658,0.2468983396086658,0.2468983396086658,0.2468983396086658,0.2468983396086658,0.2468983396086658,0.2468983396086658,0.2468983396086658,0.2468983396086658,0.2468983396086658,0.2468983396086658,0.2468983396086658,0.2468983396086658,0.2468983396086658,0.2468983396086658,0.2468983396086658,0.2468983396086658,0.3086229245108323,0.3086229245108323,0.3086229245108323,0.3086229245108323,0.3086229245108323,0.3086229245108323,0.3086229245108323,0.3086229245108323,0.3086229245108323,0.3086229245108323,0.3086229245108323,0.3086229245108323,0.3086229245108323,0.3086229245108323,0.3086229245108323,0.3086229245108323,0.3086229245108323,0.3086229245108323,0.3086229245108323,0.3086229245108323,0.3086229245108323,0.3086229245108323,0.3086229245108323,0.3086229245108323,0.32096784149126617,0.3703475094129987,0.3703475094129987,0.3703475094129987,0.3703475094129987,0.3703475094129987,0.3703475094129987,0.4320720943151652,0.4320720943151652,0.44441701129559913,0.4937966792173316,0.4937966792173316,0.4937966792173316,0.5555212641194981,0.5555212641194981,0.6172458490216646,0.6172458490216646,0.6295907660020985,0.6789704339238309,0.7406950188259974,0.7530399358064314,0.8024196037281639,0.8641441886303304,0.8764891056107642,0.9258687735324967,0.9258687735324967,0.9875933584346632,0.9875933584346632,0.9875933584346632,0.9875933584346632,0.9999382754150977,0.9875933584346632,0.9875933584346632,0.9382136905129308,0.9258687735324967,0.9258687735324967,0.8764891056107642,0.8641441886303304,0.8024196037281639,0.7406950188259974,0.7406950188259974,0.7406950188259974,0.7406950188259974,0.7406950188259974,0.6789704339238309,0.6789704339238309,0.6789704339238309,0.6789704339238309,0.6789704339238309,0.6172458490216646,0.6172458490216646,0.6172458490216646,0.6172458490216646,0.5555212641194981,0.5555212641194981,0.4937966792173316,0.4320720943151652,0.4320720943151652,0.4320720943151652,0.4320720943151652,0.4320720943151652,0.4320720943151652,0.4320720943151652,0.3703475094129987,0.3703475094129987,0.3703475094129987,0.3703475094129987,0.3703475094129987,0.3703475094129987,0.3703475094129987,0.3703475094129987,0.3703475094129987,0.3703475094129987,0.3703475094129987,0.3703475094129987,0.3703475094129987,0.3703475094129987,0.3703475094129987,0.3703475094129987,0.3703475094129987,0.3703475094129987,0.3703475094129987,0.3703475094129987,0.3703475094129987,0.3703475094129987,0.3703475094129987,0.3086229245108323,0.3086229245108323,0.3086229245108323,0.3086229245108323,0.2468983396086658,0.2468983396086658,0.2468983396086658,0.2468983396086658,0.2468983396086658,0.2468983396086658,0.18517375470649935,0.18517375470649935,0.18517375470649935,0.18517375470649935,0.18517375470649935,0.18517375470649935,0.18517375470649935,0.1234491698043329,0.1234491698043329,0.1234491698043329,0.1234491698043329,0.1234491698043329,0.1234491698043329,0.1234491698043329,0.1234491698043329,0.1234491698043329,0.06172458490216645,0.06172458490216645,0.06172458490216645,0.06172458490216645,0.06172458490216645,0.06172458490216645,0.06172458490216645,0.06172458490216645,0.06172458490216645,0.06172458490216645,0.06172458490216645,0.06172458490216645,0.06172458490216645,0.06172458490216645,0.06172458490216645,0.06172458490216645,0.06172458490216645,0.06172458490216645,0.06172458490216645,0.06172458490216645,0.06172458490216645,0.06172458490216645,0.06172458490216645,0.06172458490216645,0.06172458490216645,0.06172458490216645,0.06172458490216645,0.06172458490216645,0.06172458490216645,0.0,0.0,0.0,0.0,0.012344916980433907,0.012344916980433907,0.06172458490216645,0.06172458490216645,0.06172458490216645,0.06172458490216645,0.06172458490216645,0.06172458490216645,0.06172458490216645,0.06172458490216645,0.06172458490216645,0.06172458490216645,0.06172458490216645,0.06172458490216645,0.06172458490216645,0.06172458490216645,0.06172458490216645,0.06172458490216645,0.06172458490216645,0.1234491698043329,0.1234491698043329,0.1234491698043329,0.1234491698043329,0.1234491698043329,0.1234491698043329,0.1234491698043329,0.1234491698043329,0.1234491698043329,0.18517375470649935,0.18517375470649935,0.18517375470649935,0.18517375470649935,0.18517375470649935,0.18517375470649935,0.18517375470649935,0.18517375470649935,0.18517375470649935,0.18517375470649935,0.18517375470649935,0.18517375470649935,0.18517375470649935,0.18517375470649935,0.18517375470649935,0.18517375470649935,0.18517375470649935,0.18517375470649935,0.13579408678476682,0.1234491698043329,0.1234491698043329,0.1234491698043329,0.1234491698043329,0.1234491698043329,0.1234491698043329,0.1234491698043329,0.1234491698043329,0.1234491698043329,0.1234491698043329,0.1234491698043329,0.1234491698043329,0.1234491698043329,0.1234491698043329,0.1234491698043329,0.1234491698043329,0.1234491698043329,0.1234491698043329,0.1234491698043329,0.1234491698043329,0.1234491698043329,0.1234491698043329,0.1234491698043329,0.1234491698043329,0.06172458490216645,0.06172458490216645,0.06172458490216645,0.06172458490216645,0.06172458490216645,0.06172458490216645,0.06172458490216645,0.06172458490216645,0.06172458490216645,0.07406950188260036,0.1234491698043329,0.1234491698043329,0.1234491698043329,0.1234491698043329,0.1234491698043329,0.1234491698043329,0.1234491698043329,0.18517375470649935,0.18517375470649935,0.18517375470649935,0.18517375470649935,0.18517375470649935,0.18517375470649935,0.18517375470649935,0.18517375470649935,0.18517375470649935,0.18517375470649935,0.18517375470649935,0.18517375470649935,0.18517375470649935,0.18517375470649935,0.18517375470649935,0.1234491698043329,0.1234491698043329,0.1234491698043329,0.1234491698043329,0.1234491698043329,0.1234491698043329,0.1234491698043329,0.1234491698043329,0.1234491698043329,0.1234491698043329,0.1234491698043329,0.1234491698043329,0.1234491698043329,0.1234491698043329,0.1234491698043329,0.1234491698043329,0.1234491698043329,0.1234491698043329,0.1234491698043329,0.1234491698043329,0.1234491698043329,0.1234491698043329,0.1234491698043329,0.1234491698043329,0.07406950188260036,0.07406950188260036,0.1234491698043329,0.1234491698043329,0.1234491698043329,0.1234491698043329,0.1234491698043329,0.1234491698043329,0.1234491698043329,0.1234491698043329,0.1234491698043329,0.1234491698043329,0.1234491698043329,0.1234491698043329,0.1234491698043329,0.1234491698043329,0.1234491698043329,0.1234491698043329,0.1234491698043329,0.1234491698043329,0.1234491698043329,0.1234491698043329,0.1234491698043329,0.1234491698043329,0.18517375470649935,0.18517375470649935,0.18517375470649935,0.18517375470649935,0.18517375470649935,0.18517375470649935,0.18517375470649935,0.18517375470649935,0.18517375470649935,0.18517375470649935,0.18517375470649935,0.18517375470649935,0.18517375470649935,0.18517375470649935,0.18517375470649935,0.18517375470649935,0.18517375470649935,0.18517375470649935,0.18517375470649935,0.18517375470649935,0.18517375470649935,0.18517375470649935,0.18517375470649935,0.18517375470649935,0.18517375470649935,0.18517375470649935,0.18517375470649935
9386950,0.0,0.0,0.0,0.0,0.0,0.0,0.0,0.0,0.0,0.0,0.0,0.0,0.0,0.0,0.0,0.0,0.0,0.0,0.0,0.0,0.0,0.0,0.0,0.06666222251849876,0.07999466702219919,0.13332444503699753,0.1999866675554963,0.26664889007399506,0.33331111259249385,0.3999733351109926,0.3999733351109926,0.5332977801479901,0.6132924471701893,0.7332844477034864,0.7332844477034864,0.7466168922071869,0.7999466702219852,0.866608892740484,0.866608892740484,0.8799413372441843,0.9332711152589828,0.9332711152589828,0.9466035597626831,0.9999333377774814,0.9999333377774814,0.9999333377774814,0.9999333377774814,0.9999333377774814,0.9999333377774814,0.9999333377774814,0.9999333377774814,0.9999333377774814,0.9332711152589828,0.8799413372441843,0.8132791147256856,0.7332844477034864,0.6666222251849877,0.6132924471701893,0.5466302246516905,0.3999733351109926,0.2799813345776955,0.1999866675554963,0.06666222251849876,0.0,0.0,0.0,0.0,0.0,0.0,0.0,0.0,0.0,0.0,0.0,0.0,0.0,0.0,0.0,0.0,0.0,0.0,0.0,0.0,0.0,0.0,0.0,0.0,0.0,0.0,0.0,0.0,0.0,0.0,0.0,0.0,0.0,0.0,0.0,0.0,0.0,0.0,0.0,0.0,0.0,0.0,0.0,0.0,0.0,0.0,0.0,0.0,0.0,0.0,0.0,0.0,0.0,0.0,0.0,0.0,0.0,0.0,0.0,0.0,0.0,0.0,0.0,0.0,0.0,0.0,0.0,0.0,0.0,0.0,0.0,0.0,0.0,0.0,0.0,0.0,0.0,0.0,0.0,0.0,0.0,0.0,0.0,0.0,0.0,0.0,0.0,0.0,0.0,0.0,0.0,0.0,0.0,0.0,0.0,0.0,0.0,0.0,0.0,0.0,0.0,0.0,0.0,0.0,0.0,0.0,0.0,0.0,0.0,0.0,0.0,0.0,0.0,0.0,0.0,0.0,0.0,0.0,0.0,0.0,0.0,0.0,0.0,0.0,0.0,0.0,0.0,0.0,0.0,0.0,0.0,0.0,0.0,0.0,0.0,0.0,0.0,0.0,0.0,0.0,0.0,0.0,0.0,0.0,0.0,0.0,0.0,0.0,0.0,0.0,0.0,0.0,0.0,0.0,0.0,0.0,0.0,0.0,0.0,0.0,0.0,0.0,0.0,0.0,0.0,0.0,0.0,0.0,0.0,0.0,0.0,0.0,0.0,0.0,0.0,0.0,0.0,0.0,0.0,0.0,0.0,0.0,0.0,0.0,0.0,0.0,0.0,0.0,0.0,0.0,0.0,0.0,0.0,0.0,0.0,0.0,0.0,0.0,0.0,0.0,0.0,0.0,0.0,0.0,0.0,0.0,0.0,0.0,0.0,0.0,0.0,0.0,0.0,0.0,0.0,0.0,0.0,0.0,0.0,0.0,0.0,0.0,0.0,0.0,0.0,0.0,0.0,0.0,0.0,0.0,0.0,0.0,0.0,0.0,0.0,0.0,0.0,0.0,0.0,0.0,0.0,0.0,0.0,0.0,0.0,0.0,0.0,0.0,0.0,0.0,0.0,0.0,0.0,0.0,0.0,0.0,0.0,0.0,0.0,0.0,0.0,0.0,0.0,0.0,0.0,0.0,0.0,0.0,0.0,0.0,0.0,0.0,0.0,0.0,0.0,0.0,0.0,0.0,0.0,0.0,0.0,0.0,0.0,0.0,0.0,0.0,0.0,0.0,0.0,0.0,0.0,0.0,0.0,0.0,0.0,0.0,0.0,0.0,0.0,0.0,0.0,0.0,0.0
9390500,0.17581399736707815,0.17581399736707815,0.17581399736707815,0.17581399736707815,0.18095977289977316,0.18867843619881558,0.18867843619881558,0.18867843619881558,0.1929665824760614,0.1972547287533072,0.20154287503055301,0.21011916758504465,0.21526494311773978,0.22727175269402788,0.2358480452485195,0.25300063035750275,0.26243455216744366,0.2958820931299609,0.2958820931299609,0.2958820931299609,0.2958820931299609,0.2958820931299609,0.2958820931299609,0.3044583856844525,0.31303467823894443,0.3387635559024189,0.3387635559024189,0.34305170217966474,0.37392635537583474,0.38164501867487705,0.3867907942075722,0.39965523303930955,0.41595018889284346,0.4339604032572759,0.4502553591108103,0.5060012607150055,0.5102894069922513,0.5102894069922513,0.5102894069922513,0.5137199240140481,0.5497403527429128,0.5531708697647093,0.5874760399826758,0.5986252203035152,0.6183506931788458,0.6440795708423205,0.6818152580820837,0.6818152580820837,0.6818152580820837,0.6852457751038806,0.714405169789152,0.7246967208545417,0.7246967208545417,0.7264119793654402,0.7675781836269999,0.7675781836269999,0.7967375783122712,0.8104596463994578,0.8104596463994578,0.8216088267202972,0.8430495581065264,0.853341109171916,0.8619174017264075,0.8764970990690435,0.8962225719443739,0.8962225719443739,0.9099446400315606,0.9228090788632981,0.9391040347168321,0.957971878336714,0.9828431267447393,0.9888465315328837,0.9999957118537227,0.9888465315328837,0.9819854974892902,0.9416769224831799,0.9193785618415015,0.917663303330603,0.8962225719443739,0.8198935682093987,0.7967375783122712,0.7675781836269999,0.7246967208545417,0.6955373261692702,0.6689508192503462,0.6389337953096255,0.5960523325371675,0.5788997474281842,0.5531708697647093,0.5531708697647093,0.5368759139111753,0.5120046655031497,0.4939944511387174,0.47769949528518324,0.4639774271979966,0.4288146277245809,0.42452648144733507,0.38336027718577553,0.38164501867487705,0.3473398484569105,0.3387635559024189,0.3387635559024189,0.3387635559024189,0.3344754096251731,0.32246860004888483,0.3138923074943932,0.31303467823894404,0.2958820931299609,0.2958820931299609,0.2924515761081643,0.2787295080209776,0.2658650691892402,0.2572887766347486,0.2452819670584604,0.24442433780301112,0.24099382078121456,0.24013619152576532,0.24013619152576532,0.2358480452485195,0.23241752822672296,0.22812938194947704,0.22727175269402788,0.22727175269402788,0.22727175269402788,0.22727175269402788,0.22727175269402788,0.2169802016286382,0.20240050428600223,0.19811235800875646,0.1972547287533072,0.18867843619881558,0.18095977289977316,0.17667162662252736,0.17152585108983237,0.17152585108983237,0.16809533406803578,0.17152585108983237,0.16809533406803578,0.16723770481258657,0.16294955853534077,0.16294955853534077,0.16294955853534077,0.16723770481258657,0.16723770481258657,0.17152585108983237,0.17667162662252736,0.18439028992156978,0.18867843619881558,0.18867843619881558,0.18867843619881558,0.18867843619881558,0.1938242117315106,0.20154287503055301,0.20583102130779884,0.21440731386229045,0.21869546013953625,0.2195530893949855,0.2315598989712737,0.24099382078121456,0.2495701133357062,0.25300063035750275,0.2572887766347486,0.2658650691892402,0.2744413617437318,0.2787295080209776,0.28301765429822345,0.2881634298309185,0.2924515761081643,0.30017023940720666,0.31303467823894404,0.318180453771639,0.3267567463261307,0.3301872633479273,0.3353330388806223,0.3387635559024189,0.3387635559024189,0.33962118515786816,0.3387635559024189,0.34305170217966474,0.3481974777123598,0.3524856239896056,0.3524856239896056,0.3524856239896056,0.3559161410114022,0.3481974777123598,0.34305170217966474,0.3387635559024189,0.3387635559024189,0.3301872633479273,0.3267567463261307,0.3267567463261307,0.3301872633479273,0.33104489260337655,0.3344754096251731,0.3353330388806223,0.3387635559024189,0.3387635559024189,0.33962118515786816,0.3524856239896056,0.36535006282134297,0.37478398463128393,0.38164501867487705,0.38164501867487705,0.38164501867487705,0.38164501867487705,0.38164501867487705,0.38164501867487705,0.3962247160175129,0.4176654474037418,0.42452648144733507,0.43910617878997094,0.4459672128335641,0.4511129883662592,0.4554011346435049,0.4631197979425474,0.4631197979425474,0.4674079442197932,0.4674079442197932,0.4674079442197932,0.4674079442197932,0.4674079442197932,0.4631197979425474,0.4631197979425474,0.4631197979425474,0.4639774271979966,0.4674079442197932,0.4674079442197932,0.46826557347524245,0.4674079442197932,0.4674079442197932,0.4674079442197932,0.4674079442197932,0.4674079442197932,0.4674079442197932,0.4674079442197932,0.45968928092075084,0.45883165166530154,0.44768247134446265,0.42967225698003003,0.42452648144733507,0.412519671871047,0.39965523303930955,0.3825026479303262,0.38164501867487705,0.38164501867487705,0.37478398463128393,0.3687805798431396,0.3687805798431396,0.37478398463128393,0.37392635537583474,0.37392635537583474,0.36963820909858874,0.3687805798431396,0.36106191654409725,0.36020428728864795,0.36020428728864795,0.33962118515786816,0.3387635559024189,0.3044583856844525,0.2958820931299609,0.28730580057546923,0.2787295080209776,0.2710108447219354,0.25300063035750275,0.2495701133357062,0.24871248408025695,0.24099382078121456,0.24013619152576532,0.2315598989712737,0.22812938194947704,0.22298360641678205,0.2195530893949855,0.21011916758504465,0.20583102130779884,0.20583102130779884,0.20154287503055301,0.20154287503055301,0.1929665824760614,0.1929665824760614,0.18439028992156978,0.18010214364432395,0.17581399736707815,0.17581399736707815,0.16809533406803578,0.16723770481258657,0.16380718779079,0.15866141225809494,0.15866141225809494,0.15866141225809494,0.15437326598084913,0.15437326598084913,0.15008511970360333,0.15008511970360333,0.14236645640456094,0.1372206808718659,0.13293253459462007,0.12435624204012845,0.11234943246384027,0.10720365693114524,0.10291551065389944,0.09862736437665362,0.09005107182216199,0.09005107182216199,0.08147477926767037,0.07718663299042455,0.06861034043593293,0.05574590160419554,0.04802723830515317,0.0428814627724581,0.0428814627724581,0.03859331649521229,0.034305170217966474,0.030017023940720665,0.022298360641678297,0.012864438831737438,0.008576292554491625,0.004288146277245813,0.0,0.0,0.0,0.0,0.0,0.0,0.0,0.0,0.0,0.0,0.0,0.0,0.0,0.0,0.004288146277245813,0.004288146277245813,0.008576292554491625,0.012864438831737438,0.012864438831737438,0.012864438831737438,0.012864438831737438,0.01715258510898325,0.01715258510898325,0.01715258510898325,0.01715258510898325,0.018010214364432484,0.021440731386229064,0.025728877663474852,0.030017023940720665,0.034305170217966474,0.0428814627724581,0.051457755326949725,0.05574590160419554,0.0566035308596448,0.06861034043593293,0.06861034043593293,0.06946796969138219,0.07289848671317874,0.08147477926767037,0.08147477926767037,0.08662055480036544,0.0943392180994078,0.10291551065389944,0.11149180320839105,0.11234943246384027,0.11577994948563687,0.11577994948563687,0.12006809576288263,0.12435624204012845
9394500,0.4939378971578874,0.4939378971578874,0.4939378971578874,0.4939378971578874,0.4939378971578874,0.4939378971578874,0.4939378971578874,0.4939378971578874,0.4939378971578874,0.4939378971578874,0.4939378971578874,0.4939378971578874,0.4939378971578874,0.4939378971578874,0.4939378971578874,0.4939378971578874,0.4939378971578874,0.4939378971578874,0.4884833682322176,0.48787730946269864,0.4854530743846232,0.4824227805370288,0.4793924866894344,0.47636219284184006,0.47575613407232104,0.4678773700685757,0.4581804297562735,0.43030172635840497,0.4278774912803294,0.41757449219850873,0.4169684334289898,0.415150257120433,0.41030178696428204,0.40363514049957433,0.3890897300311213,0.3733322020236303,0.3703019081760359,0.36363526171132815,0.3503019687819129,0.34848379247335615,0.34848379247335615,0.34848379247335615,0.3503019687819128,0.34848379247335615,0.34848379247335615,0.34545349862576175,0.34242320477816734,0.3387868521610541,0.3351504995439409,0.3375747346220163,0.339392910930573,0.339392910930573,0.3357565583134597,0.3333323232353842,0.3333323232353842,0.3309080881573087,0.30908997245462894,0.30302938475944013,0.30302938475944013,0.30302938475944013,0.29696879706425133,0.29393850321665693,0.2842415629043548,0.2727264462834961,0.2696961524359017,0.2636355647407129,0.2606052708931185,0.25272650688937315,0.24545380165514652,0.23939321395995772,0.23333262626476892,0.23030233241717452,0.22121145087439129,0.21212056933160808,0.1999993939412305,0.19393880624604168,0.18787821855085288,0.17878733700806967,0.16363586777009767,0.15757528007490887,0.14848439853212567,0.14242381083693686,0.13939351698934246,0.13636322314174806,0.13030263544655926,0.12727234159896486,0.12121175390377606,0.12121175390377606,0.11818146005618166,0.11515116620858726,0.11212087236099284,0.10909057851339844,0.10606028466580404,0.10302999081820965,0.09999969697061525,0.09696940312302084,0.09393910927542644,0.09393910927542644,0.09090881542783204,0.08787852158023764,0.08484822773264325,0.08484822773264325,0.07878764003745443,0.07878764003745443,0.07575734618986003,0.07575734618986003,0.07272705234226563,0.07272705234226563,0.06969675849467123,0.06969675849467123,0.07090887603370899,0.06969675849467123,0.06969675849467123,0.06666646464707683,0.06363617079948243,0.06060587695188803,0.06060587695188803,0.06060587695188803,0.05999981818236917,0.05757558310429363,0.05757558310429363,0.05757558310429363,0.05757558310429363,0.05757558310429363,0.05757558310429363,0.05757558310429363,0.05454528925669922,0.05151499540910483,0.05151499540910483,0.04848470156151042,0.04848470156151042,0.04545440771391602,0.04545440771391602,0.04545440771391602,0.03939382001872722,0.036363526171132816,0.036363526171132816,0.033333232323538416,0.030302938475944015,0.02727264462834961,0.02424235078075521,0.02303023324171751,0.018181763085566408,0.015151469237972007,0.015151469237972007,0.012121175390377605,0.012121175390377605,0.010302999081820965,0.009090881542783204,0.009090881542783204,0.0060605876951888024,0.0030302938475944012,0.0030302938475944012,0.0,0.0,0.0,0.0,0.0,0.0,0.0,0.0,0.0,0.0,0.0,0.0,0.0,0.0,0.0,0.0,0.0,0.0,0.0,0.0,0.0,0.0,0.0,0.0,0.0,0.0,0.0,0.0,0.0,0.0,0.0,0.0,0.0,0.0,0.0,0.0,0.0,0.0030302938475944012,0.0060605876951888024,0.018181763085566408,0.030302938475944015,0.05454528925669922,0.07333311111178455,0.09696940312302084,0.13636322314174806,0.17878733700806967,0.2030296877888249,0.26181738843215635,0.3006051496813647,0.36363526171132815,0.4169684334289898,0.42424113866321617,0.47999854545895326,0.49757424977500064,0.5454528925669923,0.5757558310429363,0.6060587695188803,0.638179884303381,0.6896948797124857,0.7224220532665053,0.7363614049654396,0.7575734618986003,0.7581795206681191,0.7878764003745444,0.7896945766831012,0.7896945766831012,0.810300574846743,0.831512631779904,0.8787852158023763,0.9090881542783203,0.9181790358211035,0.9393910927542645,0.9503001506056046,0.9393910927542645,0.9393910927542645,0.9393910927542645,0.9393910927542645,0.9393910927542645,0.922421447207736,0.9393910927542645,0.9393910927542645,0.9696940312302085,0.9696940312302085,0.9696940312302085,0.9709061487692464,0.9999969697061524,0.9999969697061524,0.9787849127729921,0.9787849127729921,0.9733303838473218,0.9927242644719259,0.9836333829291429,0.9703000899997273,0.9703000899997273,0.9696940312302085,0.9393910927542645,0.9272699173638871,0.9090881542783203,0.8884821561146786,0.8787852158023763,0.8787852158023763,0.8787852158023763,0.8496943948654703,0.8248459853151962,0.8181793388504884,0.8181793388504884,0.8181793388504884,0.8121187511552996,0.8096945160772241,0.8121187511552996,0.7890885179135821,0.7684825197499402,0.7581795206681191,0.7684825197499402,0.7878764003745444,0.7878764003745444,0.7642401083633079,0.7575734618986003,0.7575734618986003,0.7369674637349585,0.7133311717237223,0.7060584664894956,0.6969675849467123,0.6909069972515235,0.6666646464707684,0.6551495298499097,0.6460586483071264,0.6363617079948243,0.6363617079948243,0.6072708870579182,0.6060587695188803,0.5733315959648607,0.5399983636413225,0.5151499540910482,0.5121196602434538,0.4999984848530762,0.48484701561510424,0.47575613407232104,0.44545319559637697,0.42424113866321617,0.41272602204235753,0.4012109054214989,0.3939382001872722,0.3733322020236303,0.3472716749343185,0.3339383820049031,0.32121114784500654,0.30302938475944013,0.28848397429098704,0.2757567401310905,0.2696961524359017,0.2606052708931185,0.2575749770455241,0.23939321395995772,0.23090839118669343,0.23030233241717452,0.23333262626476892,0.23333262626476892,0.23090839118669343,0.23090839118669343,0.23030233241717452,0.23333262626476892,0.23333262626476892,0.23636292011236332,0.24060533149899557,0.24969621304177875,0.2545446831979297,0.2575749770455241,0.25818103581504304,0.2666658585883073,0.26727191735782624,0.2696961524359017,0.2727264462834961,0.2727264462834961,0.2727264462834961,0.2727264462834961,0.273332505053015,0.2763627989006095,0.28181732782627933,0.29696879706425133,0.30302938475944013,0.3133323838412612,0.32181720661452556,0.32727173554019534,0.3333323232353842,0.3442413810867241,0.3563625564771017,0.36363526171132815,0.37272614325411135,0.37757461341026255,0.3939382001872722,0.4030290817300554,0.4187866097375462,0.4218169035851406,0.42908960881936736,0.43696837282311274,0.44242290174878257,0.44242290174878257,0.44242290174878257,0.44302896051830154,0.44545319559637697,0.4460592543658959,0.44908954821349034,0.44908954821349034,0.45757437098675463,0.4581804297562735,0.46060466483434903,0.46060466483434903,0.46060466483434903,0.46060466483434903,0.46060466483434903,0.46060466483434903,0.4678773700685757
9401260,0.7627086325905399,0.7627086325905399,0.7627086325905399,0.7627086325905399,0.7627086325905399,0.7627086325905399,0.7627086325905399,0.7627086325905399,0.7627086325905399,0.7627086325905399,0.7669459027715985,0.7762678971699274,0.7889797077131031,0.7966067940390082,0.8008440642200668,0.8050813344011254,0.8177931449443011,0.8347422256685353,0.847454036211711,0.847454036211711,0.8483014902479226,0.8728776572980623,0.8940640082033551,0.9076232727827426,0.9160978131448597,0.9279621696518235,0.9321994398328821,0.9321994398328821,0.9364367100139406,0.9449112503760577,0.9449112503760577,0.9491485205571164,0.9576230609192333,0.970334871462409,0.970334871462409,0.9745721416434676,0.9745721416434676,0.9745721416434676,0.9745721416434676,0.9838941360417964,0.9872839521866433,0.9923686764039136,0.9957584925487605,0.9957584925487605,0.9999957627298189,0.9999957627298189,0.9957584925487605,0.9957584925487605,0.9957584925487605,0.9881314062228551,0.9872839521866433,0.9788094118245262,0.9745721416434676,0.9745721416434676,0.9745721416434676,0.9745721416434676,0.9745721416434676,0.9745721416434676,0.970334871462409,0.9635552391727153,0.961860331100292,0.9584705149554451,0.9423688882674229,0.933046893869094,0.9321994398328821,0.9321994398328821,0.9321994398328821,0.9288096236880353,0.9194876292897064,0.9067758187465308,0.8898267380222966,0.8898267380222966,0.8821996516963913,0.8601658467548866,0.847454036211711,0.847454036211711,0.847454036211711,0.847454036211711,0.847454036211711,0.8440642200668641,0.8355896797047471,0.8228778691615714,0.809318604582184,0.8050813344011254,0.8050813344011254,0.7966067940390082,0.7796577133147742,0.7669459027715985,0.7627086325905399,0.7593188164456932,0.7466070059025174,0.7296579251782831,0.7203359307799543,0.6957597637298146,0.6779632289693688,0.6779632289693688,0.6779632289693688,0.6779632289693688,0.6779632289693688,0.6737259587883103,0.6652514184261932,0.6525396078830175,0.6355905271587833,0.6279634408328779,0.6144041762534904,0.6059296358913733,0.5974550955292562,0.5932178253481977,0.5762687446239635,0.5550823937186707,0.5508451235376122,0.5381333129944365,0.5084724217270266,0.5084724217270266,0.5084724217270266,0.47881153045961666,0.46609971991644106,0.4415235528663016,0.4237270181058555,0.4237270181058555,0.4025406672005627,0.3771170461142114,0.34830360888301326,0.3347443443036259,0.31779526357939164,0.29660891267409883,0.2677954754429007,0.24660912453760797,0.22542277363231522,0.21186350905292775,0.20338896869081063,0.19067715814763497,0.1694908072423422,0.15254172651810796,0.12711810543175664,0.10593175452646388,0.0847454036211711,0.06355905271587832,0.04237270181058555,0.021186350905292774,0.004237270181058555,0.0,0.0,0.0,0.0,0.0,0.0,0.0,0.0,0.0,0.0,0.0,0.0,0.0,0.0,0.0,0.0,0.0,0.0,0.0,0.0,0.0,0.0,0.0,0.0,0.0,0.0,0.0,0.0,0.0,0.0,0.0,0.0,0.0,0.0,0.0,0.0,0.0,0.0,0.0,0.0,0.0,0.0,0.0,0.0,0.0,0.0,0.0,0.0,0.0,0.0,0.0,0.0,0.0,0.0,0.0,0.0,0.0,0.0,0.0,0.0,0.0,0.0,0.0,0.0,0.0,0.0,0.0,0.0,0.0,0.0,0.0,0.0,0.0,0.0,0.0,0.0,0.0,0.0,0.0,0.0,0.0,0.0,0.0,0.0,0.0,0.0,0.0,0.0,0.0,0.0,0.0,0.0,0.0,0.0,0.0,0.0,0.0,0.0,0.0,0.0,0.0,0.0,0.0,0.0,0.0,0.0,0.0,0.0,0.0,0.0,0.0,0.0,0.0,0.0,0.0,0.0,0.0,0.0,0.0,0.0,0.0,0.0,0.0,0.0,0.0,0.0,0.0,0.0,0.0,0.0,0.0,0.0,0.0,0.0,0.0,0.0,0.0,0.00847454036211711,0.02542362108635133,0.03813543162952699,0.05084724217270266,0.059321782534819775,0.07288104711420723,0.0847454036211711,0.0847454036211711,0.0847454036211711,0.10169448434540532,0.11440629488858099,0.11864356506963955,0.13559264579387376,0.14830445633704942,0.16610099109749543,0.17033826127855395,0.18220261778551786,0.18643988796657643,0.19491442832869355,0.20338896869081063,0.21779568730640986,0.2372871301392791,0.24576167050139616,0.25084639471866654,0.25932093508078363,0.2711852915877475,0.27627001580501787,0.2889818263481936,0.3016936368913692,0.31016817725348633,0.31355799339833307,0.32626980394150873,0.3389816144846844,0.3525408790640718,0.3559306952089186,0.3644052355710357,0.36948995978830607,0.3855915864763285,0.3898288566573871,0.4025406672005627,0.40677793738162127,0.4118626615988916,0.4237270181058555,0.4279642882869141,0.44067609883008974,0.4533879093732654,0.46609971991644106,0.46609971991644106,0.4745742602785582,0.4796589844958284,0.4881335248579455,0.5008453354011213,0.5084724217270266,0.5084724217270266,0.5093198757632383,0.5127096919080851,0.5127096919080851,0.5135571459442969,0.5135571459442969,0.5169469620891437,0.5211842322702023,0.5220316863064141,0.5254215024512608,0.5262689564874726,0.5338960428133779,0.542370583175495,0.5508451235376122,0.5508451235376122,0.5508451235376122,0.5601671179359412,0.5644043881169997,0.5686416582980582,0.5771161986601753,0.5855907390222922,0.5932178253481977,0.5983025495654679,0.6101669060724318,0.6152516302897022,0.6228787166156076,0.6271159867966661,0.6322007110139365,0.6355905271587833,0.6355905271587833,0.6406752513760535,0.6533870619192294,0.6652514184261932,0.6660988724624051,0.6737259587883103
9402000,0.0,0.0,0.0,0.0,0.0,0.0,0.0,0.0,0.0,0.0,0.0,0.0,0.0,0.0,0.0,0.0,0.0,0.0,0.0,0.0,0.0,0.0019999800002000975,0.009999900000999989,0.019999800001999978,0.029999700002999966,0.039999600003999956,0.04999950000499995,0.04999950000499995,0.05199948000520005,0.05999940000599993,0.05999940000599993,0.05999940000599993,0.05999940000599993,0.05999940000599993,0.06199938000620003,0.06999930000699993,0.07199928000720003,0.07999920000799991,0.0919990800092,0.0999990000099999,0.0999990000099999,0.0999990000099999,0.0999990000099999,0.0999990000099999,0.1019989800102,0.1019989800102,0.1019989800102,0.13199868001319995,0.14199858001419996,0.14999850001499984,0.14999850001499984,0.2019979800201999,0.2019979800201999,0.20999790002099977,0.22799772002280036,0.2799972000279997,0.28399716002840003,0.2999970000299997,0.31999680003199965,0.3539964600353999,0.3739962600373999,0.3919960800391998,0.4039959600403999,0.41999580004199955,0.4039959600403999,0.3919960800391998,0.3619963800361998,0.2999970000299997,0.28399716002840003,0.2799972000279997,0.2639973600264,0.21999780002199976,0.21999780002199976,0.22799772002280036,0.21999780002199976,0.2019979800201999,0.1999980000199998,0.13399866001340016,0.0999990000099999,0.0999990000099999,0.0999990000099999,0.08199918000820001,0.06199938000620003,0.05999940000599993,0.04999950000499995,0.04199958000420005,0.029999700002999966,0.019999800001999978,0.009999900000999989,0.0,0.0,0.0,0.0,0.0,0.0,0.0,0.0,0.0,0.0,0.0,0.0,0.0,0.0,0.0,0.0,0.0,0.0,0.0,0.0,0.0,0.0,0.0,0.0,0.0,0.0,0.0,0.0,0.0,0.0,0.0,0.0,0.0,0.0,0.0,0.0,0.0,0.0,0.0,0.0,0.0,0.0,0.0,0.0,0.0,0.0,0.0,0.0,0.0,0.0,0.0,0.0,0.0,0.0,0.0,0.0,0.0,0.0,0.0,0.0,0.0,0.0,0.0,0.0,0.0,0.0,0.0,0.0,0.0,0.0,0.0,0.0,0.0,0.0,0.0,0.0,0.0,0.0,0.0,0.0,0.0,0.0,0.0,0.0,0.0,0.0,0.0,0.0,0.0,0.0,0.0,0.0,0.0,0.0,0.0,0.0,0.0,0.0,0.0,0.0,0.0,0.0,0.0,0.0,0.0,0.0,0.0,0.0,0.0,0.0,0.0,0.0,0.0,0.0,0.0,0.0,0.0,0.0,0.0,0.0,0.0,0.0,0.0,0.0,0.0,0.009999900000999989,0.029999700002999966,0.04999950000499995,0.04999950000499995,0.06199938000620003,0.07999920000799991,0.0999990000099999,0.0999990000099999,0.0999990000099999,0.12399876001240018,0.1739982600174001,0.28999710002899964,0.49999500004999947,0.6759932400675998,0.7039929600703997,0.6999930000699992,0.6999930000699992,0.7039929600703997,0.7039929600703997,0.7199928000719992,0.7959920400796006,0.8739912600874002,0.9299907000929991,0.9919900800991992,0.9999900000999989,0.9999900000999989,0.9999900000999989,0.9999900000999989,0.9999900000999989,0.9999900000999989,0.9299907000929991,0.7959920400796006,0.46799532004680017,0.3739962600373999,0.26999730002699973,0.23999760002399972,0.23199768002319984,0.19199808001919988,0.16399836001640014,0.13999860001399986,0.10999890001099988,0.07999920000799991,0.06999930000699993,0.05199948000520005,0.039999600003999956,0.029999700002999966,0.019999800001999978,0.009999900000999989,0.009999900000999989,0.0,0.0,0.0,0.0,0.0,0.0,0.0,0.0,0.0,0.0,0.0,0.0,0.0,0.0,0.0,0.0,0.0,0.0,0.0,0.0,0.0,0.0,0.0,0.0,0.0,0.0,0.0,0.0,0.0,0.0,0.0,0.0,0.0,0.0,0.0,0.0,0.0,0.0,0.0,0.0,0.0,0.0,0.0,0.0,0.0,0.0,0.0,0.0,0.0,0.0,0.0,0.0,0.0,0.0,0.0,0.0,0.0,0.0,0.0,0.0,0.0,0.0,0.0,0.0,0.0,0.0,0.0,0.0,0.0,0.0,0.0,0.0,0.0,0.0,0.0,0.0,0.0,0.0,0.0,0.0,0.0,0.0,0.0,0.0,0.0,0.0,0.0,0.0,0.0,0.0,0.0,0.0,0.0,0.0,0.0,0.0,0.0,0.0,0.0,0.0,0.0,0.0,0.0
9403600,0.3897250101873112,0.3897250101873112,0.3897250101873112,0.3908837565010495,0.3955187417560025,0.3955187417560025,0.3955187417560025,0.3955187417560025,0.3955187417560025,0.3982224831547254,0.40517496103715506,0.4071062048933855,0.40903744874961595,0.40903744874961595,0.4186936680307683,0.42641864345569025,0.43105362871064357,0.43800610659307326,0.4461173307892414,0.4476623258742256,0.457318545155378,0.46118103286783885,0.4673610132077764,0.4739272423189602,0.48435595914260465,0.48628720299883527,0.4924671833387728,0.4978746661362181,0.50559964156114,0.5113933731298316,0.5268433239796754,0.5461557625419802,0.5558119818231325,0.565854449875531,0.5673994449605155,0.5712619326729764,0.5859393859803281,0.6006168392876797,0.6025480831439104,0.6122043024250626,0.6160667901375239,0.6195430290787385,0.6253367606474299,0.6349929799285824,0.6427179553535043,0.6504429307784262,0.6566229111183639,0.6763215984519148,0.6852053201905748,0.705290256295372,0.736576406766306,0.7620688256685483,0.7829262593158371,0.8107361708455562,0.8169161511854933,0.8339110971203217,0.8532235356826269,0.8709909791599474,0.8725359742449317,0.8872134275522834,0.8957109005196973,0.9111608513695412,0.9130920952257716,0.9304732899318459,0.9397432604417526,0.9598281965465494,0.9714156596839324,0.981844376507577,0.9849343666775459,0.9884106056187605,0.9884106056187605,0.9884106056187605,0.9891831031612526,0.9999980687561438,0.9999980687561438,0.9884106056187605,0.9884106056187605,0.9884106056187605,0.9868656105337763,0.9714156596839324,0.949785728494151,0.9304732899318459,0.9184995780232174,0.9111608513695412,0.9038221247158656,0.8825784422973304,0.8725359742449317,0.837773584832783,0.8339110971203217,0.8157574048717557,0.7952862199957123,0.7767462789758997,0.7663175621522551,0.7535713527011341,0.7319414215113527,0.721898953458954,0.718036465746493,0.6801840861643756,0.6713003644257154,0.6543054184908871,0.6407867114972738,0.6295854971311371,0.6214742729349689,0.6102730585688322,0.6021618343726641,0.6021618343726641,0.5890293761502969,0.5828493958103594,0.5589019719931013,0.5287745678359058,0.5106208755873393,0.50559964156114,0.5001921587636948,0.49478467596624953,0.48628720299883527,0.4789484763451594,0.46697476443653035,0.4600222865541009,0.4476623258742256,0.4461173307892414,0.4341436188806122,0.4287361360831669,0.4283498873119207,0.4283498873119207,0.4244873995994598,0.4117411901483388,0.40903744874961595,0.40169872209594004,0.3974499856122331,0.39011125895855725,0.3897250101873112,0.3765925519649438,0.37079882039625234,0.3684813277687758,0.3518726306051938,0.34144391378154915,0.3317876945003966,0.32444896784672067,0.3147927485655685,0.31247525593809183,0.29509406123201753,0.2931628173757871,0.2877553345783418,0.2738503788134821,0.264580408303576,0.2549241890224235,0.2514479500812086,0.23715674554510308,0.2313630139764116,0.22402428732273572,0.21668556066905983,0.21591306312656772,0.20625684384541534,0.19660062456426297,0.19080689299557146,0.18501316142687999,0.17574319091697366,0.1657007228645752,0.15990699129588373,0.15797574743965329,0.15218201587096178,0.1448432892172861,0.13904955764859442,0.13866330887734835,0.13286957730865703,0.12900708959619597,0.1193508703150436,0.11587463137382895,0.11008089980513729,0.10081092929523114,0.10003843175273885,0.10003843175273885,0.10003843175273885,0.10003843175273885,0.09810718789650824,0.0946309489552934,0.09424470018404736,0.09076846124283236,0.08690597353037148,0.0830434858179106,0.08072599319043393,0.08072599319043393,0.07879474933420348,0.06952477882429733,0.06720728619682066,0.06334479848435962,0.061413554628129176,0.053688579203207236,0.044418608693300915,0.04210111606582425,0.04016987220959381,0.030899901699687485,0.024719921359749937,0.022788677503519497,0.022788677503519497,0.022788677503519497,0.024719921359749937,0.02317492627476555,0.02317492627476555,0.022788677503519497,0.022788677503519497,0.022788677503519497,0.022788677503519497,0.022788677503519497,0.022788677503519497,0.022788677503519497,0.020857433647289054,0.018926189791058527,0.013518706993613173,0.007724975424921764,0.005407482797445184,0.0034762389412146565,0.0034762389412146565,0.0,0.0019312438562302694,0.0034762389412146565,0.0034762389412146565,0.0034762389412146565,0.0038624877124607965,0.005407482797445184,0.005407482797445184,0.005407482797445184,0.005407482797445184,0.009269970509906151,0.01004246805239843,0.009269970509906151,0.005793731568691237,0.005793731568691237,0.005407482797445184,0.007338726653675624,0.009269970509906151,0.01506370207859756,0.020857433647289054,0.022788677503519497,0.022788677503519497,0.022788677503519497,0.025106170130995992,0.028968657843457046,0.030899901699687485,0.03630738449713292,0.03862487712460942,0.04016987220959381,0.04403235992205486,0.04789484763451574,0.05407482797445346,0.05793731568691435,0.061413554628129176,0.061413554628129176,0.06566229111183629,0.07106977390928156,0.07531851039298848,0.08072599319043393,0.08072599319043393,0.08265723704666438,0.08265723704666438,0.08651972475912542,0.0903822124715863,0.09231345632781691,0.09656219281152402,0.09810718789650824,0.10003843175273885,0.10196967560896929,0.10583216332143018,0.10969465103389123,0.11587463137382895,0.12553085065498115,0.13132458222367266,0.1425257965898094,0.1483195281585009,0.15063702078597757,0.15797574743965329,0.16376947900834476,0.1695632105770361,0.17921942985818848,0.18346816634189558,0.1927381368518019,0.19466938070803236,0.19660062456426297,0.1985318684204934,0.20471184876043094,0.2081880877016458,0.21050558032912245,0.21398181927033727,0.21591306312656772,0.2197755508390286,0.22402428732273572,0.23174926274765764,0.23522550168887246,0.24295047711379442,0.24681296482625545,0.2545379402511774,0.2545379402511774,0.2545379402511774,0.2587866767348845,0.26651165215980643,0.27076038864351354,0.2742366275847282,0.2858240907221112,0.2916178222908027,0.2931628173757871,0.3047502805131699,0.3144064997943223,0.32831145555918173,0.3317876945003966,0.3433751576377796,0.3476238941214867,0.3549626207751624,0.3669363326837916,0.37041257162500624,0.3746613081087135,0.38006879090615864,0.3843175273898659,0.3974499856122331,0.40749245366463155,0.4156036778607997,0.4252598971419519,0.4283498873119207,0.43800610659307326,0.43877860413556535,0.44225484307678037,0.44225484307678037,0.44573108201799516,0.44225484307678037,0.43800610659307326,0.43452986765185825,0.43452986765185825,0.4341436188806122,0.4341436188806122,0.42912238485441295,0.43066737993939735,0.43259862379562797,0.43259862379562797,0.43221237502438176,0.43221237502438176,0.43221237502438176,0.43259862379562797,0.43221237502438176,0.4287361360831669,0.4283498873119207,0.4283498873119207,0.4283498873119207,0.4283498873119207,0.4283498873119207,0.4283498873119207,0.4283498873119207,0.4283498873119207,0.4283498873119207,0.42641864345569025,0.42294240451447557,0.42487364837070585,0.42294240451447557,0.41907991680201434,0.4113549413770926,0.40903744874961595,0.40903744874961595,0.40903744874961595,0.40903744874961595,0.40942369752086216,0.40942369752086216,0.40942369752086216,0.40903744874961595,0.40903744874961595,0.40903744874961595,0.40903744874961595,0.40903744874961595,0.40903744874961595
9404450,0.5988017976029965,0.5988017976029965,0.5988017976029965,0.5988017976029965,0.5988017976029965,0.5988017976029965,0.5988017976029965,0.5988017976029965,0.5988017976029965,0.5988017976029965,0.6087818275630463,0.6087818275630463,0.6087818275630463,0.6187618575230963,0.6187618575230963,0.6387219174431963,0.6387219174431963,0.6487019474032462,0.6487019474032462,0.668662007323346,0.668662007323346,0.668662007323346,0.678642037283396,0.678642037283396,0.6986020972034959,0.6986020972034959,0.6986020972034959,0.6986020972034959,0.6986020972034959,0.6986020972034959,0.6986020972034959,0.6986020972034959,0.7085821271635457,0.7185621571235957,0.7285421870836457,0.7504982529957556,0.7884223668439454,0.7984023968039953,0.7984023968039953,0.7984023968039953,0.7984023968039953,0.7984023968039953,0.7984023968039953,0.8083824267640451,0.8183624567240951,0.8203584627161054,0.8403185226362052,0.8782426364843948,0.8882226664444448,0.8982026964044947,0.8982026964044947,0.8982026964044947,0.8982026964044947,0.8982026964044947,0.9081827263645446,0.9281427862846445,0.9500988521967543,0.9580828761647943,0.9680629061248442,0.9780429360848942,0.9880229660449442,0.9980029960049941,0.9980029960049941,0.9980029960049941,0.9980029960049941,0.9980029960049941,0.9980029960049941,0.999999001997004,0.999999001997004,0.9980029960049941,0.9980029960049941,0.9980029960049941,0.9980029960049941,0.9980029960049941,0.9980029960049941,0.9980029960049941,0.9980029960049941,0.9980029960049941,0.9880229660449442,0.942114828228715,0.8982026964044947,0.8982026964044947,0.8982026964044947,0.8982026964044947,0.880238642476405,0.850298552596255,0.8103784327560551,0.7984023968039953,0.7984023968039953,0.7984023968039953,0.7804383428759056,0.7604782829558054,0.7385222170436957,0.7085821271635457,0.6986020972034959,0.6986020972034959,0.688622067243446,0.668662007323346,0.6487019474032462,0.6287418874831463,0.5988017976029965,0.5988017976029965,0.5988017976029965,0.5988017976029965,0.5888217676429466,0.5688617077228466,0.5588816777627966,0.5309375938746571,0.5189615579225969,0.49900149800249705,0.49900149800249705,0.49201547703046206,0.47904143808239724,0.46047858235670436,0.44910134820224734,0.4391213182421974,0.42914128828214754,0.41916125832209744,0.40918122836204757,0.39920119840199764,0.3892211684419477,0.3710575139146568,0.3632730905458179,0.35928107856179786,0.34930104860174793,0.339321018641698,0.32934098868164813,0.31936095872159803,0.31157653535275914,0.30938092876154816,0.2994008988014982,0.2894208688414483,0.2794408388813983,0.26946080892134844,0.25948077896129845,0.24950074900124852,0.23952071904119862,0.22674628069233468,0.20997983035945075,0.20379221178421977,0.19960059920099882,0.1988021968041948,0.18962056924094892,0.18782416384813985,0.1806385422769039,0.17684613089208498,0.16167648535280904,0.15688607097198518,0.1497004494007491,0.1397204194406992,0.13273439846866422,0.12574837749662923,0.11477034454057436,0.09999990019970048,0.09880229660449444,0.08982026964044951,0.08083824267640448,0.07984023968039951,0.07884223668439454,0.0698602097203496,0.0668662007323346,0.05988017976029961,0.05508976537947564,0.049900149800249705,0.041916125832209744,0.039920119840199796,0.03193609587215984,0.029940089880149803,0.02734528209053684,0.023952071904119878,0.020958062916104872,0.019960059920099898,0.019960059920099898,0.017964053928089866,0.014970044940074947,0.009980029960049906,0.009980029960049906,0.009980029960049906,0.009980029960049906,0.009980029960049906,0.00918162756324591,0.006986020972034987,0.007385222170437029,0.007385222170437029,0.005988017976029925,0.0019960059920099455,0.0003992011984019537,0.0,0.0,0.0,0.0,0.0,0.0003992011984019537,0.0019960059920099455,0.004990014980024953,0.004990014980024953,0.004990014980024953,0.006187618575230903,0.005988017976029925,0.004990014980024953,0.004990014980024953,0.0033932101864170496,0.0021956065912110113,0.0019960059920099455,0.0,0.0,0.0,0.0,0.0,0.0,0.0,0.0,0.0,0.0,0.0,0.0031936095872160727,0.004990014980024953,0.004990014980024953,0.004990014980024953,0.005988017976029925,0.007584822769638006,0.007584822769638006,0.009980029960049906,0.007584822769638006,0.006187618575230903,0.006187618575230903,0.006187618575230903,0.007584822769638006,0.009980029960049906,0.009980029960049906,0.009980029960049906,0.009980029960049906,0.012175636551261006,0.01317363954726589,0.013972041944069886,0.01636724913448196,0.019960059920099898,0.019960059920099898,0.019960059920099898,0.019960059920099898,0.019960059920099898,0.019960059920099898,0.019960059920099898,0.019960059920099898,0.019960059920099898,0.019960059920099898,0.019960059920099898,0.019960059920099898,0.019960059920099898,0.019960059920099898,0.019960059920099898,0.019960059920099898,0.019960059920099898,0.019960059920099898,0.019960059920099898,0.019960059920099898,0.020159660519300876,0.023153669507315972,0.02614767849533089,0.028942086884144833,0.029940089880149803,0.033532900665767834,0.039920119840199796,0.04331333002661676,0.04910174740344571,0.057884173768289665,0.06387219174431959,0.0698602097203496,0.07984023968039951,0.08982026964044951,0.09980029960049941,0.10898192716374532,0.11976035952059931,0.12974038948064923,0.1473052422103371,0.15968047936079902,0.169660509320849,0.17964053928089893,0.18782416384813985,0.19600778841538088,0.1998001998001999,0.21496984533947572,0.22954068908114864,0.23572830765637962,0.24550873701722853,0.24950074900124852,0.2564867699732835,0.26946080892134844,0.2794408388813983,0.2894208688414483,0.2978040940078903,0.30139690479350817,0.30997973055915135,0.3233529707056181,0.33053859227685417,0.339321018641698,0.34930104860174793,0.35728507256978786,0.3594806791609989,0.37125711451385784,0.37924113848189783,0.38383195226352074,0.3892211684419477,0.39920119840199764,0.39920119840199764,0.40159640559240956,0.40818322536604257,0.40918122836204757,0.40918122836204757,0.4093808289612486,0.4103788319572534,0.41137683495325855,0.4125744385484646,0.4161672493340825,0.4161672493340825,0.4161672493340825,0.4161672493340825,0.4165664505324845,0.4181632553260925,0.4181632553260925,0.41916125832209744,0.41916125832209744,0.4193608589212985,0.4273448828893385,0.4325344984685644,0.4367261110517854,0.43932091884139834,0.44910134820224734,0.45329296078546827,0.45908137816229727,0.4674646033287392,0.46906140812234715,0.47045861231675445,0.4772450326895882,0.4796402398800001,0.4890214680424471,0.49900149800249705,0.49900149800249705,0.49900149800249705,0.49900149800249705,0.49900149800249705,0.49900149800249705,0.49900149800249705,0.49900149800249705,0.49900149800249705,0.49900149800249705,0.49900149800249705,0.49900149800249705,0.49900149800249705,0.49900149800249705,0.49900149800249705,0.49900149800249705,0.49900149800249705,0.500997503994507,0.5189615579225969,0.5289415878826469,0.5489016478027468,0.5489016478027468,0.5588816777627966,0.5588816777627966,0.5588816777627966,0.5708577137148568,0.5788417376828966,0.5788417376828966,0.5788417376828966,0.5888217676429466
9405500,0.2592592112482942,0.2592592112482942,0.2592592112482942,0.2592592112482942,0.25962958155007754,0.26148143305899396,0.262962914266127,0.26703698758574307,0.27222217181070896,0.27592587482854164,0.27629624513032497,0.27777772633745806,0.27777772633745806,0.27777772633745806,0.27777772633745806,0.2799999481481578,0.28333328086420717,0.28888883539095644,0.29444438991770555,0.2948147602194889,0.2962962414266219,0.2962962414266219,0.2962962414266219,0.2962962414266219,0.2962962414266219,0.2962962414266219,0.3022221662551544,0.31481475651578583,0.31481475651578583,0.3211110516461016,0.3333332716049497,0.3333332716049497,0.3351851231138661,0.33962956673526545,0.34259252914953164,0.34629623216736444,0.35185178669411354,0.35185178669411354,0.35185178669411354,0.3592591927297791,0.3648147472565283,0.36851845027436103,0.3703703017832774,0.3703703017832774,0.3762962266118099,0.3888888168724413,0.3888888168724413,0.3944443713991904,0.40037029622772297,0.40740733196160517,0.40740733196160517,0.4148147379972707,0.425925847050769,0.425925847050769,0.4407406591221001,0.44444436213993294,0.44444436213993294,0.4559258414952146,0.4629628772290968,0.4629628772290968,0.47074065356654565,0.48148139231826065,0.48148139231826065,0.48703694684500975,0.4999999074074245,0.5185184224965884,0.528518420644737,0.5370369375857522,0.537777678189319,0.5518517496570833,0.5555554526749161,0.5670369320301978,0.57407396776408,0.57407396776408,0.5837035956104453,0.5925924828532438,0.5929628531550271,0.609629516735275,0.6225924772976892,0.6296295130315717,0.6481480281207355,0.6666665432098994,0.7037035733882271,0.7074072764060599,0.722222088477391,0.7303702351166234,0.7407406035665548,0.7407406035665548,0.741110973868338,0.7540739344307528,0.7670368949931679,0.7762961525377498,0.7777776337448826,0.7777776337448826,0.7837035585734151,0.7859257803841149,0.7962961488340464,0.7966665191358296,0.8148146639232103,0.8244442917695758,0.851851694101538,0.870370209190702,0.9074072393690297,0.9259257544581936,0.946296121056274,0.9685183391632705,0.9814812997256852,0.9822220403292519,0.9859257433470847,0.999999814814849,0.999999814814849,0.999999814814849,0.999999814814849,0.9911109275720505,0.9822220403292519,0.9725924124828867,0.9688887094650539,0.9685183391632705,0.9629627846365213,0.9507405646776732,0.9444442695473574,0.9259257544581936,0.9107405720850795,0.8888887242798659,0.8762961340192346,0.8562961377229379,0.8251850323731421,0.7962961488340464,0.7592591186557187,0.7322220866255396,0.6992591297668279,0.6666665432098994,0.6388887705761536,0.6066665543210085,0.5896295204389778,0.5666665617284145,0.5399999000000184,0.5111110164609228,0.49851842620029146,0.4785184299039945,0.4629628772290968,0.43740732640605073,0.4229628846365029,0.3992591853223731,0.38925918717422464,0.3703703017832774,0.35481474910837973,0.3333332716049497,0.31481475651578583,0.3033332771605044,0.2799999481481578,0.2607406924554274,0.24888884279836251,0.22222218106996647,0.20962959080933502,0.18925922421125502,0.1851851508916387,0.1688888576131746,0.16666663580247484,0.16148145157750893,0.15407404554184342,0.14814812071331096,0.1370370116598126,0.1296296056241471,0.11333331234568311,0.11111109053498323,0.1074073875171504,0.09629627846365219,0.09259257544581935,0.08888887242798653,0.08518516941015383,0.07999998518518793,0.07777776337448832,0.07444443065843882,0.07407406035665548,0.07074072764060599,0.061111099794240724,0.05555554526749162,0.05555554526749162,0.05555554526749162,0.05555554526749162,0.05555554526749162,0.05555554526749162,0.05555554526749162,0.05555554526749162,0.05555554526749162,0.05555554526749162,0.05555554526749162,0.05555554526749162,0.05555554526749162,0.05555554526749162,0.05555554526749162,0.05740739677640803,0.05740739677640803,0.05814813737997457,0.06296295130315714,0.06481480281207355,0.06555554341564022,0.06851850582990637,0.07037035733882266,0.07037035733882266,0.07037035733882266,0.07074072764060599,0.07037035733882266,0.07037035733882266,0.06888887613168972,0.07037035733882266,0.07074072764060599,0.07259257914952241,0.07407406035665548,0.07407406035665548,0.07407406035665548,0.07407406035665548,0.07407406035665548,0.07407406035665548,0.07407406035665548,0.07407406035665548,0.07407406035665548,0.07407406035665548,0.07407406035665548,0.07407406035665548,0.07407406035665548,0.07407406035665548,0.07407406035665548,0.07407406035665548,0.07407406035665548,0.07407406035665548,0.07407406035665548,0.07407406035665548,0.07407406035665548,0.06888887613168972,0.055925915569274946,0.055925915569274946,0.055925915569274946,0.05555554526749162,0.05555554526749162,0.05555554526749162,0.05555554526749162,0.05555554526749162,0.05555554526749162,0.0537036937585752,0.0499999907407425,0.046296287722909675,0.037407400480111076,0.03703703017832774,0.03333332716049492,0.029999994444445555,0.02814814293552914,0.026296291426612727,0.022222218106996698,0.01851851508916387,0.01851851508916387,0.01851851508916387,0.01851851508916387,0.005925924828532444,0.0018518515089164134,0.005925924828532444,0.0025925921124829525,0.0018518515089164134,0.0,0.0018518515089164134,0.007407406035665522,0.007407406035665522,0.011111109053498349,0.011111109053498349,0.011111109053498349,0.01851851508916387,0.01851851508916387,0.01851851508916387,0.01851851508916387,0.01851851508916387,0.02074073689986362,0.03518517866941133,0.03777777078189441,0.04851850953360943,0.054074064060358536,0.057777767078191364,0.06296295130315714,0.06703702462277329,0.07222220884773907,0.07407406035665548,0.08148146639232101,0.08888887242798653,0.09259257544581935,0.09259257544581935,0.10037035178326821,0.1074073875171504,0.11111109053498323,0.11111109053498323,0.11851849657064875,0.12222219958848157,0.12666664320988094,0.1296296056241471,0.1296296056241471,0.1351851601508962,0.14074071467764546,0.14481478799726147,0.14814812071331096,0.152222194032927,0.15777774855967625,0.16111108127572574,0.16666663580247484,0.16666663580247484,0.17407404183814038,0.18222218847737257,0.1851851508916387,0.18555552119342206,0.19629625994513705,0.20185181447188616,0.20370366598080258,0.2074073689986354,0.21518514533608427,0.21851847805213362,0.22222218106996647,0.22222218106996647,0.22222218106996647,0.22222218106996647,0.22222218106996647,0.2244444028806662,0.2281481058984989,0.2314814386145484,0.2299999574074153,0.2314814386145484,0.2314814386145484,0.23555551193416444,0.2388888446502139,0.23925921495199726,0.23740736344308083,0.2370369931412975,0.23555551193416444,0.2314814386145484,0.2314814386145484,0.2281481058984989,0.2259258840877993,0.22407403257888286,0.2244444028806662,0.2259258840877993,0.22777773559671557,0.2281481058984989,0.2299999574074153,0.2259258840877993,0.2259258840877993,0.22629625438958248,0.22222218106996647,0.22222218106996647,0.22222218106996647,0.22222218106996647,0.22222218106996647,0.22222218106996647,0.22222218106996647,0.22074069986283337,0.22074069986283337,0.22074069986283337,0.22222218106996647,0.22222218106996647,0.22222218106996647,0.22222218106996647,0.22222218106996647,0.22222218106996647,0.22777773559671557,0.23185180891633173,0.23518514163238122,0.2370369931412975,0.23925921495199726,0.24074069615913032,0.24074069615913032
9406000,0.6385541399332362,0.6385541399332362,0.6385541399332362,0.6385541399332362,0.6385541399332362,0.6385541399332362,0.6385541399332362,0.6409637781971353,0.6506023312527311,0.6506023312527311,0.6506023312527311,0.6506023312527311,0.6506023312527311,0.6506023312527311,0.6506023312527311,0.6626505225722261,0.6626505225722261,0.6626505225722261,0.6626505225722261,0.6626505225722261,0.6626505225722261,0.6626505225722261,0.6626505225722261,0.6626505225722261,0.6626505225722261,0.6626505225722261,0.6626505225722261,0.6746987138917212,0.6746987138917212,0.6746987138917212,0.6746987138917212,0.6867469052112162,0.6867469052112162,0.6867469052112162,0.6867469052112162,0.6867469052112162,0.6987950965307113,0.6987950965307113,0.6987950965307113,0.6987950965307113,0.6987950965307113,0.6987950965307113,0.7108432878502062,0.7108432878502062,0.7228914791697013,0.7349396704891963,0.7469878618086914,0.7590360531281863,0.7590360531281863,0.7590360531281863,0.7710842444476813,0.7710842444476813,0.7710842444476813,0.7831324357671764,0.7951806270866714,0.7951806270866714,0.7951806270866714,0.8072288184061664,0.8072288184061664,0.8072288184061664,0.8192770097256614,0.8192770097256614,0.8192770097256614,0.8313252010451565,0.8313252010451565,0.8433733923646515,0.8433733923646515,0.8554215836841466,0.8554215836841466,0.8674697750036415,0.8795179663231365,0.8795179663231365,0.8795179663231365,0.8915661576426316,0.8915661576426316,0.8915661576426316,0.8915661576426316,0.8915661576426316,0.8915661576426316,0.8915661576426316,0.8915661576426316,0.9036143489621266,0.9156625402816216,0.9180721785455208,0.9277107316011166,0.9277107316011166,0.9277107316011166,0.9397589229206117,0.9301203698650159,0.9397589229206117,0.9397589229206117,0.9397589229206117,0.9421685611845109,0.9518071142401067,0.9518071142401067,0.9518071142401067,0.9542167525040058,0.9638553055596017,0.9662649438235009,0.9759034968790967,0.9759034968790967,0.9879516881985917,0.9879516881985917,0.9879516881985917,0.990361326462491,0.9999998795180868,0.9999998795180868,0.9999998795180868,0.990361326462491,0.9879516881985917,0.9879516881985917,0.9879516881985917,0.9879516881985917,0.9759034968790967,0.9421685611845109,0.9180721785455208,0.9060239872260258,0.8939757959065308,0.8795179663231365,0.8795179663231365,0.8554215836841466,0.8337348393090557,0.8192770097256614,0.7951806270866714,0.7831324357671764,0.7590360531281863,0.7469878618086914,0.7108432878502062,0.6891565434751155,0.6626505225722261,0.6168673955581453,0.5831324598635594,0.566264992016266,0.542168609377276,0.5180722267382859,0.49397584409929585,0.46987946146030585,0.4409638022935177,0.42072284087676615,0.39879513267528516,0.38554212222384066,0.367951762897378,0.34939754826535563,0.336385501640301,0.3253011656263656,0.31325297430687055,0.2990361085498665,0.2867469534039815,0.2696385217302987,0.25301201770939546,0.24096382638990044,0.2289156350704054,0.21710840757730024,0.20385539712585596,0.19084335050080117,0.1686746784729303,0.15445781271592626,0.13253010451444525,0.10843372187545519,0.09927709647263909,0.0927710731601117,0.08433733923646515,0.07734938827115823,0.07228914791697012,0.06530119695166321,0.05807228215996609,0.04819276527798008,0.03903613987516389,0.03614457395848506,0.03156626125707701,0.026746984729278934,0.02409638263899004,0.02409638263899004,0.01614457636812337,0.01204819131949502,0.01204819131949502,0.008674697750036401,0.00602409565974751,0.0036144573958484722,0.0002409638263899381,0.0,0.0,0.0,0.0,0.0,0.0,0.0,0.002650602090288891,0.008433733923646549,0.01108433601393544,0.01204819131949502,0.01204819131949502,0.01204819131949502,0.01204819131949502,0.015662648715343494,0.01807228697924253,0.01951806993758199,0.021686744375091004,0.02409638263899004,0.02409638263899004,0.02409638263899004,0.02409638263899004,0.02409638263899004,0.02409638263899004,0.02409638263899004,0.02409638263899004,0.02409638263899004,0.02409638263899004,0.02409638263899004,0.02409638263899004,0.02650602090288908,0.02650602090288908,0.026987948555668873,0.028915659166788035,0.02939758681956791,0.02939758681956791,0.03156626125707701,0.03156626125707701,0.032530116562636595,0.032771080389026444,0.032771080389026444,0.03614457395848506,0.03614457395848506,0.03614457395848506,0.03614457395848506,0.03614457395848506,0.03614457395848506,0.03614457395848506,0.03614457395848506,0.03614457395848506,0.03614457395848506,0.03614457395848506,0.03614457395848506,0.04361445257657203,0.044819271708521465,0.04578312701408105,0.04819276527798008,0.04819276527798008,0.04819276527798008,0.04361445257657203,0.044819271708521465,0.04626505466686092,0.04819276527798008,0.03903613987516389,0.03614457395848506,0.03614457395848506,0.03614457395848506,0.035180718652925484,0.03614457395848506,0.03614457395848506,0.03614457395848506,0.03614457395848506,0.03614457395848506,0.03614457395848506,0.03614457395848506,0.03614457395848506,0.03614457395848506,0.03614457395848506,0.036385537784875,0.04120481431267299,0.044578307882131615,0.04819276527798008,0.04819276527798008,0.04819276527798008,0.05060240354187912,0.05060240354187912,0.053253005632168185,0.06024095659747511,0.06024095659747511,0.06698794373639234,0.07228914791697012,0.08433733923646515,0.08987950724343295,0.09638553055596016,0.10265059004209753,0.10843372187545519,0.12048191319495022,0.13060239390332606,0.13518070660473414,0.14457829583394025,0.15662648715343527,0.15662648715343527,0.1590361254173343,0.1686746784729303,0.18072286979242533,0.19060238667441132,0.1963855185077688,0.20481925243141536,0.21686744375091038,0.2289156350704054,0.23469876690376323,0.24963852413993684,0.2650602090288905,0.27349394295253704,0.280963821570624,0.29421683202206844,0.3081927339526828,0.3253011656263656,0.3373493569458606,0.34939754826535563,0.36144573958485066,0.3703614011612769,0.377590315952974,0.3920481455363681,0.40602404746698223,0.4134939260850691,0.42554211740456405,0.4445782596893664,0.45060235534911386,0.4578312701408108,0.4640963296269482,0.4807228336478514,0.49397584409929585,0.5060240354187909,0.5180722267382859,0.5180722267382859,0.530120418057781,0.530120418057781,0.542168609377276,0.542168609377276,0.542168609377276,0.5542168006967709,0.5542168006967709,0.566264992016266,0.566264992016266,0.566264992016266,0.578313183335761,0.578313183335761,0.578313183335761,0.578313183335761,0.578313183335761,0.578313183335761,0.5903613746552561,0.5903613746552561,0.5903613746552561,0.5903613746552561,0.5903613746552561,0.5903613746552561,0.602409565974751,0.602409565974751,0.602409565974751,0.602409565974751,0.6144577572942461,0.6144577572942461,0.6144577572942461,0.6048192042386503,0.6048192042386503,0.6048192042386503,0.6144577572942461,0.6144577572942461,0.6144577572942461,0.6048192042386503,0.6144577572942461,0.6144577572942461,0.6144577572942461,0.6144577572942461,0.6144577572942461,0.6144577572942461,0.6144577572942461,0.6144577572942461,0.6144577572942461,0.6144577572942461,0.6265059486137411,0.6265059486137411,0.6265059486137411,0.6265059486137411
9408000,0.12359473411526771,0.12359473411526771,0.12359473411526771,0.12359473411526771,0.12359473411526771,0.12359473411526771,0.12359473411526771,0.12359473411526771,0.12359473411526771,0.12359473411526771,0.12359473411526771,0.13233375571937742,0.1647929788203574,0.1810225903708467,0.18601631700176663,0.18601631700176663,0.18601631700176663,0.18601631700176663,0.18601631700176663,0.18601631700176663,0.18601631700176663,0.18601631700176663,0.18601631700176663,0.18601631700176663,0.18601631700176663,0.18601631700176663,0.18601631700176663,0.18726474865949647,0.20474279186771616,0.20474279186771616,0.22971142502231573,0.22971142502231573,0.22971142502231573,0.23595358331096547,0.24843789988826526,0.24843789988826526,0.2509347632037255,0.260922216465565,0.2858908496201646,0.3046173244861144,0.3046173244861144,0.30586575614384454,0.31085948277476416,0.31085948277476416,0.33582811592936374,0.3420702742180138,0.3420702742180138,0.3607967490839633,0.3670389073726133,0.37328106566126307,0.37328106566126307,0.37328106566126307,0.3807716556076429,0.39824969881586264,0.4244667636281923,0.4294604902591119,0.44194480683641174,0.4544291234137115,0.4544291234137115,0.46067128170236155,0.47440402993739145,0.4981242314342609,0.508111684696101,0.5293350228775102,0.5555520876898397,0.5730301308980593,0.5979987640526588,0.5979987640526588,0.5979987640526588,0.6104830806299587,0.6229673972072585,0.6354517137845582,0.6853889800937574,0.6866374117514872,0.7165997715370067,0.7165997715370067,0.7428168363493364,0.7740276277925857,0.7915056710008054,0.8102321458667552,0.8127290091822154,0.8227164624440549,0.8414429373100045,0.8451882322831943,0.860169412175954,0.860169412175954,0.8913802036192037,0.9163488367738032,0.9163488367738032,0.9238394267201836,0.9300815850088328,0.9350753116397528,0.9350753116397528,0.972528261371652,0.972528261371652,0.9737766930293824,0.9974968945262517,0.9974968945262517,0.9974968945262517,0.9974968945262517,0.9974968945262517,0.9974968945262517,0.9974968945262517,0.9974968945262517,0.9974968945262517,0.9974968945262517,0.9999937578417113,0.9974968945262517,0.9974968945262517,0.9974968945262517,0.9974968945262517,0.9974968945262517,0.9974968945262517,0.9974968945262517,0.9974968945262517,0.9974968945262517,0.9825157146334924,0.9737766930293824,0.952553354847973,0.9475596282170525,0.9475596282170525,0.9475596282170525,0.9375721749552127,0.9350753116397528,0.9350753116397528,0.9225909950624529,0.9113551101428833,0.8988707935655835,0.8926286352769335,0.8913802036192037,0.8863864769882837,0.8751505920687138,0.8726537287532538,0.8726537287532538,0.8726537287532538,0.8726537287532538,0.8726537287532538,0.8726537287532538,0.8726537287532538,0.8763990237264444,0.8963739302501241,0.8963739302501241,0.8963739302501241,0.8763990237264444,0.8763990237264444,0.8976223619078539,0.8976223619078539,0.8976223619078539,0.8976223619078539,0.8951254985923934,0.8813927503573643,0.8726537287532538,0.8726537287532538,0.8476850955986548,0.8364492106790846,0.8177227358131354,0.8164743041554049,0.811480577524485,0.8102321458667552,0.8102321458667552,0.8002446926049156,0.7478105629802563,0.7165997715370067,0.6866374117514872,0.6853889800937574,0.6853889800937574,0.6853889800937574,0.6679109368855379,0.6391970087577485,0.6229673972072585,0.6117315122876893,0.5867628791330892,0.5605458143207596,0.5355771811661605,0.501869526407451,0.4731555982796613,0.4444416701518717,0.435702648547762,0.41323087870862263,0.4107340153931624,0.4107340153931624,0.4007465621313226,0.4007465621313226,0.3920075405272126,0.3857653822385629,0.3857653822385629,0.3807716556076429,0.37452949731899293,0.37328106566126307,0.37328106566126307,0.37328106566126307,0.37328106566126307,0.3670389073726133,0.3670389073726133,0.3670389073726133,0.3620451807416934,0.3508092958221237,0.3483124325066635,0.3420702742180138,0.33582811592936374,0.32459223100979406,0.31085948277476416,0.31085948277476416,0.2983751661974644,0.29338143956654444,0.29213300790881463,0.29213300790881463,0.2858908496201646,0.2746549647005949,0.27340653304286483,0.2684128064119452,0.26217064812329516,0.260922216465565,0.24968633154599537,0.24843789988826526,0.24843789988826526,0.24843789988826526,0.24843789988826526,0.24843789988826526,0.24843789988826526,0.24843789988826526,0.24843789988826526,0.24344417325734533,0.23595358331096547,0.23095985668004557,0.21847554010274578,0.21098495015636617,0.1985006335790664,0.19350690694814676,0.19225847529041637,0.18601631700176663,0.18726474865949647,0.19350690694814676,0.19350690694814676,0.19225847529041637,0.19225847529041637,0.18601631700176663,0.18601631700176663,0.18601631700176663,0.18601631700176663,0.18601631700176663,0.17977415871311658,0.15480552555851756,0.13732748235029732,0.12359473411526771,0.12359473411526771,0.11111041753796792,0.09987453261839825,0.09862610096066814,0.09987453261839825,0.106116690907048,0.106116690907048,0.09862610096066814,0.0873902160410982,0.07615433112152853,0.0873902160410982,0.07365746780606858,0.06741530951741855,0.062421582886498635,0.0611731512287688,0.0611731512287688,0.0611731512287688,0.0611731512287688,0.0611731512287688,0.0611731512287688,0.0611731512287688,0.049937266309199126,0.04868883465146901,0.03245922310097971,0.024968633154599563,0.024968633154599563,0.024968633154599563,0.023720201496869448,0.023720201496869448,0.008739021604110263,0.008739021604110263,0.0,0.0,0.008739021604110263,0.024968633154599563,0.03370765475870983,0.03370765475870983,0.049937266309199126,0.0611731512287688,0.0611731512287688,0.0611731512287688,0.0611731512287688,0.0611731512287688,0.0611731512287688,0.0611731512287688,0.0699121728328785,0.106116690907048,0.12359473411526771,0.12359473411526771,0.12359473411526771,0.154805525558517,0.154805525558517,0.154805525558517,0.15605395721624715,0.1672898421358168,0.18601631700176663,0.18601631700176663,0.18601631700176663,0.18601631700176663,0.18601631700176663,0.18601631700176663,0.18601631700176663,0.18601631700176663,0.18601631700176663,0.18601631700176663,0.18601631700176663,0.18601631700176663,0.18601631700176663,0.18601631700176663,0.18601631700176663,0.18601631700176663,0.18601631700176663,0.18601631700176663,0.18601631700176663,0.18601631700176663,0.18601631700176663,0.18601631700176663,0.18601631700176663,0.18601631700176663,0.18601631700176663,0.18601631700176663,0.12359473411526771,0.12359473411526771,0.12359473411526771,0.12359473411526771,0.12359473411526771,0.12359473411526771,0.12359473411526771,0.12359473411526771,0.12359473411526771,0.12359473411526771,0.12359473411526771,0.12359473411526771,0.12359473411526771,0.12359473411526771,0.12359473411526771,0.12359473411526771,0.12359473411526771,0.12359473411526771,0.12359473411526771,0.12359473411526771,0.12359473411526771,0.12359473411526771,0.12359473411526771,0.12359473411526771,0.12359473411526771,0.12359473411526771,0.12359473411526771,0.12359473411526771,0.12359473411526771,0.12359473411526771,0.12359473411526771,0.12359473411526771,0.12359473411526771,0.12359473411526771,0.12359473411526771,0.12359473411526771,0.12359473411526771,0.12359473411526771,0.12359473411526771,0.12359473411526771
9408150,0.31873891473777854,0.31348497658276003,0.3213658838152872,0.3327494164844938,0.38528879803467714,0.40893151973225983,0.4115584888097685,0.4133098015281082,0.41593677060561746,0.41593677060561746,0.4203150524014658,0.4273203032748234,0.44133080502153926,0.4492117122540664,0.4640978703599518,0.4640978703599518,0.4640978703599518,0.4640978703599518,0.4640978703599518,0.4640978703599518,0.4640978703599518,0.46059524492327303,0.4640978703599518,0.4483360558948969,0.44658474317655716,0.4535899940499154,0.4640978703599518,0.4772327157474975,0.48774059205753456,0.5078806883184378,0.5078806883184378,0.5131346264734563,0.5332747227343596,0.5411556299668875,0.5560417880727722,0.5560417880727722,0.5560417880727722,0.5577931007911119,0.5656740080236397,0.5691766334603185,0.5901923860803914,0.5893167297212218,0.5928193551579006,0.6129594514188045,0.6217160150105012,0.629596922243029,0.6392291421938959,0.6698771147648362,0.6943954928215885,0.7119086200049826,0.7215408399558494,0.7267947781108679,0.7399296234984136,0.7478105307309414,0.7565670943226387,0.7705775960693539,0.7784585033018817,0.78283678509773,0.78283678509773,0.7872150668935785,0.7915933486894274,0.804728194076973,0.8056038504361426,0.8283709157745558,0.836251823007083,0.8572675756271564,0.8616458574230048,0.8353761666479134,0.8607702010638352,0.8826616100430782,0.8984234245081332,0.901926049944812,0.8607702010638352,0.8493866683946293,0.8056038504361426,0.7863394105344095,0.7740802215060327,0.7425565925759234,0.7206651835966805,0.7084059945683037,0.7031520564132858,0.7084059945683037,0.695271149180758,0.6830119601523819,0.6830119601523819,0.6803849910748726,0.6830119601523819,0.6830119601523819,0.693519836462419,0.7031520564132858,0.7189138708783408,0.7267947781108679,0.7267947781108679,0.7267947781108679,0.7670749706326752,0.7740802215060327,0.8038525377178035,0.8371274793662531,0.8660241392188538,0.8668997955780233,0.8739050464513816,0.8975477681489636,0.901926049944812,0.901926049944812,0.9211904898465457,0.945708867903298,0.945708867903298,0.9597193696500138,0.9527141187766562,0.9667246205233715,0.9614706823683535,0.9614706823683535,0.9527141187766562,0.9614706823683535,0.9614706823683535,0.9851134040659356,0.989491685861784,0.989491685861784,0.9999995621718204,0.9851134040659356,0.9649733078050318,0.945708867903298,0.9281957407199046,0.9054286753814907,0.8747807028105504,0.7968472868444453,0.7267947781108679,0.711032963645813,0.661120551173139,0.6392291421938959,0.6138351077779741,0.5507878499177543,0.5157615955509656,0.4807353411841763,0.4640978703599518,0.43257424142984197,0.3975479870630533,0.3765322344429798,0.3327494164844938,0.2924692239626866,0.2880909421668382,0.2714534713426131,0.2626969077509164,0.2565673132367283,0.24518378056752174,0.23204893517997607,0.2180384334332602,0.19964964989069633,0.18826611722149006,0.17425561547477453,0.1576181446505497,0.15323986285470106,0.13572673567130672,0.12171623392459148,0.1138353266920637,0.10770573217787563,0.09544654314949981,0.08756563591697203,0.08318735412112337,0.07005250873357768,0.06917685237440784,0.05078806883184394,0.030647972570940336,0.026269690775091673,0.026269690775091673,0.026269690775091673,0.026269690775091673,0.026269690775091673,0.026269690775091673,0.026269690775091673,0.026269690775091673,0.02451837805675227,0.008756563591697327,0.0,0.0035026254366788065,0.0035026254366788065,0.008756563591697327,0.013134845387545991,0.013134845387545991,0.013134845387545991,0.02451837805675227,0.03765322344429826,0.06479857057855948,0.07005250873357768,0.07443079052942635,0.08231169776195382,0.10945704489621504,0.1138353266920637,0.1138353266920637,0.11733795212874282,0.13922936110798584,0.1436076429038345,0.1523642064955315,0.15323986285470106,0.1576181446505497,0.17950955362979273,0.19001742993982945,0.20140096260903573,0.20140096260903573,0.20140096260903573,0.20140096260903573,0.20140096260903573,0.20140096260903573,0.20140096260903573,0.21015752620073305,0.20140096260903573,0.20140096260903573,0.20140096260903573,0.20140096260903573,0.20140096260903573,0.20140096260903573,0.20140096260903573,0.20140096260903573,0.20140096260903573,0.20140096260903573,0.20140096260903573,0.20140096260903573,0.20140096260903573,0.20140096260903573,0.20140096260903573,0.20140096260903573,0.20140096260903573,0.2057792444048841,0.2057792444048841,0.21015752620073305,0.22416802794744892,0.21015752620073305,0.21015752620073305,0.21015752620073305,0.21015752620073305,0.20928186984156352,0.21015752620073305,0.23117327882080652,0.24518378056752174,0.24518378056752174,0.24518378056752174,0.25218903144087934,0.2653238768284257,0.26707518954676474,0.26707518954676474,0.2880909421668382,0.28896659852600776,0.28896659852600776,0.28896659852600776,0.2653238768284257,0.24518378056752174,0.2408054987716734,0.2408054987716734,0.2276706533841271,0.2276706533841271,0.2276706533841271,0.2224167152291092,0.21453580799658142,0.2127844952782423,0.2127844952782423,0.20140096260903573,0.20140096260903573,0.20140096260903573,0.20140096260903573,0.20140096260903573,0.20402793168654498,0.20140096260903573,0.20140096260903573,0.20140096260903573,0.20140096260903573,0.20140096260903573,0.20140096260903573,0.20140096260903573,0.20140096260903573,0.20140096260903573,0.20140096260903573,0.20140096260903573,0.20140096260903573,0.19789833717235691,0.19877399353152647,0.20140096260903573,0.20140096260903573,0.20140096260903573,0.20402793168654498,0.22154105886993966,0.2408054987716734,0.2408054987716734,0.2408054987716734,0.24168115513084357,0.2408054987716734,0.24343246784918265,0.2408054987716734,0.21453580799658142,0.20140096260903573,0.18388783542564138,0.1576181446505497,0.1576181446505497,0.1576181446505497,0.1488615810588524,0.1138353266920637,0.07005250873357768,0.07005250873357768,0.07005250873357768,0.07005250873357768,0.07005250873357768,0.07005250873357768,0.07005250873357768,0.07005250873357768,0.1138353266920637,0.14448329926300404,0.1576181446505497,0.15323986285470106,0.1576181446505497,0.1576181446505497,0.1576181446505497,0.1576181446505497,0.1576181446505497,0.1576181446505497,0.16637470824224704,0.1707529900380954,0.17513127183394406,0.18826611722149006,0.21891408979243038,0.23642721697582442,0.24518378056752174,0.2495620623633701,0.25394034415921907,0.2495620623633701,0.25831862595506744,0.2758317531384621,0.28896659852600776,0.28896659852600776,0.28896659852600776,0.28896659852600776,0.28896659852600776,0.2845883167301594,0.2714534713426131,0.26707518954676474,0.25394034415921907,0.2495620623633701,0.24518378056752174,0.24518378056752174,0.24518378056752174,0.24518378056752174,0.24518378056752174,0.23642721697582442,0.2276706533841271,0.23642721697582442,0.2408054987716734,0.24518378056752174,0.24518378056752174,0.24518378056752174,0.24518378056752174,0.23642721697582442,0.22416802794744828,0.22416802794744828,0.21978974615160055,0.21978974615160055,0.23642721697582442,0.24518378056752174,0.24518378056752174,0.25043771872253967,0.25394034415921907,0.27495609677929256,0.28896659852600776,0.28896659852600776,0.28196134765265013,0.2574429695958979,0.25043771872253967,0.2749560967792919,0.2767074094976316
9408400,0.011321669552461826,0.012306162557023693,0.012306162557023693,0.012306162557023693,0.012306162557023693,0.012306162557023693,0.012306162557023693,0.012306162557023693,0.012306162557023693,0.012306162557023693,0.012306162557023693,0.012306162557023693,0.012306162557023693,0.012306162557023693,0.012306162557023693,0.012306162557023693,0.012306162557023693,0.012306162557023693,0.012306162557023693,0.012306162557023693,0.012306162557023693,0.012306162557023693,0.012306162557023693,0.012306162557023693,0.012306162557023693,0.012306162557023693,0.012306162557023693,0.012552285808164195,0.017228627579833143,0.02215109260264262,0.02461232511404736,0.02461232511404736,0.02461232511404736,0.02461232511404736,0.02461232511404736,0.027073557625452098,0.029534790136856837,0.03322663890396394,0.03470337841080684,0.03593399466650921,0.03691848767107105,0.03691848767107105,0.03691848767107105,0.03691848767107105,0.03691848767107105,0.03691848767107105,0.03691848767107105,0.04085645968931866,0.04700954096783045,0.04922465022809472,0.04922465022809472,0.05291649899520182,0.05906958027371367,0.06153081278511841,0.0738369753421421,0.07900556361609208,0.08860437041057054,0.10780198399952755,0.11075546301321312,0.1156779280360226,0.12306162557023682,0.1333988021181368,0.13536778812726052,0.1380751438898057,0.1476739506842842,0.14890456693998655,0.15899562023674596,0.15998011324130784,0.17228627579833153,0.18213120584395048,0.18459243835535524,0.19689860091237893,0.21781907725931918,0.2313558560720452,0.24612325114047365,0.25842941369749733,0.27073557625452105,0.2810727528024209,0.28697971082979223,0.2990397501356755,0.3076540639255921,0.3202063497337561,0.33226638903963945,0.339896209824994,0.34457255159666306,0.35097175612631537,0.3568787141536868,0.3694309999618509,0.38321390202571753,0.4112719526557314,0.4257932244730195,0.4435140985551335,0.4555741378610167,0.4676341771668999,0.47994033972392364,0.4888007767649807,0.49716896730375687,0.5045526648379709,0.5171049506461352,0.5340874549748278,0.5491009732943967,0.5702675728924774,0.5791280099335345,0.6153081278511842,0.6539494782802386,0.6726548453669146,0.7014512657503499,0.7164647840699189,0.738369753421421,0.7511681624807256,0.7757804875947729,0.791286252416623,0.7999005662065394,0.8122067287635629,0.8245128913205866,0.8355884376219079,0.8574934069734104,0.8737375415486814,0.886535950607986,0.9165629872471239,0.9273924102973047,0.9490512563976663,0.9721868420048709,0.9879387300778615,0.9967991671189183,0.9970452903700587,0.9970452903700587,0.9999987693837443,0.9970452903700587,0.9881848533290016,0.9881848533290016,0.9827701418039113,0.9729252117582924,0.964310897968376,0.9559427074295997,0.9379757100963453,0.9313303823155522,0.9106560292197525,0.8963808806536051,0.8840747180965812,0.8530631884528819,0.8235283983160249,0.7900556361609206,0.775288241092492,0.745753450955635,0.7300015628826448,0.7066198540242998,0.6669940105906838,0.6411510692209339,0.6155542511023246,0.5941415282531035,0.5660834776230893,0.5478703570386946,0.5227657854223662,0.5045526648379709,0.48806240701155934,0.4627117121440905,0.4435140985551335,0.4267777174775814,0.40881072014432684,0.39379720182475786,0.3805065462631722,0.3642624116879011,0.354909728144563,0.34457255159666306,0.3325125122907799,0.3199602264826157,0.3142993917063849,0.29928587338681595,0.29559402461970885,0.29116380609918047,0.2832878620626852,0.27541191802619014,0.27073557625452105,0.2638441252225879,0.2571987974417949,0.25227633241898545,0.24612325114047365,0.24267752562450706,0.24046241636424281,0.23652444434599518,0.23406321183459045,0.23381708858344996,0.23184810257432623,0.23184810257432623,0.22741788405379773,0.224464405040112,0.22200317252870727,0.22151092602642625,0.22151092602642625,0.22151092602642625,0.22151092602642625,0.21757295400817867,0.20920476346940262,0.20920476346940262,0.20920476346940262,0.20920476346940262,0.20920476346940262,0.20920476346940262,0.20723577746027888,0.19689860091237893,0.19689860091237893,0.18828428712246242,0.18459243835535524,0.18459243835535524,0.18459243835535524,0.18459243835535524,0.182377329095091,0.17523975481201728,0.17228627579833153,0.17228627579833153,0.17228627579833153,0.16121072949701024,0.14792007393542467,0.1476739506842842,0.14447434841945808,0.1370906508852438,0.13438329512269861,0.13192206261129388,0.13069144635559155,0.12404611857479883,0.12306162557023682,0.12306162557023682,0.11912365355198935,0.11100158626435364,0.11075546301321312,0.11075546301321312,0.10632524449268466,0.09992603996303233,0.09844930045618944,0.0974648074516276,0.0950035749402228,0.09032723316855389,0.08737375415486814,0.08737375415486814,0.0863892611503063,0.08614313789916579,0.0851586448946039,0.08171291937863732,0.07900556361609208,0.07629820785354684,0.0740830985932826,0.0738369753421421,0.0738369753421421,0.07063737307731598,0.06891451031933263,0.06546878480336599,0.06300755229196126,0.061776936036258855,0.06153081278511841,0.06153081278511841,0.05906958027371367,0.05340874549748277,0.04947077347923519,0.04922465022809472,0.04922465022809472,0.047994033972392346,0.04184095269388064,0.04061033643817816,0.037410734173352056,0.03691848767107105,0.03691848767107105,0.03691848767107105,0.03691848767107105,0.03691848767107105,0.03691848767107105,0.03691848767107105,0.03691848767107105,0.03691848767107105,0.03691848767107105,0.03691848767107105,0.03691848767107105,0.03691848767107105,0.03691848767107105,0.03691848767107105,0.03691848767107105,0.03691848767107105,0.03691848767107105,0.03691848767107105,0.03691848767107105,0.03691848767107105,0.03691848767107105,0.03691848767107105,0.03691848767107105,0.03691848767107105,0.03691848767107105,0.03691848767107105,0.03691848767107105,0.03691848767107105,0.03691848767107105,0.03691848767107105,0.03691848767107105,0.03691848767107105,0.03691848767107105,0.03691848767107105,0.03691848767107105,0.03691848767107105,0.03691848767107105,0.03691848767107105,0.03691848767107105,0.03691848767107105,0.03691848767107105,0.03691848767107105,0.03691848767107105,0.03691848767107105,0.03691848767107105,0.03691848767107105,0.03691848767107105,0.03691848767107105,0.03691848767107105,0.03691848767107105,0.03691848767107105,0.03691848767107105,0.03691848767107105,0.03691848767107105,0.03691848767107105,0.03691848767107105,0.03691848767107105,0.03691848767107105,0.03691848767107105,0.03691848767107105,0.03691848767107105,0.03691848767107105,0.03691848767107105,0.03494950166194732,0.02485844836518786,0.02461232511404736,0.02461232511404736,0.02461232511404736,0.02461232511404736,0.02461232511404736,0.02461232511404736,0.02461232511404736,0.02461232511404736,0.02461232511404736,0.02461232511404736,0.02362783210948549,0.022397215853783094,0.021166599598080753,0.02092047634694025,0.014767395068428432,0.012306162557023693,0.012306162557023693,0.012306162557023693,0.012306162557023693,0.012306162557023693,0.012306162557023693,0.012306162557023693,0.006645327780792849,0.009352683543338089,0.006153081278511847,0.0017228627579833444,0.0012306162557023693,0.0012306162557023693,0.0017228627579833444,0.0017228627579833444,0.0012306162557023693,0.0012306162557023693,0.0,0.0,0.0002461232511405012,0.0002461232511405012,0.0002461232511405012,0.0012306162557023693,0.0012306162557023693,0.0012306162557023693
9413200,0.8823998823466824,0.8839998821333491,0.8901332146489047,0.8917332144355715,0.8965332137955716,0.9085332121955718,0.9085332121955718,0.9085332121955718,0.9085332121955718,0.9085332121955718,0.9085332121955718,0.9085332121955718,0.9167998777600164,0.9226665436444609,0.9263998764800165,0.9301332093155721,0.9330665422577944,0.9306665425777945,0.9330665422577944,0.9317332091022389,0.9303998759466832,0.9301332093155721,0.9303998759466832,0.9317332091022389,0.9341332087822388,0.9343998754133499,0.9354665419377945,0.9383998748800167,0.9434665408711279,0.9439998741333502,0.9439998741333502,0.9434665408711279,0.9434665408711279,0.9434665408711279,0.9434665408711279,0.9397332080355723,0.9359998752000166,0.9383998748800167,0.9413332078222391,0.9434665408711279,0.9439998741333502,0.9503998732800168,0.9557332059022393,0.9607998718933504,0.9607998718933504,0.9607998718933504,0.9610665385244614,0.9639998714666839,0.9701332039822395,0.9783998695466841,0.9850665353244621,0.9901332013155731,0.9962665338311287,0.9962665338311287,0.9994665334044622,0.9999998666666844,0.9999998666666844,0.9954665339377956,0.9930665342577955,0.9863998684800176,0.9837332021689064,0.9629332049422393,0.9567998724266837,0.9463998738133502,0.9391998747733501,0.9301332093155721,0.9301332093155721,0.920266543964461,0.9167998777600164,0.8967998804266827,0.8706665505777934,0.8634665515377932,0.8407998878933485,0.8119998917333479,0.7973332270222365,0.7730665635911249,0.7567998990933468,0.7437332341689021,0.738666568177791,0.7301332359822352,0.7229332369422352,0.7074665723377905,0.7034665728711237,0.6946665740444569,0.6901332413155679,0.6770665763911231,0.6693332440889009,0.6634665782044563,0.6565332457955675,0.6453332472889004,0.6386665815111225,0.6314665824711225,0.6223999170133446,0.6101332519822331,0.6101332519822331,0.6015999197866774,0.5890665881244552,0.5957332539022331,0.5967999204266773,0.5967999204266773,0.5957332539022331,0.5863999218133438,0.5834665888711216,0.5810665891911214,0.5770665897244547,0.5690665907911213,0.5634665915377879,0.5567999257600099,0.5506665932444543,0.5434665942044542,0.529066596124454,0.5194665974044538,0.508799932160009,0.5034665995377868,0.490399934613342,0.490133267982231,0.4807999358933419,0.4773332696888975,0.4727999369600085,0.4589332721422304,0.45013327331556363,0.4367999417600078,0.42933327608889654,0.4146666113777852,0.40613327918222947,0.3967999470933404,0.37919994944000684,0.37013328398222883,0.3570666190577842,0.34346662087111723,0.3317332891022282,0.3301332893155614,0.3229332902755614,0.3101332919822277,0.30346662620444986,0.29013329464889404,0.278399962880005,0.26613329784889367,0.2527999662933379,0.2426666343111155,0.2367999684266709,0.22239997034667067,0.2087999721600037,0.18879997482667002,0.18106664252444768,0.17413331011555863,0.17013331064889192,0.161066645191114,0.1477333136355582,0.14346664753778035,0.1333333155555579,0.13013331598222455,0.1207999838933355,0.11679998442666877,0.1071999857066687,0.10346665287111297,0.09679998709333507,0.09013332131555718,0.08399998880000155,0.07333332355555686,0.0634666582044456,0.0634666582044456,0.05706665905777885,0.0501333266488898,0.04613332718222305,0.03679999509333401,0.03679999509333401,0.03306666225777837,0.025066663324444922,0.023466663537778217,0.023466663537778217,0.018399997546667025,0.01679999776000032,0.010133331982222422,0.010133331982222422,0.010133331982222422,0.010133331982222422,0.010133331982222422,0.006666665777777896,0.002666666311111244,0.0,0.0,0.005066665991111235,0.006666665777777896,0.009066665457777982,0.009066665457777982,0.010133331982222422,0.010133331982222422,0.010133331982222422,0.010133331982222422,0.010133331982222422,0.010133331982222422,0.010133331982222422,0.013333331555555982,0.023466663537778217,0.023466663537778217,0.02586666321777835,0.03679999509333401,0.03679999509333401,0.03679999509333401,0.045866660551112035,0.0501333266488898,0.0501333266488898,0.0501333266488898,0.0501333266488898,0.0501333266488898,0.05173332643555651,0.05306665959111206,0.05733332568888996,0.0634666582044456,0.0634666582044456,0.0634666582044456,0.07279999029333463,0.07679998976000138,0.07679998976000138,0.07679998976000138,0.07679998976000138,0.08106665585777924,0.08399998880000155,0.09013332131555718,0.09066665457777945,0.09946665340444621,0.10373331950222413,0.11173331843555757,0.11279998496000201,0.11279998496000201,0.11679998442666877,0.11679998442666877,0.11679998442666877,0.12266665031111337,0.1290666494577801,0.13013331598222455,0.13013331598222455,0.1397333147022247,0.1442666474311138,0.15679997909333612,0.15679997909333612,0.1615999784533362,0.17013331064889192,0.17519997664000317,0.18133330915555884,0.18346664220444772,0.18346664220444772,0.19199997440000344,0.19679997376000352,0.19679997376000352,0.1981333069155591,0.20159997312000358,0.2079999722666704,0.2101333053155593,0.21573330456889286,0.2234666368711151,0.2247999700266708,0.2367999684266709,0.2367999684266709,0.24373330083555994,0.24773330030222665,0.25013329998222666,0.2634666315377825,0.2658666312177826,0.27759996298667167,0.2837332955022274,0.29546662727111644,0.30346662620444986,0.30346662620444986,0.30346662620444986,0.3101332919822277,0.3101332919822277,0.31679995776000563,0.32693328974222813,0.3301332893155614,0.3301332893155614,0.3301332893155614,0.33119995584000594,0.33119995584000594,0.34346662087111723,0.356799952426673,0.37013328398222883,0.3834666155377846,0.39226661436445137,0.3967999470933404,0.40479994602667396,0.4101332786488962,0.42106661052445193,0.4309332758755633,0.4370666083911189,0.4519999397333414,0.4634666048711194,0.4767999364266752,0.490133267982231,0.5034665995377868,0.5167999310933425,0.5301332626488984,0.5434665942044542,0.5487999268266763,0.5626665916444544,0.5719999237333435,0.5927999209600107,0.5975999203200107,0.6047999193600108,0.6101332519822331,0.6223999170133446,0.6290665827911226,0.6383999148800112,0.6541332461155672,0.6634665782044563,0.6781332429155675,0.6901332413155679,0.7034665728711237,0.7141332381155683,0.7167999044266794,0.7191999041066796,0.729066569457791,0.7383999015466797,0.7434665675377911,0.7567998990933468,0.7567998990933468,0.7637332315022358,0.7727998969600138,0.7834665622044584,0.7839998954666807,0.7882665615644585,0.794133227448903,0.7967998937600143,0.7981332269155696,0.798399893546681,0.8133332248889035,0.8234665568711258,0.830666555911126,0.8383998882133483,0.8463998871466817,0.8501332199822373,0.8543998860800153,0.8599998853333488,0.8634665515377932,0.8679998842666822,0.876799883093349,0.8807998825600158,0.8869332150755714,0.8869332150755714,0.8807998825600158,0.8807998825600158,0.8869332150755714,0.8901332146489047,0.8901332146489047,0.8901332146489047,0.8901332146489047,0.8917332144355715,0.8917332144355715,0.893066547591127,0.893066547591127,0.8906665479111271,0.8917332144355715,0.8933332142222382,0.8933332142222382,0.8967998804266827,0.8957332139022381,0.8954665472711272,0.8954665472711272,0.8903998812800158,0.8901332146489047,0.8901332146489047,0.8839998821333491,0.8821332157155714,0.8821332157155714,0.8810665491911269
9415000,0.9011234942557873,0.9011234942557873,0.8988763034970445,0.8988763034970445,0.8988763034970445,0.8988763034970445,0.8898875404620743,0.8876403497033315,0.8876403497033315,0.8876403497033315,0.8876403497033315,0.8876403497033315,0.8876403497033315,0.8876403497033315,0.8988763034970445,0.8988763034970445,0.8988763034970445,0.8988763034970445,0.8876403497033315,0.8876403497033315,0.8876403497033315,0.8876403497033315,0.8876403497033315,0.8876403497033315,0.8876403497033315,0.8876403497033315,0.8876403497033315,0.8988763034970445,0.8988763034970445,0.8988763034970445,0.9101122572907576,0.9101122572907576,0.9101122572907576,0.9123594480495004,0.9101122572907576,0.9101122572907576,0.9123594480495004,0.9213482110844706,0.9213482110844706,0.9213482110844706,0.9213482110844706,0.9213482110844706,0.9325841648781837,0.9325841648781837,0.9438201186718967,0.9438201186718967,0.9438201186718967,0.9460673094306395,0.9550560724656098,0.9662920262593229,0.9775279800530359,0.988763933846749,0.999999887640462,0.999999887640462,0.999999887640462,0.9910111246054918,0.988763933846749,0.988763933846749,0.9775279800530359,0.9775279800530359,0.9775279800530359,0.9662920262593229,0.9550560724656098,0.9438201186718967,0.9213482110844706,0.9213482110844706,0.9213482110844706,0.9123594480495004,0.9101122572907576,0.8876403497033315,0.8764043959096184,0.8651684421159054,0.8539324883221923,0.8314605807347661,0.80898867314734,0.797752719353627,0.7865167655599139,0.7752808117662009,0.7640448579724879,0.7438201411438046,0.7303369965913487,0.7191010427976356,0.7078650890039225,0.6966291352102095,0.6853931814164964,0.6741572276227834,0.6539325107941001,0.642696557000387,0.631460603206674,0.6179774586542182,0.6179774586542182,0.606741504860505,0.595505551066792,0.5730336434793659,0.5640448804443956,0.5505617358919398,0.5393257820982267,0.5393257820982267,0.5280898283045137,0.5280898283045137,0.5168538745108006,0.5168538745108006,0.5056179207170876,0.4966291576821173,0.4741572500946912,0.4719100593359484,0.4606741055422353,0.44943815174852225,0.4417977031687973,0.42831455861634177,0.42606736785759913,0.41820220020199994,0.4114606279257722,0.40449433657367,0.39685388799394505,0.384719057896735,0.38202242898624394,0.3759550139376388,0.3595505213988178,0.3541572635778355,0.34831456760510476,0.34089883810125415,0.33617973750789465,0.32584266001767864,0.3224718738795648,0.3159550206792112,0.30606738134074374,0.29258423678828804,0.28337075467744327,0.2808988448428264,0.26966289104911334,0.253033679434418,0.23393255798510593,0.22471907587426113,0.20247188736270924,0.18921346188612792,0.1797752606994089,0.16561795891933057,0.15056178083575503,0.13955054611791634,0.1303370640070714,0.12382021080671783,0.11348313331650181,0.11235953793713056,0.10471908935740577,0.1011235841434175,0.09662920262593222,0.08988763034970446,0.08674156328746478,0.0786516765559914,0.07685392394899734,0.06741572276227834,0.06741572276227834,0.05730336434793652,0.05617976896856528,0.04966291576821189,0.04494381517485223,0.04494381517485223,0.03887640012624727,0.03370786138113917,0.03370786138113917,0.022921345739174707,0.022471907587426114,0.022471907587426114,0.022471907587426114,0.022471907587426114,0.01460673993182694,0.011235953793713057,0.011235953793713057,0.011235953793713057,0.011235953793713057,0.004494381517485207,0.0024719098346168596,0.0,0.0,0.0,0.0,0.0,0.0,0.0,0.0,0.0,0.0,0.0,0.0,0.0,0.0,0.0,0.0,0.0,0.0,0.0,0.004494381517485207,0.007640448579724955,0.011235953793713057,0.011235953793713057,0.011235953793713057,0.01280898732483289,0.022471907587426114,0.022471907587426114,0.03370786138113917,0.03370786138113917,0.03370786138113917,0.03370786138113917,0.03370786138113917,0.03370786138113917,0.0440449388713552,0.04539325332660082,0.05617976896856528,0.06651684645878148,0.06741572276227834,0.07775280025249454,0.0786516765559914,0.0786516765559914,0.08719100143921338,0.08988763034970446,0.08988763034970446,0.09910111246054924,0.1011235841434175,0.1062921228885256,0.11235953793713056,0.11235953793713056,0.11235953793713056,0.11235953793713056,0.11235953793713056,0.11235953793713056,0.12359549173084362,0.12359549173084362,0.12359549173084362,0.12359549173084362,0.13370785014518544,0.13483144552455667,0.13528088367630528,0.14606739931826973,0.1573033531119828,0.1573033531119828,0.16853930690569585,0.16853930690569585,0.16853930690569585,0.1797752606994089,0.1797752606994089,0.1797752606994089,0.1797752606994089,0.1797752606994089,0.18112357515465435,0.18247188960990013,0.18561795667213965,0.18786514743088228,0.19101121449312197,0.1930336861759904,0.202247168286835,0.202247168286835,0.202247168286835,0.20943817871481138,0.21348312208054807,0.21393256023229668,0.22471907587426113,0.22471907587426113,0.2285393001641236,0.23842693950259106,0.24719098346168725,0.24719098346168725,0.24943817422042988,0.2584269372554003,0.2584269372554003,0.2584269372554003,0.26516850953162824,0.27033704827673616,0.2808988448428264,0.29123592233304246,0.29213479863653946,0.3033707524302525,0.30561794318899516,0.3146067062239656,0.3159550206792112,0.3341572658250264,0.34831456760510476,0.35640445433657814,0.36651681275091996,0.3719100705719021,0.3826965862138667,0.39325838277995695,0.40449433657367,0.41573029036738307,0.4337078164373239,0.44943815174852225,0.4719100593359484,0.48314601312966143,0.5056179207170876,0.5168538745108006,0.5280898283045137,0.5280898283045137,0.5505617358919398,0.5617976896856528,0.5730336434793659,0.5842695972730789,0.5865167880318217,0.595505551066792,0.5977527418255348,0.6179774586542182,0.6179774586542182,0.6292134124479312,0.6404493662416442,0.6516853200353573,0.6629212738290703,0.6741572276227834,0.6853931814164964,0.6966291352102095,0.6966291352102095,0.7078650890039225,0.7101122797626653,0.7191010427976356,0.7191010427976356,0.7303369965913487,0.7303369965913487,0.7325841873500915,0.7415729503850618,0.7415729503850618,0.7415729503850618,0.7528089041787748,0.7640448579724879,0.7640448579724879,0.7752808117662009,0.7865167655599139,0.797752719353627,0.80898867314734,0.80898867314734,0.8202246269410531,0.8314605807347661,0.8426965345284793,0.8561796790809351,0.8651684421159054,0.8764043959096184,0.8876403497033315,0.8988763034970445,0.9101122572907576,0.9213482110844706,0.9213482110844706,0.9213482110844706,0.9325841648781837,0.9325841648781837,0.9438201186718967,0.9438201186718967,0.9438201186718967,0.9460673094306395,0.9550560724656098,0.9550560724656098,0.9550560724656098,0.9662920262593229,0.9662920262593229,0.9662920262593229,0.9662920262593229,0.9662920262593229,0.9662920262593229,0.9662920262593229,0.9573032632243526,0.9550560724656098,0.9550560724656098,0.9550560724656098,0.9460673094306395,0.9438201186718967,0.9438201186718967,0.9438201186718967,0.9325841648781837,0.9325841648781837,0.9325841648781837
9416000,0.8333319444467593,0.8333319444467593,0.8333319444467593,0.8333319444467593,0.8333319444467593,0.8333319444467593,0.8333319444467593,0.8333319444467593,0.8333319444467593,0.8333319444467593,0.8333319444467593,0.8333319444467593,0.8333319444467593,0.8333319444467593,0.8333319444467593,0.8333319444467593,0.8866651888913519,0.9666650555582403,0.9833316944471757,0.9999983333361112,0.9999983333361112,0.9999983333361112,0.9999983333361112,0.9999983333361112,0.9999983333361112,0.9999983333361112,0.9999983333361112,0.9999983333361112,0.9999983333361112,0.9999983333361112,0.9999983333361112,0.9999983333361112,0.9999983333361112,0.9999983333361112,0.9999983333361112,0.9999983333361112,0.9999983333361112,0.9999983333361112,0.9999983333361112,0.9999983333361112,0.9999983333361112,0.9999983333361112,0.9999983333361112,0.9999983333361112,0.9999983333361112,0.9999983333361112,0.9999983333361112,0.9999983333361112,0.9999983333361112,0.9999983333361112,0.9999983333361112,0.9999983333361112,0.9999983333361112,0.9999983333361112,0.9999983333361112,0.9999983333361112,0.9999983333361112,0.9999983333361112,0.9999983333361112,0.9999983333361112,0.9999983333361112,0.9999983333361112,0.9999983333361112,0.9999983333361112,0.9999983333361112,0.9999983333361112,0.9999983333361112,0.9999983333361112,0.9999983333361112,0.9999983333361112,0.9999983333361112,0.9999983333361112,0.9699983833360278,0.9499984166693061,0.9366651055581582,0.9199984666692228,0.8733318777802053,0.8399986000023344,0.8399986000023344,0.8666652222246302,0.8666652222246302,0.8666652222246302,0.8366652722245469,0.8366652722245469,0.8666652222246302,0.8533319111134823,0.8366652722245469,0.8333319444467593,0.8333319444467593,0.8333319444467593,0.8333319444467593,0.8333319444467593,0.8333319444467593,0.8333319444467593,0.8333319444467593,0.8333319444467593,0.8333319444467593,0.8333319444467593,0.8333319444467593,0.8333319444467593,0.8333319444467593,0.8333319444467593,0.8333319444467593,0.8333319444467593,0.8333319444467593,0.8333319444467593,0.8333319444467593,0.8333319444467593,0.8333319444467593,0.8333319444467593,0.8333319444467593,0.8333319444467593,0.8333319444467593,0.8333319444467593,0.8333319444467593,0.8333319444467593,0.8499985833356948,0.8866651888913519,0.8999985000024998,0.9166651388914352,0.9199984666692228,0.9366651055581582,0.9666650555582403,0.9666650555582403,0.9666650555582403,0.9833316944471757,0.9866650222249633,0.9999983333361112,0.9999983333361112,0.9999983333361112,0.9999983333361112,0.9999983333361112,0.9999983333361112,0.9999983333361112,0.9999983333361112,0.9999983333361112,0.9999983333361112,0.9999983333361112,0.9999983333361112,0.9999983333361112,0.9666650555582403,0.9333317777803707,0.9033318277802874,0.8333319444467593,0.8333319444467593,0.8333319444467593,0.8333319444467593,0.8199986333356114,0.7666653888910188,0.7199988000020001,0.6999988333352783,0.6666655555574075,0.6666655555574075,0.6666655555574075,0.6666655555574075,0.6666655555574075,0.6666655555574075,0.6666655555574075,0.5833323611127316,0.5199991333347785,0.4999991666680556,0.4999991666680556,0.4999991666680556,0.4999991666680556,0.4999991666680556,0.4999991666680556,0.4866658555569077,0.48333252777912017,0.46666588889018534,0.4333326111123151,0.3999993333344442,0.3366661055564913,0.33333277777870374,0.33333277777870374,0.33333277777870374,0.33333277777870374,0.33333277777870374,0.33333277777870374,0.33333277777870374,0.33333277777870374,0.33333277777870374,0.33333277777870374,0.33333277777870374,0.33333277777870374,0.33333277777870374,0.33333277777870374,0.33333277777870374,0.33333277777870374,0.33333277777870374,0.33333277777870374,0.33333277777870374,0.33333277777870374,0.33333277777870374,0.33333277777870374,0.33333277777870374,0.33333277777870374,0.3033328277786204,0.2999995000008335,0.25333291111181533,0.23666627222287992,0.2199996333339445,0.16999971666713942,0.16666638888935187,0.16666638888935187,0.16666638888935187,0.16666638888935187,0.16666638888935187,0.16666638888935187,0.16666638888935187,0.16666638888935187,0.16666638888935187,0.16666638888935187,0.16666638888935187,0.16666638888935187,0.16666638888935187,0.16666638888935187,0.16666638888935187,0.16666638888935187,0.16666638888935187,0.16666638888935187,0.16666638888935187,0.16666638888935187,0.16666638888935187,0.16666638888935187,0.16666638888935187,0.16666638888935187,0.16666638888935187,0.16666638888935187,0.16666638888935187,0.16666638888935187,0.16666638888935187,0.16666638888935187,0.16666638888935187,0.16666638888935187,0.16666638888935187,0.16666638888935187,0.16666638888935187,0.16666638888935187,0.16666638888935187,0.16666638888935187,0.16666638888935187,0.16666638888935187,0.16666638888935187,0.16666638888935187,0.16666638888935187,0.16666638888935187,0.16666638888935187,0.16666638888935187,0.16666638888935187,0.16666638888935187,0.16666638888935187,0.16666638888935187,0.16999971666713942,0.18333302777828728,0.1999996666672221,0.2499995833340278,0.2999995000008335,0.2999995000008335,0.3033328277786204,0.31999946666755585,0.33333277777870374,0.33333277777870374,0.31999946666755585,0.3033328277786204,0.31999946666755585,0.3166661388897683,0.2999995000008335,0.2999995000008335,0.28666618888968504,0.1999996666672221,0.16666638888935187,0.16666638888935187,0.16666638888935187,0.16666638888935187,0.16666638888935187,0.16666638888935187,0.16666638888935187,0.16666638888935187,0.16666638888935187,0.16666638888935187,0.13999976666705613,0.06999988333352807,0.03666660555565722,0.016666638888935423,0.0,0.0,0.0,0.0,0.0,0.0,0.0,0.01999996666672239,0.04999991666680568,0.06666655555574051,0.10333316111139831,0.1333331111114816,0.16666638888935187,0.16666638888935187,0.16666638888935187,0.16666638888935187,0.16666638888935187,0.18666635555607425,0.23999960000066747,0.2999995000008335,0.3166661388897683,0.33333277777870374,0.33333277777870374,0.33333277777870374,0.33333277777870374,0.33333277777870374,0.33333277777870374,0.33333277777870374,0.33333277777870374,0.33333277777870374,0.33333277777870374,0.3366661055564913,0.36999938333436094,0.38999935000108393,0.436665938890102,0.46666588889018534,0.4999991666680556,0.4999991666680556,0.4999991666680556,0.4999991666680556,0.4999991666680556,0.4999991666680556,0.4999991666680556,0.4999991666680556,0.516665805556991,0.536665772223714,0.5666657222237961,0.5699990500015837,0.6033323277794544,0.6199989666683899,0.6333322777795366,0.6666655555574075,0.6666655555574075,0.6666655555574075,0.6666655555574075,0.6666655555574075,0.6666655555574075,0.6666655555574075,0.6666655555574075,0.6666655555574075,0.6666655555574075,0.6666655555574075,0.6666655555574075,0.6666655555574075,0.6666655555574075,0.6666655555574075,0.6666655555574075,0.6666655555574075,0.6666655555574075,0.6666655555574075,0.6666655555574075,0.6666655555574075,0.6666655555574075,0.6666655555574075,0.6666655555574075,0.6666655555574075,0.6999988333352783,0.7166654722242125,0.733332111113148,0.733332111113148,0.733332111113148,0.733332111113148
9418500,0.6542313373850284,0.6595599184135037,0.6660726285594183,0.6749535969402104,0.6820583716448441,0.6838345653210025,0.6838345653210025,0.6879790172320392,0.7116615995808183,0.7146219223744156,0.716398116050574,0.7181743097267325,0.7235028907552079,0.7282394072249637,0.7430410211929508,0.7501457958975848,0.76672360354173,0.7750125073638029,0.7992871542713017,0.802247477064899,0.802247477064899,0.8288903822072758,0.8318507050008731,0.8407316733816653,0.8549412227909331,0.8555332873496525,0.8614539329368474,0.8644142557304446,0.8697428367589201,0.8809920633745902,0.8910571608728215,0.8963857419012967,0.9147397432216007,0.9206603888087955,0.9348699382180631,0.9407905838052579,0.9502636167447697,0.9502636167447697,0.9502636167447697,0.9555921977732451,0.959144585125562,0.9674334889476347,0.9703938117412321,0.9709858762999516,0.973946199093549,0.9822351029156218,0.9887478130615361,0.9946684586487309,0.9976287814423281,0.9976287814423281,0.9999970396772064,0.9976287814423281,0.9970367168836087,0.9946684586487309,0.9911160712964141,0.9822351029156218,0.973946199093549,0.9709858762999516,0.9561842623319645,0.9502636167447697,0.9348699382180631,0.9206603888087955,0.8910571608728215,0.888096838079224,0.873295224111237,0.8413237379403851,0.8318507050008731,0.802247477064899,0.802247477064899,0.7726442491289248,0.7726442491289248,0.769091861776608,0.7637632807481327,0.7608029579545355,0.7430410211929508,0.7270552781075247,0.7134377932569766,0.6950837919366727,0.6897552109081974,0.6891631463494777,0.6897552109081974,0.6921234691430752,0.6897552109081974,0.6838345653210025,0.6838345653210025,0.6838345653210025,0.6838345653210025,0.6838345653210025,0.6785059842925273,0.6595599184135037,0.6571916601786258,0.6571916601786258,0.6542313373850284,0.6542313373850284,0.6542313373850284,0.6548234019437479,0.6554154665024673,0.6560075310611868,0.6714012095878936,0.6838345653210025,0.6838345653210025,0.6785059842925272,0.6571916601786258,0.6542313373850284,0.6542313373850284,0.6542313373850284,0.6542313373850284,0.6542313373850284,0.6246281094490542,0.5950248815130802,0.574894686516618,0.5654216535771059,0.5417390712283267,0.534634296523693,0.5091755204987551,0.5062151977051577,0.5044390040289993,0.48726913182613435,0.4766119697691835,0.4677310013883913,0.4564817747727212,0.4470087418332095,0.43694364433497834,0.42273409492571073,0.4174055138972353,0.40556422272284565,0.38780228596126115,0.38780228596126115,0.37004034919967665,0.358199058025287,0.358199058025287,0.3285958300893129,0.3285958300893129,0.31971486170852065,0.2989926021533387,0.29603227935974136,0.26938937421736464,0.2664290514237672,0.25458776024937757,0.2427464690749879,0.2397861462813905,0.2397861462813905,0.2397861462813905,0.22794485510700083,0.21314324113901376,0.21018291834541633,0.21018291834541633,0.20130194996462417,0.18354001320303967,0.18057969040944225,0.16577807644145517,0.15689710806066293,0.15097646247346808,0.14801613967987068,0.13321452571188358,0.1243335573310914,0.12137323453749399,0.12137323453749399,0.11249226615670174,0.1065716205695069,0.09769065218871466,0.09177000660151984,0.085849361014325,0.07696839263353275,0.07104774704633796,0.06512710145914312,0.05624613307835087,0.05328581028475345,0.044404841903961205,0.041444519110363794,0.03552387352316899,0.03256355072957157,0.026642905142376744,0.02072225955518191,0.01480161396798708,0.011841291174389664,0.011841291174389664,0.008880968380792248,0.008880968380792248,0.008880968380792248,0.008880968380792248,0.008880968380792248,0.008880968380792248,0.005920645587194832,0.005920645587194832,0.002960322793597416,0.002960322793597416,0.002960322793597416,0.0,0.002960322793597416,0.002960322793597416,0.005920645587194832,0.005920645587194832,0.008880968380792248,0.01480161396798708,0.017761936761584496,0.02368258234877933,0.026642905142376744,0.03256355072957157,0.03256355072957157,0.03552387352316899,0.03552387352316899,0.03552387352316899,0.03552387352316899,0.03552387352316899,0.03552387352316899,0.03552387352316899,0.03552387352316899,0.03552387352316899,0.03256355072957157,0.03256355072957157,0.02960322793597416,0.026642905142376744,0.026642905142376744,0.026642905142376744,0.02368258234877933,0.02368258234877933,0.02368258234877933,0.02368258234877933,0.026642905142376744,0.02368258234877933,0.02368258234877933,0.02072225955518191,0.02072225955518191,0.02072225955518191,0.017761936761584496,0.017761936761584496,0.017761936761584496,0.017761936761584496,0.01480161396798708,0.01480161396798708,0.011841291174389664,0.011841291174389664,0.011841291174389664,0.008880968380792248,0.008880968380792248,0.008880968380792248,0.011841291174389664,0.011841291174389664,0.011841291174389664,0.011841291174389664,0.01480161396798708,0.01480161396798708,0.01480161396798708,0.01480161396798708,0.01480161396798708,0.01480161396798708,0.01480161396798708,0.011841291174389664,0.011841291174389664,0.01480161396798708,0.01480161396798708,0.017761936761584496,0.017761936761584496,0.017761936761584496,0.02072225955518191,0.026642905142376744,0.017761936761584496,0.017761936761584496,0.017761936761584496,0.023090517790059877,0.02901116337725471,0.02960322793597416,0.02960322793597416,0.031971486170852124,0.03256355072957157,0.03552387352316899,0.03552387352316899,0.03552387352316899,0.03552387352316899,0.038484196316766375,0.038484196316766375,0.04085245455164434,0.04085245455164434,0.041444519110363794,0.041444519110363794,0.041444519110363794,0.044404841903961205,0.04736516469755862,0.05032548749115604,0.05328581028475345,0.05565406851963142,0.05624613307835087,0.05920645587194829,0.05920645587194829,0.0621667786655457,0.06512710145914312,0.06749535969402105,0.07104774704633796,0.07696839263353275,0.08288903822072759,0.08880968380792241,0.09177000660151984,0.09177000660151984,0.10065097498231208,0.10953194336310433,0.11249226615670174,0.12137323453749399,0.12137323453749399,0.12137323453749399,0.1272938801246888,0.13025420291828618,0.13913517129907843,0.14801613967987068,0.15097646247346808,0.15097646247346808,0.15985743085426032,0.17169872202865,0.17465904482224742,0.18057969040944225,0.18650033599663707,0.21018291834541633,0.21018291834541633,0.2249845323134034,0.2397861462813905,0.2397861462813905,0.2397861462813905,0.2397861462813905,0.26938937421736464,0.26938937421736464,0.26938937421736464,0.26938937421736464,0.26938937421736464,0.26938937421736464,0.2901116337725465,0.2989926021533387,0.2989926021533387,0.2989926021533387,0.2989926021533387,0.2989926021533387,0.3108338933277284,0.3167545389149232,0.3226751845021181,0.3256355072957155,0.3285958300893129,0.3285958300893129,0.3285958300893129,0.3285958300893129,0.33747679847010514,0.35227841243809216,0.358199058025287,0.36115938081888443,0.37892131758046893,0.38780228596126115,0.38780228596126115,0.393722931548456,0.39964357713565085,0.40556422272284565,0.4144451911036378,0.4174055138972353,0.4174055138972353,0.42332615948443014,0.44108809624601464,0.4446404835983315,0.4470087418332095,0.4487849355093681,0.4742437115343057,0.4766119697691835,0.4825326153563783,0.494373906530768,0.5020707457941214,0.5062151977051577,0.5091755204987551,0.5121358432923525,0.5334501674062541,0.5358184256411318
9419000,0.9090900826453795,0.9090900826453795,0.9090900826453795,0.9090900826453795,0.9090900826453795,0.9090900826453795,0.9090900826453795,0.9090900826453795,0.9090900826453795,0.9090900826453795,0.9090900826453795,0.9090900826453795,0.9090900826453795,0.9090900826453795,0.9090900826453795,0.9090900826453795,0.9090900826453795,0.9090900826453795,0.9090900826453795,0.9090900826453795,0.914544623141252,0.9181809834718334,0.9272718842982873,0.9363627851247406,0.9363627851247406,0.9272718842982873,0.9181809834718334,0.9181809834718334,0.9345446049594501,0.9363627851247406,0.9454536859511945,0.9545445867776484,0.9618173074388113,0.9818172892570095,0.9999990909099173,0.9999990909099173,0.9999990909099173,0.9999990909099173,0.9999990909099173,0.9999990909099173,0.9999990909099173,0.9999990909099173,0.9999990909099173,0.9999990909099173,0.9999990909099173,0.9999990909099173,0.9999990909099173,0.9999990909099173,0.9999990909099173,0.9999990909099173,0.9999990909099173,0.9999990909099173,0.9999990909099173,0.9999990909099173,0.9999990909099173,0.9999990909099173,0.9999990909099173,0.9999990909099173,0.9999990909099173,0.9909081900834634,0.9818172892570095,0.9818172892570095,0.9545445867776484,0.9454536859511945,0.9272718842982873,0.9090900826453795,0.9090900826453795,0.9090900826453795,0.9090900826453795,0.9090900826453795,0.9090900826453795,0.9090900826453795,0.9090900826453795,0.9090900826453795,0.8909082809924715,0.8727264793395644,0.8545446776866565,0.8363628760337494,0.8363628760337494,0.8272719752072955,0.8181810743808415,0.8181810743808415,0.8181810743808415,0.8181810743808415,0.8181810743808415,0.8181810743808415,0.8181810743808415,0.8181810743808415,0.8181810743808415,0.8090901735543876,0.7999992727279337,0.7909083719014803,0.7818174710750264,0.7727265702485725,0.7636356694221186,0.7636356694221186,0.7363629669427575,0.7363629669427575,0.7272720661163036,0.7272720661163036,0.7272720661163036,0.7272720661163036,0.7272720661163036,0.7272720661163036,0.7272720661163036,0.7272720661163036,0.7272720661163036,0.7181811652898497,0.7181811652898497,0.7272720661163036,0.7272720661163036,0.7272720661163036,0.7272720661163036,0.7272720661163036,0.7272720661163036,0.7272720661163036,0.7272720661163036,0.7272720661163036,0.7181811652898497,0.7181811652898497,0.7090902644633957,0.6836357421493257,0.6818175619840345,0.6818175619840345,0.6818175619840345,0.6818175619840345,0.6727266611575806,0.6727266611575806,0.6672721206617088,0.6454539586782195,0.6363630578517656,0.6363630578517656,0.6363630578517656,0.6363630578517656,0.6363630578517656,0.6363630578517656,0.6363630578517656,0.6363630578517656,0.6363630578517656,0.6363630578517656,0.5909085537194967,0.5454540495872277,0.5454540495872277,0.5454540495872277,0.5454540495872277,0.5454540495872277,0.49090864462850475,0.45454504132268975,0.45454504132268975,0.45454504132268975,0.45454504132268975,0.45454504132268975,0.45454504132268975,0.4381814198350729,0.36727239338873324,0.3636360330581518,0.3636360330581518,0.3636360330581518,0.3636360330581518,0.2999997272729753,0.2727270247936138,0.2727270247936138,0.2727270247936138,0.2727270247936138,0.2727270247936138,0.24545432231425238,0.21818161983489093,0.18909073719023878,0.1818180165290759,0.1818180165290759,0.1818180165290759,0.1818180165290759,0.1818180165290759,0.1818180165290759,0.17272711570262198,0.127272611570353,0.1181817107438994,0.092727188429829,0.09090900826453795,0.09090900826453795,0.09090900826453795,0.09090900826453795,0.09090900826453795,0.09090900826453795,0.09090900826453795,0.09090900826453795,0.09090900826453795,0.09090900826453795,0.09090900826453795,0.09090900826453795,0.09090900826453795,0.09090900826453795,0.09090900826453795,0.09090900826453795,0.09090900826453795,0.09090900826453795,0.09090900826453795,0.09090900826453795,0.09090900826453795,0.09090900826453795,0.09090900826453795,0.09090900826453795,0.09090900826453795,0.09090900826453795,0.07272720661163042,0.0636363057851765,0.0636363057851765,0.0545454049587229,0.04545450413226897,0.04545450413226897,0.03636360330581505,0.009090900826453923,0.0,0.0,0.0,0.0,0.0,0.0,0.0,0.009090900826453923,0.009090900826453923,0.009090900826453923,0.009090900826453923,0.0,0.009090900826453923,0.0,0.0,0.0,0.0,0.0,0.0,0.018181801652907524,0.02727270247936145,0.0545454049587229,0.0636363057851765,0.08181810743808401,0.09090900826453795,0.09090900826453795,0.09090900826453795,0.09090900826453795,0.09090900826453795,0.09090900826453795,0.09090900826453795,0.09090900826453795,0.09090900826453795,0.09090900826453795,0.09090900826453795,0.1818180165290759,0.1818180165290759,0.1818180165290759,0.1818180165290759,0.1818180165290759,0.1818180165290759,0.1818180165290759,0.2727270247936138,0.2727270247936138,0.2727270247936138,0.2727270247936138,0.2727270247936138,0.2727270247936138,0.2727270247936138,0.2727270247936138,0.2727270247936138,0.2727270247936138,0.2727270247936138,0.2727270247936138,0.2727270247936138,0.2727270247936138,0.2727270247936138,0.2727270247936138,0.2727270247936138,0.2727270247936138,0.2727270247936138,0.2727270247936138,0.2727270247936138,0.2727270247936138,0.2727270247936138,0.2727270247936138,0.2727270247936138,0.2727270247936138,0.2727270247936138,0.2727270247936138,0.2727270247936138,0.2727270247936138,0.2727270247936138,0.2909088264465214,0.2981815471076846,0.3181815289258828,0.3272724297523367,0.3454542314052442,0.3636360330581518,0.3636360330581518,0.3636360330581518,0.3636360330581518,0.3636360330581518,0.3636360330581518,0.3727269338846057,0.39999963636396685,0.4199996181821654,0.4363632396697822,0.45454504132268975,0.45454504132268975,0.45454504132268975,0.45454504132268975,0.48181774380205117,0.49999954545495867,0.5090904462814126,0.5109086264467033,0.5199995272731569,0.5381813289260647,0.5454540495872277,0.5454540495872277,0.5454540495872277,0.5636358512401352,0.5909085537194967,0.5999994545459506,0.6090903553724042,0.6272721570253117,0.6363630578517656,0.6363630578517656,0.6363630578517656,0.6545448595046734,0.6727266611575806,0.6909084628104885,0.6999993636369425,0.7090902644633957,0.7181811652898497,0.7272720661163036,0.7272720661163036,0.7272720661163036,0.7272720661163036,0.7272720661163036,0.7272720661163036,0.7272720661163036,0.7272720661163036,0.7454538677692114,0.7454538677692114,0.7545447685956647,0.7545447685956647,0.7454538677692114,0.7509084082650839,0.7581811289262468,0.7636356694221186,0.7727265702485725,0.7727265702485725,0.7909083719014803,0.7999992727279337,0.8181810743808415,0.8181810743808415,0.8181810743808415,0.8181810743808415,0.8181810743808415,0.821817434711423,0.821817434711423,0.8272719752072955,0.8363628760337494,0.8436355966949123,0.8545446776866565,0.8727264793395644,0.8763628396701458,0.8909082809924715,0.8909082809924715,0.9090900826453795,0.9090900826453795,0.9090900826453795,0.9090900826453795
9424450,0.45668204982861066,0.45668204982861066,0.45668204982861066,0.45668204982861066,0.45668204982861066,0.45668204982861066,0.45668204982861066,0.45668204982861066,0.45668204982861066,0.4663076668039209,0.4663076668039209,0.4663076668039209,0.4663076668039209,0.4663076668039209,0.4663076668039209,0.4737942577847181,0.518713803669499,0.518713803669499,0.518713803669499,0.5347564986283494,0.5347564986283494,0.5347564986283494,0.5347564986283494,0.5347564986283494,0.5368955246228628,0.5507991935872005,0.572189453532334,0.5796760445131308,0.5882321484911844,0.5893016614884417,0.5893016614884417,0.593579713477468,0.5967882524692385,0.6171089994171156,0.625665103395169,0.625665103395169,0.625665103395169,0.625665103395169,0.625665103395169,0.625665103395169,0.625665103395169,0.625665103395169,0.6481248763375596,0.6663065972909233,0.6791407532580037,0.7165737081619884,0.7165737081619884,0.7165737081619884,0.7165737081619884,0.7326164031208388,0.7326164031208388,0.7326164031208388,0.7326164031208388,0.7486590980796893,0.7593542280522564,0.7700493580248233,0.7860920529836737,0.7967871829562405,0.8138993909123476,0.8395677028465085,0.8395677028465085,0.8502628328190757,0.8502628328190757,0.8620274757888995,0.8887653007203169,0.8930433527093437,0.911225073662708,0.9326153336078414,0.9465190025721785,0.947588515569435,0.9721873145063398,0.9999946524350137,0.9999946524350137,0.9999946524350137,0.9999946524350137,0.9999946524350137,0.9999946524350137,0.9721873145063398,0.9465190025721785,0.9465190025721785,0.9465190025721785,0.8930433527093437,0.8727226057614668,0.8513323458163323,0.8502628328190757,0.840637215843765,0.8395677028465085,0.8395677028465085,0.8395677028465085,0.8395677028465085,0.8395677028465085,0.8395677028465085,0.8395677028465085,0.8395677028465085,0.8395677028465085,0.8395677028465085,0.8352896508574816,0.8181774429013745,0.7871615659809303,0.7860920529836737,0.7700493580248233,0.7700493580248233,0.7486590980796893,0.7326164031208388,0.7326164031208388,0.7122956561729615,0.6844883182442874,0.6737931882717204,0.625665103395169,0.625665103395169,0.625665103395169,0.6096224084363184,0.5679114015433072,0.5454516286009164,0.518713803669499,0.518713803669499,0.518713803669499,0.47593328377923105,0.46523815380666406,0.43850032887524665,0.41283201694108584,0.4117625039438291,0.4117625039438291,0.4117625039438291,0.40748445195480226,0.3903722439986951,0.37005149705081813,0.3582868540809943,0.3582868540809943,0.3165758471879829,0.3101587692044427,0.3101587692044427,0.29411607424559233,0.2780733792867417,0.25775263233886453,0.23529285939647396,0.22459772942390696,0.21390259945133996,0.20320746947877297,0.19785990449248933,0.18716477451992233,0.16684402757204517,0.15614889759947817,0.14438425462965435,0.12620253367629058,0.09197811776407618,0.0909086047668196,0.0909086047668196,0.0909086047668196,0.0909086047668196,0.0909086047668196,0.08128298779150941,0.0759354228052258,0.06630980582991562,0.05347564986283499,0.04919759787380819,0.04385003288752481,0.03850246790124143,0.03850246790124143,0.037432954903984614,0.037432954903984614,0.037432954903984614,0.037432954903984614,0.037432954903984614,0.037432954903984614,0.037432954903984614,0.037432954903984614,0.037432954903984614,0.037432954903984614,0.04385003288752481,0.04812808487655161,0.05347564986283499,0.05882321484911861,0.07486590980796898,0.08128298779150941,0.08556103978053597,0.0866305527777928,0.0909086047668196,0.0909086047668196,0.0909086047668196,0.0909086047668196,0.0909086047668196,0.0909086047668196,0.0909086047668196,0.0909086047668196,0.0909086047668196,0.0909086047668196,0.0909086047668196,0.0909086047668196,0.0909086047668196,0.0909086047668196,0.0909086047668196,0.0909086047668196,0.0909086047668196,0.0909086047668196,0.0909086047668196,0.0909086047668196,0.0909086047668196,0.0909086047668196,0.0909086047668196,0.0909086047668196,0.0909086047668196,0.0909086047668196,0.0909086047668196,0.0909086047668196,0.0909086047668196,0.0909086047668196,0.0909086047668196,0.0909086047668196,0.0909086047668196,0.0909086047668196,0.09732568275036003,0.10695129972566998,0.1080208127229268,0.11336837770921042,0.12299399468452035,0.12299399468452035,0.12299399468452035,0.12406350768177717,0.12834155967080396,0.13903668964337096,0.14438425462965435,0.14438425462965435,0.14438425462965435,0.14438425462965435,0.14438425462965435,0.14438425462965435,0.14438425462965435,0.14438425462965435,0.14438425462965435,0.14438425462965435,0.14438425462965435,0.14438425462965435,0.14438425462965435,0.14438425462965435,0.14438425462965435,0.14438425462965435,0.14438425462965435,0.14438425462965435,0.14438425462965435,0.14438425462965435,0.14438425462965435,0.14438425462965435,0.14438425462965435,0.13903668964337096,0.11336837770921065,0.10695129972566998,0.10267324773664341,0.09304763076133324,0.10695129972566998,0.10695129972566998,0.10267324773664341,0.09304763076133324,0.0909086047668196,0.0909086047668196,0.0909086047668196,0.0909086047668196,0.0909086047668196,0.0909086047668196,0.0909086047668196,0.0909086047668196,0.0909086047668196,0.0909086047668196,0.0909086047668196,0.0909086047668196,0.0909086047668196,0.0909086047668196,0.0909086047668196,0.0909086047668196,0.0909086047668196,0.0909086047668196,0.0909086047668196,0.0909086047668196,0.0909086047668196,0.08235250078876624,0.0759354228052258,0.07486590980796898,0.055614675857348625,0.04385003288752481,0.037432954903984614,0.022459772942390814,0.011764642969823816,0.010695129972566997,0.010695129972566997,0.0010695129972568185,0.0,0.0,0.0,0.0,0.0,0.0010695129972568185,0.010695129972566997,0.011764642969823816,0.016042694958850617,0.021390259945133994,0.037432954903984614,0.037432954903984614,0.037432954903984614,0.04491954588478139,0.05454516286009228,0.0802134747942526,0.0909086047668196,0.0909086047668196,0.0909086047668196,0.14438425462965435,0.14438425462965435,0.14438425462965435,0.14438425462965435,0.14438425462965435,0.14438425462965435,0.14438425462965435,0.15507938460222134,0.16577451457478834,0.16577451457478834,0.17753915754461216,0.18181720953363895,0.18823428751717963,0.18716477451992233,0.18716477451992233,0.18716477451992233,0.18716477451992233,0.18716477451992233,0.19251233950620597,0.19785990449248933,0.20427698247602977,0.21390259945133996,0.21925016443762332,0.22031967743488015,0.22031967743488015,0.2267367554184206,0.22031967743488015,0.2267367554184206,0.2267367554184206,0.2267367554184206,0.2267367554184206,0.22031967743488015,0.21925016443762332,0.21925016443762332,0.21925016443762332,0.21925016443762332,0.21925016443762332,0.22780626841567717,0.24064042438275732,0.24598798936904095,0.24598798936904095,0.24598798936904095,0.24598798936904095,0.25133555435532434,0.25133555435532434,0.25133555435532434,0.25133555435532434,0.25133555435532434,0.25133555435532434,0.25133555435532434,0.2673782493141747,0.3048112042181593,0.3122977951989561,0.3433136721194005,0.3529392890947107,0.3529392890947107,0.3529392890947107,0.3582868540809943,0.3582868540809943,0.3582868540809943,0.3582868540809943,0.3582868540809943
9426000,0.02398674608209596,0.02398674608209596,0.02398674608209596,0.02398674608209596,0.02398674608209596,0.02398674608209596,0.02398674608209596,0.02398674608209596,0.02398674608209596,0.02398674608209596,0.02398674608209596,0.02398674608209596,0.02398674608209596,0.02398674608209596,0.02398674608209596,0.024317597752193793,0.028122391958319296,0.032258037834542785,0.032258037834542785,0.032258037834542785,0.032258037834542785,0.032258037834542785,0.032258037834542785,0.032258037834542785,0.032258037834542785,0.032258037834542785,0.032258037834542785,0.032258037834542785,0.032258037834542785,0.032258037834542785,0.032258037834542785,0.040529329586989606,0.040529329586989606,0.09015708010167071,0.09015708010167071,0.09015708010167071,0.09015708010167071,0.09015708010167071,0.09015708010167071,0.09015708010167071,0.09015708010167071,0.09015708010167071,0.11497095535901133,0.11497095535901133,0.11497095535901133,0.11497095535901133,0.11497095535901133,0.11993373041047993,0.16790722257467156,0.19768387288347988,0.19768387288347988,0.19768387288347988,0.19768387288347988,0.19768387288347988,0.19768387288347988,0.19768387288347988,0.19768387288347988,0.19768387288347988,0.19768387288347988,0.19768387288347988,0.19768387288347988,0.19933813123396923,0.28039679040794846,0.28039679040794846,0.28039679040794846,0.28039679040794846,0.28039679040794846,0.28039679040794846,0.28039679040794846,0.28039679040794846,0.28039679040794846,0.28039679040794846,0.28039679040794846,0.28039679040794846,0.28039679040794846,0.28039679040794846,0.28039679040794846,0.28039679040794846,0.28039679040794846,0.28039679040794846,0.28039679040794846,0.28039679040794846,0.28039679040794846,0.28039679040794846,0.28039679040794846,0.28039679040794846,0.28039679040794846,0.28039679040794846,0.28039679040794846,0.28039679040794846,0.28039679040794846,0.28039679040794846,0.28039679040794846,0.28039679040794846,0.28039679040794846,0.28039679040794846,0.28039679040794846,0.28039679040794846,0.23407755659424703,0.19768387288347988,0.19768387288347988,0.19768387288347988,0.19768387288347988,0.19768387288347988,0.19768387288347988,0.19768387288347988,0.19768387288347988,0.19768387288347988,0.19768387288347988,0.19768387288347988,0.19768387288347988,0.19768387288347988,0.19768387288347988,0.19768387288347988,0.19768387288347988,0.19768387288347988,0.19768387288347988,0.19768387288347988,0.19768387288347988,0.19768387288347988,0.19768387288347988,0.19768387288347988,0.19768387288347988,0.19768387288347988,0.19768387288347988,0.19768387288347988,0.19768387288347988,0.19768387288347988,0.19768387288347988,0.19768387288347988,0.19768387288347988,0.19768387288347988,0.19768387288347988,0.28039679040794846,0.28039679040794846,0.28039679040794846,0.28039679040794846,0.28039679040794846,0.28039679040794846,0.28039679040794846,0.28039679040794846,0.28039679040794846,0.28039679040794846,0.28039679040794846,0.28039679040794846,0.28039679040794846,0.28039679040794846,0.28039679040794846,0.28039679040794846,0.28039679040794846,0.28039679040794846,0.2969393739128434,0.363109707932417,0.363109707932417,0.363109707932417,0.2969393739128434,0.2969393739128434,0.363109707932417,0.363109707932417,0.363109707932417,0.363109707932417,0.363109707932417,0.363109707932417,0.363109707932417,0.363109707932417,0.37965229143731194,0.363109707932417,0.363109707932417,0.288668082160396,0.28039679040794846,0.28039679040794846,0.28039679040794846,0.28039679040794846,0.28039679040794846,0.28039679040794846,0.28039679040794846,0.28039679040794846,0.28039679040794846,0.28039679040794846,0.28039679040794846,0.28039679040794846,0.28039679040794846,0.28039679040794846,0.28039679040794846,0.28039679040794846,0.28039679040794846,0.28039679040794846,0.28039679040794846,0.28039679040794846,0.28039679040794846,0.28039679040794846,0.19768387288347988,0.19768387288347988,0.19768387288347988,0.19768387288347988,0.19768387288347988,0.19768387288347988,0.19768387288347988,0.19768387288347988,0.19768387288347988,0.19768387288347988,0.19768387288347988,0.19768387288347988,0.21257219803788552,0.2737797570059911,0.28039679040794846,0.28039679040794846,0.2969393739128434,0.363109707932417,0.363109707932417,0.44582262545688556,0.44582262545688556,0.44582262545688556,0.44582262545688556,0.5285355429813541,0.5285355429813541,0.5285355429813541,0.5285355429813541,0.5285355429813541,0.5285355429813541,0.5285355429813541,0.5285355429813541,0.6112484605058226,0.6112484605058226,0.6112484605058226,0.6112484605058226,0.6112484605058226,0.6112484605058226,0.6112484605058226,0.6112484605058226,0.6112484605058226,0.6277910440107177,0.6939613780302912,0.6939613780302912,0.6939613780302912,0.6939613780302912,0.6939613780302912,0.6939613780302912,0.6939613780302912,0.6939613780302912,0.6939613780302912,0.7535146786479084,0.7667487454518244,0.8196850126674857,0.9354830972017395,0.9437543889541865,0.9586427141085905,0.9685682642115269,0.9834565893659312,0.9999991728708247,0.9999991728708247,0.9999991728708247,0.9768395559639738,0.9669140058610375,0.9669140058610375,0.9602969724590799,0.9586427141085905,0.9272118054492925,0.7187752532876324,0.6112484605058226,0.5450781264862478,0.5285355429813541,0.5285355429813541,0.5285355429813541,0.5285355429813541,0.4557481755598217,0.44582262545688556,0.4292800419519919,0.363109707932417,0.363109707932417,0.363109707932417,0.363109707932417,0.363109707932417,0.32340750752067204,0.2820510487584378,0.28039679040794846,0.28039679040794846,0.28039679040794846,0.28039679040794846,0.28039679040794846,0.20595516463592672,0.20595516463592672,0.20595516463592672,0.19768387288347988,0.19768387288347988,0.19768387288347988,0.19768387288347988,0.19768387288347988,0.16459870587369244,0.14143908896684143,0.11497095535901133,0.11497095535901133,0.11497095535901133,0.11497095535901133,0.11497095535901133,0.11497095535901133,0.11497095535901133,0.11497095535901133,0.11497095535901133,0.11497095535901133,0.11497095535901133,0.11497095535901133,0.10669966360656451,0.10669966360656451,0.10669966360656451,0.0752687549472664,0.06534320484433023,0.06534320484433023,0.032258037834542785,0.032258037834542785,0.032258037834542785,0.032258037834542785,0.032258037834542785,0.032258037834542785,0.032258037834542785,0.032258037834542785,0.027626114453172614,0.01935482270072564,0.014061195979159648,0.014061195979159648,0.013399492638963973,0.012572363463719304,0.012406937628670312,0.012406937628670312,0.013399492638963973,0.01422662181420864,0.01422662181420864,0.014061195979159648,0.014061195979159648,0.01273778929876815,0.011579808453425645,0.011579808453425645,0.010752679278180976,0.009925550102936309,0.007775014247300142,0.007444162577202158,0.00661703340195749,0.002977665030880981,0.0,0.0,0.0004962775051468301,0.0,0.0,0.0,0.0,0.0,0.0,0.0,0.0,0.0,0.0,0.0,0.0,0.0,0.0,0.0,0.0,0.0,0.0,0.0,0.0,0.0,0.0,0.0036393683710766564,0.005459052556614985,0.007444162577202158
9430500,0.6670889029000785,0.6689894410849794,0.6718402483623303,0.6734240301830803,0.6750078120038306,0.6750078120038306,0.6765915938245812,0.6781753756453318,0.6781753756453318,0.6797591574660823,0.6781753756453318,0.6765915938245812,0.6762748374604312,0.6762748374604312,0.6765915938245812,0.6810261829226825,0.6810261829226825,0.6813429392868324,0.6845105029283334,0.6905288738471849,0.6968640011301866,0.6971807574943367,0.7000315647716876,0.7003483211358376,0.7003483211358376,0.7000315647716876,0.6971807574943367,0.6971807574943367,0.6968640011301866,0.6968640011301866,0.7003483211358376,0.7016153465924378,0.7019321029565881,0.7063666920546892,0.7063666920546892,0.7114347938810908,0.712701819337691,0.712701819337691,0.712701819337691,0.712701819337691,0.712701819337691,0.712701819337691,0.7161861393433419,0.7244218048112442,0.7285396375451951,0.7285396375451951,0.7285396375451951,0.7285396375451951,0.7285396375451951,0.7285396375451951,0.7285396375451951,0.7285396375451951,0.7374088157413976,0.7443774557526994,0.7456444812092999,0.7560974412262527,0.7747860667111078,0.7928411794676624,0.8188152013279694,0.8242000595185208,0.833385994078873,0.8479567868297773,0.855242183205229,0.8634778486731313,0.8710800014127333,0.8717135141410336,0.8872345759843876,0.8967372669088901,0.9030723941918919,0.9502690924502546,0.966740423386059,0.9819447288652631,0.984795536142614,0.9980993034369173,0.9999998416218179,0.9917641761539158,0.985429048870914,0.9835285106860133,0.9781436524954621,0.9515361179068551,0.9157426487578955,0.8964205105447403,0.8713967577768833,0.8362368013562241,0.8200822267845697,0.8124800740449676,0.8077287285827164,0.8004433322072645,0.7868228085488109,0.7716185030696067,0.7659168885149051,0.7602152739602036,0.7602152739602036,0.7602152739602036,0.7602152739602036,0.7450109684809997,0.7443774557526994,0.7304401757300955,0.7285396375451951,0.7285396375451951,0.7272726120885951,0.712701819337691,0.7098510120603403,0.6974975138584869,0.6968640011301866,0.6968640011301866,0.6905288738471851,0.6689894410849794,0.6651883647151782,0.649350546507674,0.6366802919416706,0.6183084228209658,0.6151408591794648,0.6018370918851612,0.6005700664285609,0.5910673755040583,0.5768133391173046,0.5597084954532001,0.5543236372626484,0.5384858190551443,0.52264800084764,0.5090274771891864,0.49128912079678166,0.4751345462251273,0.45929672801762306,0.4440924225384191,0.4345897316139165,0.4152675934007612,0.39594545518760604,0.3801076369801018,0.37060494605559924,0.36110225513109667,0.33607850236324,0.3205574405198859,0.3072536732255823,0.29838449502937997,0.2771618186313242,0.26765912770682165,0.2534050913200679,0.23756727311256365,0.22236296763335966,0.22014567308430893,0.20589163669755514,0.19163760031080135,0.18403544757119936,0.17421600028254666,0.15394359297694132,0.14254036386753818,0.13462145476378606,0.12353498201853311,0.11086472745252969,0.09819447288652629,0.09502690924502545,0.08710800014127333,0.07918909103752121,0.06715234919981797,0.06335127283001697,0.061767491009266526,0.0538485819055144,0.047513454622512726,0.039594545518760606,0.03325941823575893,0.031675636415008486,0.0269242909527572,0.020589163669755526,0.015837818207504243,0.015837818207504243,0.011403229109403036,0.007918909103752121,0.0034843200056509155,0.0003167563641501344,0.0,0.0,0.0,0.0,0.0,0.0,0.0,0.0,0.0,0.0,0.0003167563641501344,0.0034843200056509155,0.011403229109403036,0.012670254566003404,0.015837818207504243,0.020905920033905605,0.031675636415008486,0.0449794037093121,0.047513454622512726,0.06335127283001697,0.0636680291941671,0.07475450193942,0.08900853832617386,0.09502690924502545,0.11086472745252969,0.12670254566003394,0.14254036386753818,0.15837818207504242,0.16503006572219422,0.17421600028254666,0.18878679303345058,0.20272407305605425,0.20589163669755514,0.22172945490505938,0.23756727311256365,0.2505542840427171,0.25530562950496843,0.2692429095275721,0.2755780368105738,0.28508072773507637,0.3009185459425806,0.3173898768783851,0.3325941823575891,0.3484320005650933,0.36426981877259756,0.37757358606690117,0.3801076369801018,0.38707627699140373,0.39594545518760604,0.40798219702530936,0.42318650250451334,0.4323724370648658,0.44345890981011876,0.44821025527237,0.4545453825553718,0.4554956516478221,0.45929672801762306,0.45929672801762306,0.4554956516478221,0.45201133164217117,0.44852701163652015,0.44377566617426895,0.44345890981011876,0.44345890981011876,0.44345890981011876,0.44504269163086924,0.44852701163652015,0.4548621389195218,0.4580297025610227,0.4580297025610227,0.45929672801762306,0.45929672801762306,0.45929672801762306,0.45929672801762306,0.45929672801762306,0.47386752076852695,0.4751345462251273,0.4751345462251273,0.4754513025892774,0.4754513025892774,0.4754513025892774,0.4751345462251273,0.46278104802327397,0.45929672801762306,0.45929672801762306,0.4577129461968726,0.4561291643761221,0.44852701163652015,0.44345890981011876,0.44345890981011876,0.4393410770761677,0.4371237825271171,0.4371237825271171,0.4371237825271171,0.4339562188856162,0.4311054116082655,0.429204873423365,0.4276210916026145,0.4276210916026145,0.42635406614601423,0.42223623341206307,0.42223623341206307,0.42001893886301256,0.42001893886301256,0.41970218249886243,0.4184351570422621,0.42001893886301256,0.42128596431961285,0.42223623341206307,0.4276210916026145,0.4276210916026145,0.4279378479667647,0.429204873423365,0.4326891934290159,0.4409248588969182,0.44504269163086924,0.45169457527802104,0.45929672801762306,0.4643648298440244,0.4719669825836264,0.47703508441002784,0.48780480079113064,0.49097236443263154,0.49128912079678166,0.49889127353638363,0.5052264008193853,0.5068101826401358,0.5071269390042858,0.5163128735646383,0.52264800084764,0.5312004226796924,0.5384858190551443,0.5388025754192943,0.5527398554418981,0.5641430845513011,0.5752295572965541,0.5834652227644563,0.5891668373191579,0.5989862846078104,0.6018370918851612,0.6034208737059117,0.605004655526662,0.6081722191681629,0.6129235646304142,0.6145073464511646,0.6176749100926655,0.6224262555549167,0.6255938191964175,0.6287613828379185,0.6335127283001697,0.6338294846643199,0.6369970483058206,0.6430154192246723,0.6464997392303232,0.649350546507674,0.649350546507674,0.6512510846925743,0.6544186483340754,0.6575862119755761,0.6588532374321764,0.660437019252927,0.6623375574378275,0.6636045828944278,0.6651883647151782,0.6651883647151782,0.6651883647151782,0.6651883647151782,0.6699397101774294,0.67152349199818,0.6718402483623303,0.67152349199818,0.6731072738189303,0.6731072738189303,0.6731072738189303,0.6731072738189303,0.6731072738189303,0.6731072738189303,0.6731072738189303,0.6731072738189303,0.67152349199818,0.67152349199818,0.6699397101774294,0.6670889029000785,0.6655051210793282,0.6651883647151782,0.6651883647151782,0.6651883647151782,0.6651883647151782,0.6651883647151782,0.6651883647151782,0.6651883647151782,0.6655051210793282,0.6655051210793282,0.6667721465359285,0.6655051210793282
9430600,0.3720060776492936,0.3720060776492936,0.3720060776492936,0.3720060776492936,0.3720060776492936,0.383631267575834,0.383631267575834,0.383631267575834,0.3952564575023744,0.3952564575023744,0.39758149548768273,0.40688164742891486,0.40688164742891486,0.40688164742891486,0.40688164742891486,0.4075791588245073,0.4185068373554553,0.4236219209231333,0.41920434875104784,0.43013202728199573,0.43129454627464986,0.4361771260437967,0.4361771260437967,0.4396646830217589,0.4417572172085361,0.4417572172085361,0.45012735395564524,0.45338240713507655,0.46314756667337054,0.465007597061617,0.465007597061617,0.4652401008601478,0.4722152148160721,0.47663278698815736,0.47663278698815736,0.47663278698815736,0.478492817376404,0.4777953059808115,0.4791903287719965,0.4854679313323282,0.48825797691469786,0.4896529997058828,0.4896529997058828,0.48825797691469786,0.4903505111014753,0.49988316684123824,0.5070907845956935,0.5259235922766888,0.5347587366208595,0.5349912404193903,0.5466164303459308,0.5635892076386799,0.5761444127593436,0.6226451724655052,0.6500806206921406,0.691001289233563,0.7444771628956488,0.7642399857707676,0.7779577098840855,0.7965580137665502,0.8156233252460764,0.8379436899050339,0.8556139785933758,0.8953721281421435,0.9090898522554615,0.9272251485408642,0.943500414438021,0.9621007183204855,0.9888386551515286,0.9999988374810074,0.9999988374810074,0.993256227323614,0.9695408398734718,0.9595431765366467,0.9344327662953194,0.9090898522554615,0.8953721281421435,0.8835144344170722,0.8700292141022855,0.8509639026227593,0.829806056956456,0.8253884847843701,0.8253884847843701,0.7981855403562658,0.7905129150047489,0.7614499401883983,0.7526147958442271,0.7365720337456015,0.7230868134308146,0.6928613196218094,0.6607757954245578,0.6393854459597234,0.6200876306816666,0.5847470533049837,0.5626591924445566,0.5389438049944144,0.5194134859178263,0.5154609213428024,0.5115083567677787,0.5031382200206698,0.49174553389266,0.4805853515631812,0.47105269582341797,0.465007597061617,0.4536149109336074,0.43896717162616644,0.4326895690658346,0.4185068373554553,0.403161586652422,0.3857238017626114,0.3750286270301942,0.34038556104910384,0.32550531794313187,0.3141126318151223,0.30225493809005105,0.30039490770180466,0.2906297481635106,0.2706344214898613,0.2541266517941738,0.24436149225587978,0.22622619597047677,0.20948592247625847,0.19809323634824888,0.19344316037763265,0.1860030388246468,0.17577287168929123,0.17437784889810637,0.16298516277009675,0.151824980440618,0.1395022791184851,0.12787708919194468,0.10602173213004872,0.09416403840497745,0.08625890925492997,0.08021381049312892,0.06998364335777338,0.06324103320037995,0.05115083567677787,0.03952564575023745,0.030225493809005105,0.022320364658957627,0.013020212717725287,0.00488257976914699,0.0011625189926540425,0.0,0.0,0.0,0.0,0.0,0.0,0.0,0.0,0.0,0.0,0.0,0.0,0.0,0.0,0.0,0.0,0.0,0.0,0.0,0.0,0.0,0.0,0.0,0.0,0.0,0.0,0.0,0.0,0.0,0.0,0.0,0.0,0.0,0.0,0.0,0.0,0.0,0.0,0.0,0.0,0.0,0.0,0.0,0.0,0.0,0.0,0.0,0.0,0.0,0.0,0.0,0.0,0.0,0.0,0.0,0.0,0.0,0.0,0.0,0.0,0.0011625189926540425,0.007207617754455074,0.011625189926540425,0.014182731710379329,0.021157845666303587,0.03510807357815209,0.046733263504692514,0.06045098761801021,0.0734712003357355,0.09439654220350828,0.10578922833151787,0.11625189926540425,0.1362472259390538,0.14740740826853269,0.1618226437774427,0.1804229476599074,0.1976282287511872,0.22087860860426806,0.2325037985308085,0.23366631752346262,0.24784904923384188,0.25575417838388936,0.25575417838388936,0.2580792163691977,0.26737936831042974,0.26737936831042974,0.26737936831042974,0.25575417838388936,0.25575417838388936,0.2511041024132732,0.24784904923384188,0.24412898845734893,0.2390139048896712,0.23366631752346262,0.2325037985308085,0.2325037985308085,0.2325037985308085,0.2325037985308085,0.22878373775431565,0.22227363139545292,0.22413366178369948,0.22087860860426806,0.22087860860426806,0.22087860860426806,0.22087860860426806,0.21785605922336765,0.20925341867772765,0.19809323634824888,0.19460567937028675,0.1860030388246468,0.17647038308488375,0.17437784889810637,0.1641476817627508,0.16275265897156593,0.15228998803767968,0.15112746904502553,0.15112746904502553,0.15112746904502553,0.1395022791184851,0.1395022791184851,0.12903960818459873,0.12787708919194468,0.12787708919194468,0.12229699802720533,0.11718191445952758,0.11625189926540425,0.11532188407128104,0.11299684608597295,0.11067180810066486,0.10927678530947998,0.10927678530947998,0.10578922833151787,0.10346419034620978,0.10230167135355574,0.09927912197265526,0.1011391523609017,0.1011391523609017,0.09927912197265526,0.09927912197265526,0.10020913716677847,0.1011391523609017,0.10230167135355574,0.10346419034620978,0.10578922833151787,0.1083467701153568,0.11415936507862699,0.1255520512066366,0.12787708919194468,0.12787708919194468,0.13020212717725277,0.13368968415521487,0.1362472259390538,0.1395022791184851,0.1395022791184851,0.1395022791184851,0.14089730190966998,0.14415235508910126,0.14787241586559421,0.15112746904502553,0.15228998803767957,0.1550800336200493,0.1615901399789119,0.16275265897156593,0.16507769695687402,0.16763523874071296,0.17437784889810637,0.17437784889810637,0.17437784889810637,0.1778654058760685,0.18298048944374634,0.1860030388246468,0.1860030388246468,0.1860030388246468,0.19204813758644781,0.1976282287511872,0.19786073254971806,0.20925341867772765,0.20925341867772765,0.21436850224540546,0.22087860860426806,0.22343615038810696,0.22901624155284636,0.23041126434403122,0.2325037985308085,0.2325037985308085,0.2325037985308085,0.23389882132199336,0.23947891248673275,0.24412898845734893,0.24412898845734893,0.2457565150470646,0.2527316290029889,0.25575417838388936,0.2578467125706667,0.26737936831042974,0.26737936831042974,0.2676118721089606,0.2708669252883919,0.274354482266354,0.2766795202516621,0.2790045582369702,0.2790045582369702,0.2803995810281551,0.2862121759914253,0.2906297481635106,0.2906297481635106,0.2906297481635106,0.2969073507238425,0.30225493809005105,0.30225493809005105,0.3138801280165915,0.3143451356136532,0.32550531794313187,0.32550531794313187,0.32550531794313187,0.3371305078696723,0.3371305078696723,0.34875569779621274,0.34875569779621274,0.34875569779621274,0.34875569779621274,0.34875569779621274
9431500,0.8977974637716576,0.89482790214948,0.8933431213383912,0.8933431213383912,0.8935905848069061,0.89482790214948,0.8935905848069061,0.8935905848069061,0.8935905848069061,0.8935905848069061,0.8960652194920541,0.9010144888623498,0.9022518062049238,0.9022518062049238,0.9034891235474977,0.9044789774215568,0.9044789774215568,0.9044789774215568,0.9044789774215568,0.9044789774215568,0.9047264408900716,0.9158622969732372,0.9168521508472963,0.9168521508472963,0.9168521508472963,0.9168521508472963,0.9175945412528407,0.9210590298120478,0.9245235183712549,0.9269981530564028,0.9292253242730358,0.9351644475173908,0.9415984976987753,0.9415984976987753,0.9415984976987753,0.9406086438247162,0.9371441552655091,0.9393713264821423,0.9396187899506571,0.9371441552655091,0.9371441552655091,0.9346695205803611,0.9346695205803611,0.9391238630136274,0.9396187899506571,0.9396187899506571,0.9346695205803611,0.9302151781470951,0.9292253242730358,0.9292253242730358,0.9292253242730358,0.9292253242730358,0.9302151781470951,0.9346695205803611,0.9371441552655091,0.9396187899506571,0.9415984976987753,0.9415984976987753,0.9415984976987753,0.9415984976987753,0.9415984976987753,0.9381340091395682,0.9391238630136274,0.9391238630136274,0.94184596116729,0.9480325478801598,0.9539716711245148,0.958426013557781,0.9673346984243134,0.9787180179759938,0.9868843124369818,0.9898538740591594,0.9910911914017333,0.9910911914017333,0.9910911914017333,0.9910911914017333,0.991586118338763,0.9948031434294551,0.9999998762682657,0.9999998762682657,0.9948031434294551,0.9901013375276742,0.9844096777518339,0.9787180179759938,0.9663448445502543,0.9381340091395682,0.9324423493637282,0.9272456165249175,0.8928481944013618,0.8901260962476991,0.8787427766960187,0.8750308246682968,0.8656272128647349,0.8589456992148355,0.8510268682223623,0.8364265235799896,0.8188566173154397,0.8072258342952444,0.7933678800584162,0.7859439760029728,0.780747243164162,0.7683740697384225,0.7579806040608013,0.7436277228869436,0.7386784535166476,0.7277900609019969,0.706508202609725,0.6693886823325066,0.6639444860251812,0.632269162055288,0.6149467192592529,0.6003463746168802,0.5867358838485668,0.5706507583951055,0.5580301215008512,0.5456569480751117,0.5332837746493722,0.5233852359087806,0.5186834300069996,0.5085374277978931,0.49022513112779875,0.4790892750446332,0.4714179075206747,0.4590447340949352,0.44716648760622535,0.4466715606691957,0.43454585071197105,0.42538970237692386,0.4219252138177167,0.40955204039197723,0.3875277916941609,0.37243252011475875,0.3553575407872383,0.33531299983754026,0.32293982641180075,0.3157633858248719,0.3033902123991324,0.2858203061345823,0.27715908473656464,0.2610739592831033,0.24894824932587864,0.236822539368654,0.22296458513182568,0.20935409436351224,0.19574360359519877,0.18683491872866634,0.17446174530292685,0.16109871800312822,0.1499628619199627,0.14476612908115208,0.13511505380907526,0.12496905159996886,0.11259587817422938,0.11259587817422938,0.10022270474848989,0.09279880069304618,0.08784953132275039,0.07968323686176237,0.0754763578970109,0.07077455199522995,0.0631031844712714,0.05939123244354955,0.05196732838810588,0.048255376360384024,0.038356837619792424,0.03736698374573329,0.02845829887920082,0.02598366419405293,0.024746346851478983,0.01855976013860924,0.016085125453461326,0.013610490768313437,0.013610490768313437,0.010146002209106409,0.0037119520277218345,0.0012373173425739448,0.0012373173425739448,0.0012373173425739448,0.0,0.0012373173425739448,0.0012373173425739448,0.0012373173425739448,0.0014847808110887294,0.013610490768313437,0.013610490768313437,0.016085125453461326,0.023756492977419847,0.026478591131082564,0.0336550317180114,0.038356837619792424,0.04850283982889881,0.05073001104553192,0.055926743884342524,0.06805245384156719,0.0754763578970109,0.08784953132275039,0.10022270474848989,0.11259587817422938,0.1205147091667027,0.1301657844387795,0.13758968849422318,0.14971539845144785,0.16010886412906908,0.17446174530292685,0.17446174530292685,0.18683491872866634,0.1875773091342108,0.19920809215440585,0.2105914117060862,0.21158126558014534,0.21158126558014534,0.21306604639123405,0.22395443900588483,0.23657507590013915,0.2610739592831033,0.2734471327088428,0.29571884487517386,0.3105666529860613,0.32293982641180075,0.33531299983754026,0.380351351107232,0.3984161843088117,0.4219252138177167,0.4456817067951366,0.4590447340949352,0.4590447340949352,0.4590447340949352,0.4590447340949352,0.47166537098918954,0.482801227072355,0.47562478648542617,0.4731501518002782,0.4726552248632486,0.4622617591856275,0.4622617591856275,0.4657262477448346,0.4657262477448346,0.47166537098918954,0.47166537098918954,0.4731501518002782,0.4667161016188937,0.46201429571711267,0.4590447340949352,0.46201429571711267,0.45953966103196486,0.4654787842763198,0.46844834589849726,0.46844834589849726,0.4753773230169113,0.4721602979262191,0.4667161016188937,0.46201429571711267,0.4590447340949352,0.4540954647246394,0.4516208300394915,0.4466715606691957,0.4342983872434562,0.4293491178731605,0.4234099946288055,0.4177183348529652,0.40955204039197723,0.40707740570682927,0.4036129171476223,0.3999009651199004,0.3999009651199004,0.3971788669662377,0.38901257250524973,0.38505315700901305,0.37861910682762856,0.3751546182684214,0.3729274470517884,0.3729274470517884,0.37243252011475875,0.3729274470517884,0.37243252011475875,0.37243252011475875,0.37243252011475875,0.37243252011475875,0.37243252011475875,0.37243252011475875,0.37243252011475875,0.37243252011475875,0.3729274470517884,0.3751546182684214,0.3763919356109954,0.3778767164220842,0.3875277916941611,0.3971788669662377,0.3971788669662377,0.40633501530128496,0.4152437001678175,0.43825780273969284,0.4518682935080063,0.46770595549295285,0.47859434810760365,0.49616425437215367,0.5013609872109642,0.5154664049163074,0.5209106012236326,0.5236326993772955,0.5335312381178869,0.5471417288862004,0.5580301215008512,0.5704032949265906,0.5723830026747089,0.5827764683523301,0.5906952993448034,0.5978717399317323,0.6198959886295486,0.632269162055288,0.6446423354810276,0.658252826249341,0.6698836092695363,0.6817618557582461,0.6921553214358672,0.6980944446802223,0.706508202609725,0.7131897162596245,0.7188813760354645,0.730264695587145,0.7339766476148667,0.7436277228869436,0.7436277228869436,0.752536407753476,0.7587229944663457,0.7683740697384225,0.7683740697384225,0.778520071947529,0.7812421701011917,0.7918830992473275,0.7968323686176232,0.8054935900156409,0.8139073479451439,0.8181142269098951,0.826527984839398,0.8302399368671198,0.8391486217336523,0.8428605737613741,0.84780984313167,0.8502844778168179,0.8549862837185989,0.8554812106556285,0.8601830165574095,0.8614203338999834,0.8648848224591904,0.8673594571443384,0.8673594571443384,0.8685967744869122,0.874783361199782,0.8772579958849299,0.8797326305700779,0.8883938519680955,0.8921058039958173,0.8921058039958173,0.8933431213383912,0.8933431213383912,0.8933431213383912,0.8945804386809653,0.8945804386809653,0.8970550733661132,0.8945804386809653,0.8945804386809653,0.899529708051261,0.900767025393835,0.903241660078983,0.9044789774215568
9432000,0.8566352291917212,0.853918406069132,0.853918406069132,0.853918406069132,0.8537094196750867,0.8537094196750867,0.8537094196750867,0.8537094196750867,0.8537094196750867,0.8537094196750867,0.8537094196750867,0.8537094196750867,0.8537094196750867,0.853918406069132,0.8551723244334039,0.8641587393773522,0.8652036713475787,0.8729361679272551,0.8746080590796176,0.8750260318677083,0.8802506917188411,0.8850573787818831,0.8850573787818831,0.8852663651759284,0.8879831882985175,0.8955066984841485,0.8955066984841485,0.8955066984841485,0.8975965624246016,0.9009403447293265,0.9040751406400062,0.9040751406400062,0.9051200726102328,0.9051200726102328,0.9024032494876437,0.9024032494876437,0.9009403447293265,0.8982235216067376,0.8975965624246016,0.8975965624246016,0.8982235216067376,0.8980145352126921,0.8980145352126921,0.8975965624246016,0.8959246712722392,0.8955066984841485,0.8955066984841485,0.8955066984841485,0.8955066984841485,0.8955066984841485,0.8959246712722392,0.8998954127591,0.902612235881689,0.9059560181864139,0.9059560181864139,0.9059560181864139,0.9084638549149576,0.9122256100077731,0.913479528372045,0.9164053378886794,0.9164053378886794,0.9164053378886794,0.9164053378886794,0.9184952018291325,0.9268546575909449,0.9316613446539869,0.9373039772932102,0.9477532969954757,0.9582026166977412,0.9625913309726927,0.979101256102272,0.9895505758045375,0.9895505758045375,0.9895505758045375,0.9999998955068029,0.9999998955068029,0.9999998955068029,0.9895505758045375,0.9895505758045375,0.9895505758045375,0.9895505758045375,0.979101256102272,0.979101256102272,0.9644722085191004,0.9452454602669321,0.9373039772932102,0.9268546575909449,0.9164053378886794,0.8929988617556048,0.8746080590796176,0.8656216441356693,0.8541273924631774,0.8537094196750867,0.8432600999728213,0.834900644211009,0.8298849707539215,0.8223614605682904,0.8119121408660249,0.7843259368520442,0.7659351341760571,0.7538139233214293,0.7350051478573513,0.7182862363337267,0.6994774608696489,0.6867292908328849,0.684639426892432,0.6760709847365742,0.6656216650343088,0.6551723453320433,0.6451409984178685,0.6342737059275124,0.6240333726192923,0.6029257468207161,0.5928943999065414,0.5632183319521075,0.5536049578260234,0.5423196925475766,0.529780508904858,0.5088818695003271,0.4984325497980617,0.48798323009579625,0.4831765430327542,0.47753391039353077,0.4566352709889999,0.44743986965100635,0.44033433225346585,0.43072095812738165,0.4148379921799381,0.3972831350801322,0.3834900330731418,0.37304071337087635,0.36259139366861093,0.35214207396634545,0.33981187671767227,0.32246600601191155,0.31034479515728364,0.299059529878837,0.28547541426589196,0.2789968360504873,0.2685475163482219,0.2555903599174128,0.23719955724142555,0.21630091783689467,0.20585159813462922,0.19373038728000133,0.18495295873009834,0.16468127850770348,0.153604999623302,0.1462904758317162,0.1381400064639492,0.12309298609268697,0.11180772081424023,0.10052245553579357,0.08672935352880319,0.07648902022058304,0.07001044200517847,0.06583071412427229,0.05956112230291303,0.05245558490537255,0.04911180260064758,0.040961333232880565,0.038662482898382144,0.028422149590162003,0.0282131631961167,0.02652037340434969,0.022988503344983976,0.018557991791223433,0.016718911523624716,0.014754439419598805,0.013584115612945074,0.012539183642718534,0.008840124468116575,0.007230929233967689,0.00601880814850491,0.004472308832569627,0.0022988503344984136,0.0015882965947443674,0.0011285265278446828,0.00048066870630421315,4.179727880906645e-05,0.0,0.0,4.179727880906645e-05,0.0003761755092815795,0.0015882965947443674,0.0031974918288932355,0.005224659851132722,0.009550678207870622,0.012539183642718534,0.014629047583171614,0.0169069992782655,0.019853707434304337,0.02727272442291281,0.03176593189488699,0.038662482898382144,0.03908045568647281,0.04911180260064758,0.05956112230291303,0.06896551003495192,0.07753395219080962,0.08045976170744391,0.10135840111197479,0.11619643508919174,0.12434690445695876,0.13730406088776798,0.153604999623302,0.16405431932556744,0.1699059383588362,0.17554857099805946,0.18495295873009834,0.19540227843236377,0.20585159813462922,0.21630091783689467,0.2267502375391601,0.24597698579132857,0.25809819664595646,0.2789968360504873,0.29028210132893406,0.3055381080942416,0.3207941148595491,0.33124343456181454,0.34796234608543936,0.37304071337087635,0.4002089445967666,0.4043886724776727,0.4048066452657634,0.4048066452657634,0.4081504275704883,0.4148379921799381,0.4148379921799381,0.4165098833323007,0.42361542072984115,0.4148379921799381,0.4150469785739835,0.4150469785739835,0.41734582890848193,0.4252873118822036,0.4252873118822036,0.4252873118822036,0.4252873118822036,0.42361542072984115,0.41734582890848193,0.4148379921799381,0.41734582890848193,0.4252873118822036,0.4254962982762489,0.4273771758226568,0.43239284927974414,0.44618595128673444,0.44618595128673444,0.44618595128673444,0.44618595128673444,0.44618595128673444,0.435736631584469,0.428213121398838,0.4254962982762489,0.4252873118822036,0.42361542072984115,0.41149420987521323,0.3993729990205854,0.39393935277540726,0.3901775976825917,0.3834900330731418,0.3793103051922357,0.37617550928155596,0.37304071337087635,0.36948794467210605,0.35444092430084384,0.35214207396634545,0.34378261820453326,0.34169275426408,0.34169275426408,0.34378261820453326,0.35214207396634545,0.35214207396634545,0.35214207396634545,0.35214207396634545,0.35214207396634545,0.3542319379067986,0.3542319379067986,0.3542319379067986,0.3546499106948892,0.3567397746353423,0.36259139366861093,0.36259139366861093,0.36259139366861093,0.37304071337087635,0.38265408749696056,0.40188083574912903,0.4043886724776727,0.4148379921799381,0.42006265203107085,0.4252873118822036,0.44305115537605483,0.44618595128673444,0.4572622301711359,0.46708459069126534,0.4819226246684823,0.48819221648984157,0.4957157266754727,0.4984325497980617,0.50073140013256,0.5088818695003271,0.5193311892025926,0.5251828082358613,0.529780508904858,0.5402298286071234,0.5506791483093889,0.5611284680116543,0.5705328557436932,0.5780563659293244,0.5874607536613633,0.5924764271184506,0.6029257468207161,0.6062695291254411,0.6133750665229816,0.6227794542550205,0.6342737059275124,0.6447230256297779,0.6562172773022698,0.6656216650343088,0.6760709847365742,0.6865203044388396,0.6969696241411051,0.7021942839922378,0.7074189438433706,0.7178682635456359,0.7191221819099077,0.7283175832479014,0.7345871750692606,0.7400208213144386,0.7504701410167041,0.7596655423546977,0.765935134176057,0.7701148620569632,0.7805641817592286,0.7818181001235005,0.7910135014614941,0.794984242948355,0.8014628211637596,0.8119121408660249,0.8190176782635655,0.8311388891181934,0.8328107802705559,0.8328107802705559,0.8361545625752809,0.8432600999728213,0.8432600999728213,0.8434690863668666,0.8449319911251839,0.8503656373703619,0.8537094196750867,0.8557992836155398,0.8608149570726273,0.8641587393773522,0.8641587393773522,0.8641587393773522,0.8647856985594882,0.8675025216820771,0.8695923856225302,0.8746080590796176,0.8746080590796176,0.8746080590796176,0.8746080590796176,0.8746080590796176,0.8746080590796176
9444000,0.8857137795921259,0.8857137795921259,0.8868566360819224,0.8925709185309038,0.9085709093880517,0.9085709093880517,0.9154280483268301,0.9428566040819405,0.9428566040819405,0.9428566040819405,0.9428566040819405,0.9428566040819405,0.9428566040819405,0.9428566040819405,0.9428566040819405,0.9428566040819405,0.9428566040819405,0.948570886530922,0.9725708728166443,0.9839994377146074,0.9897137201635885,0.9942851461227736,0.9942851461227736,0.9942851461227736,0.99542800261257,0.9999994285717552,0.99542800261257,0.9942851461227736,0.9897137201635885,0.9839994377146074,0.9725708728166443,0.9565708819594966,0.948570886530922,0.9428566040819405,0.9428566040819405,0.9428566040819405,0.9337137521635704,0.9085709093880517,0.8982852009798851,0.8857137795921259,0.8857137795921259,0.8857137795921259,0.8857137795921259,0.8857137795921259,0.8857137795921259,0.8799994971431444,0.8742852146941631,0.8571423673472187,0.8525709413880336,0.846856658939052,0.8399995200002742,0.8354280940410892,0.8354280940410892,0.8399995200002742,0.8399995200002742,0.8399995200002742,0.8354280940410892,0.8297138115921079,0.8285709551023114,0.8285709551023114,0.8285709551023114,0.8171423902043485,0.8057138253063857,0.8057138253063857,0.8057138253063857,0.8057138253063857,0.7817138390206638,0.7771424130614784,0.7725709871022933,0.7725709871022933,0.7714281306124968,0.7714281306124968,0.7657138481635153,0.7611424222043301,0.7611424222043301,0.7554281397553486,0.7497138573063673,0.743999574857386,0.737142435918608,0.7314281534696266,0.7257138710206451,0.7142853061226823,0.7142853061226823,0.7039995977145156,0.6857138938777749,0.6857138938777749,0.6697139030206268,0.6594281946124604,0.6571424816328677,0.6571424816328677,0.6571424816328677,0.6571424816328677,0.6571424816328677,0.6354282083267382,0.6022853701226458,0.599999657143053,0.599999657143053,0.599999657143053,0.5657139624491648,0.5542853975512013,0.5428568326532385,0.5428568326532385,0.5428568326532385,0.5371425502042569,0.5371425502042569,0.5325711242450719,0.5154282768981276,0.49142829061240545,0.48685686465322037,0.4857140081634239,0.4857140081634239,0.4857140081634239,0.4582854524083131,0.4514283134695351,0.44228546155116477,0.42857118367360936,0.42857118367360936,0.40685691036747984,0.4057140538776836,0.40114262791849853,0.3908569195103319,0.3885712065307392,0.37257121567359125,0.37142835918379474,0.37142835918379474,0.37142835918379474,0.3668569332246097,0.3657140767348132,0.3657140767348132,0.3611426507756281,0.3554283683266466,0.34285694693888746,0.33714266448990593,0.3314283820409246,0.31542839118377664,0.3142855346939802,0.3028569697960173,0.28799983542866564,0.27428555755111,0.26285699265314716,0.2571427102041656,0.2514284277551841,0.2297141544490548,0.2011427422041475,0.199999885714351,0.19428560326536948,0.18857132081638814,0.15999990857148086,0.1439999177143329,0.14285706122453645,0.13257135281636984,0.11999993142861069,0.10857136653064761,0.09257137567349988,0.08571423673472187,0.08571423673472187,0.08571423673472187,0.0811428107755368,0.06285710693879612,0.05257139853062951,0.04685711608164797,0.03428569469388883,0.02857141224490729,0.02857141224490729,0.010285708408167116,0.0,0.0,0.0,0.0011428564897962672,0.0,0.0068571389387777045,0.012571421387759345,0.011428564897962875,0.011428564897962875,0.011428564897962875,0.011428564897962875,0.02857141224490729,0.02857141224490729,0.02857141224490729,0.02857141224490729,0.02857141224490729,0.02857141224490729,0.02857141224490729,0.02857141224490729,0.02857141224490729,0.02857141224490729,0.029714268734703758,0.03428569469388883,0.039999977142870166,0.04571425959185171,0.05142854204083304,0.05714282448981458,0.05714282448981458,0.06857138938777746,0.06971424587757392,0.07999995428574033,0.08571423673472187,0.08571423673472187,0.08571423673472187,0.08571423673472187,0.08571423673472187,0.09142851918370341,0.09714280163268474,0.12571421387759205,0.13257135281636984,0.14285706122453645,0.14285706122453645,0.15428562612249933,0.18971417730618442,0.199999885714351,0.2011427422041475,0.2571427102041656,0.2571427102041656,0.2571427102041656,0.3142855346939802,0.3142855346939802,0.3142855346939802,0.33714266448990593,0.3599997942858319,0.37142835918379474,0.37142835918379474,0.37142835918379474,0.38971406302053546,0.42857118367360936,0.42857118367360936,0.42857118367360936,0.42857118367360936,0.42857118367360936,0.42857118367360936,0.4342854661225909,0.44685688751035,0.45257116995933155,0.46971401730627577,0.4685711608164795,0.4685711608164795,0.44685688751035,0.44571403102055374,0.4411426050613685,0.4342854661225909,0.42857118367360936,0.42857118367360936,0.42857118367360936,0.42857118367360936,0.42857118367360936,0.42857118367360936,0.42857118367360936,0.42857118367360936,0.42857118367360936,0.42857118367360936,0.42857118367360936,0.4125711928164612,0.37485692865318415,0.37142835918379474,0.37142835918379474,0.37142835918379474,0.3611426507756281,0.3405712339592951,0.3177141041633696,0.3142855346939802,0.3142855346939802,0.3142855346939802,0.3142855346939802,0.3142855346939802,0.3142855346939802,0.3142855346939802,0.3142855346939802,0.3142855346939802,0.2754284140409063,0.26971413159192476,0.26857127510212847,0.26971413159192476,0.2754284140409063,0.27999984000009137,0.27999984000009137,0.2811426964898878,0.27999984000009137,0.27999984000009137,0.28685697893886936,0.2937141178776472,0.30399982628581357,0.2937141178776472,0.28685697893886936,0.2811426964898878,0.27999984000009137,0.2857141224490729,0.29142840489805444,0.29142840489805444,0.3028569697960173,0.3028569697960173,0.3028569697960173,0.2937141178776472,0.3028569697960173,0.3028569697960173,0.3028569697960173,0.30399982628581357,0.30857125224499865,0.3142855346939802,0.3142855346939802,0.3142855346939802,0.3199998171429617,0.32571409959194303,0.3314283820409246,0.33257123853072085,0.33714266448990593,0.3382855209797024,0.348571229387869,0.35428551183685036,0.3599997942858319,0.3657140767348132,0.37142835918379474,0.37142835918379474,0.37142835918379474,0.37142835918379474,0.37142835918379474,0.37257121567359125,0.38285692408175764,0.38285692408175764,0.38971406302053546,0.395428345469517,0.399999771428702,0.4057140538776836,0.4114283363266649,0.41714261877564646,0.41714261877564646,0.41828547526544274,0.42857118367360936,0.42857118367360936,0.42857118367360936,0.42857118367360936,0.42857118367360936,0.42857118367360936,0.4342854661225909,0.44571403102055374,0.44571403102055374,0.45257116995933155,0.46285687836749817,0.4685711608164795,0.4857140081634239,0.4857140081634239,0.49257114710220173,0.5108568509389426,0.5257139853062941,0.5371425502042569,0.5428568326532385,0.5428568326532385,0.5497139715920163,0.5771425273471273,0.5885710922450902,0.599999657143053,0.599999657143053,0.599999657143053,0.611428222041016,0.6239996434287753,0.6399996342859232,0.6571424816328677,0.6571424816328677,0.6765710419594048,0.7142853061226823,0.7142853061226823,0.7314281534696266,0.7657138481635153,0.7714281306124968,0.7714281306124968,0.811428107755367,0.8125709642451633,0.8171423902043485
9444500,0.7602135826188585,0.7636705273930657,0.7721557554752111,0.7759269679561643,0.7818980543843408,0.7916403532934703,0.7916403532934703,0.8042110615633149,0.8073537386307762,0.8073537386307762,0.8126962896454603,0.8167817698331599,0.823067123968082,0.823067123968082,0.823067123968082,0.823067123968082,0.823067123968082,0.823067123968082,0.823067123968082,0.823067123968082,0.8262098010355433,0.838780509305388,0.838780509305388,0.838780509305388,0.838780509305388,0.838780509305388,0.8434945249065796,0.844123060320072,0.8466372019740409,0.8469514696807869,0.8469514696807869,0.8469514696807869,0.8466372019740409,0.8466372019740409,0.8466372019740409,0.8466372019740409,0.8434945249065796,0.8397233124256263,0.838780509305388,0.838780509305388,0.838780509305388,0.838780509305388,0.838780509305388,0.838780509305388,0.838780509305388,0.838780509305388,0.838780509305388,0.838780509305388,0.838780509305388,0.838780509305388,0.838780509305388,0.838780509305388,0.838780509305388,0.838780509305388,0.838780509305388,0.838780509305388,0.838780509305388,0.838780509305388,0.838780509305388,0.838780509305388,0.838780509305388,0.8394090447188802,0.8434945249065798,0.8544938946426938,0.8601507133641242,0.8702072799799997,0.9016340506546114,0.9085479402030262,0.9173474359919174,0.9330608213292232,0.9380891046371612,0.9487742066665291,0.9644875920038349,0.9802009773411409,0.9802009773411409,0.9802009773411409,0.9802009773411409,0.9959143626784468,0.9999998428661466,0.9959143626784468,0.9833436544086023,0.9802009773411409,0.9644875920038349,0.9487742066665291,0.9402889785843841,0.9340036244494616,0.9330608213292232,0.9173474359919174,0.9173474359919174,0.9016340506546114,0.8859206653173056,0.8859206653173056,0.8702072799799997,0.8702072799799997,0.8551224300561862,0.8403518478391184,0.8271526041557816,0.823067123968082,0.796354368894662,0.7809552512641024,0.7759269679561643,0.7661846690470349,0.7589565117918743,0.7445001972815526,0.7316152213049619,0.7287868119442468,0.7130734266069408,0.697360041269635,0.6719043570231996,0.6505341529644635,0.6348207676271577,0.6187931145831056,0.6030797292457997,0.5766812418791258,0.555939573233882,0.5433688649640375,0.5307981566941926,0.5097422203422027,0.4930860318846585,0.47611557572036817,0.46165926121004675,0.4522312300076632,0.43683211237710345,0.41483337290487526,0.3991199875675694,0.3915775626056626,0.3830923345235173,0.36737894918621145,0.3519798315556517,0.3375235170453303,0.3268384150159623,0.3218101317080244,0.3051539432504803,0.29195469956714326,0.2809553298310291,0.27498424340285293,0.2686988892679306,0.2561281809980858,0.2416718664877644,0.22595848115045852,0.21024509581315262,0.1976743875433079,0.17881832513854087,0.163104939801235,0.15681958566631266,0.1473915544639291,0.14110620032900678,0.13167816912662322,0.12413574416471644,0.1147077129623329,0.10339407551947262,0.10025139845201146,0.08453801311470557,0.08453801311470557,0.07668132044605264,0.0703959663111303,0.0581395257480317,0.0515399039063632,0.042426140410725816,0.03739785710278793,0.03142677067461176,0.02639848736667382,0.021684471765482046,0.0204274009384976,0.015399117630559716,0.012256440563098494,0.005971086428176163,0.0018856062404766657,0.0,0.0018856062404766657,0.004399747894445553,0.004399747894445553,0.004399747894445553,0.00471401560119172,0.005971086428176163,0.012256440563098494,0.013827779096829106,0.01759899157778255,0.021684471765482046,0.021684471765482046,0.031112502967865597,0.03739785710278793,0.047768691425409925,0.05311124244009381,0.05499684868057053,0.06253927364247736,0.0688246277773997,0.07196730484486086,0.0769955881527988,0.08453801311470557,0.08925202871589735,0.10025139845201146,0.11313637442860229,0.1213073348040014,0.13167816912662322,0.14613448363694467,0.163104939801235,0.17881832513854087,0.18856062404767054,0.19641731671632348,0.21024509581315262,0.22595848115045852,0.2416718664877644,0.24827148832943288,0.26335633825324656,0.27309863716237615,0.29761151828857335,0.30452540783698795,0.3177246515203249,0.3359521785115997,0.35166556384890557,0.36737894918621145,0.3830923345235173,0.39629157820685434,0.4145191051981291,0.430232490535435,0.44594587587274087,0.46165926121004675,0.47611557572036817,0.4773726465473526,0.4930860318846585,0.4959144412453737,0.5106850234624413,0.5232557317322858,0.5245128025592702,0.5245128025592702,0.5245128025592702,0.5257698733862548,0.5307981566941926,0.5402261878965762,0.5402261878965762,0.5402261878965762,0.5402261878965762,0.5402261878965762,0.5377120462426073,0.5263984087997471,0.5245128025592702,0.5245128025592702,0.5245128025592702,0.520741590078317,0.5141419682366485,0.5087994172219644,0.5087994172219644,0.5087994172219644,0.5087994172219644,0.5087994172219644,0.5012569922600576,0.4930860318846585,0.4930860318846585,0.4930860318846585,0.4930860318846585,0.48460080380251347,0.4773726465473526,0.4773726465473526,0.4726586309461609,0.4685731507584614,0.4622877966235391,0.46165926121004675,0.45914511955607784,0.446260143579487,0.44594587587274087,0.4343179707231346,0.430232490535435,0.430232490535435,0.430232490535435,0.4179760499723364,0.41326203437114467,0.40854801876995295,0.40037705839455384,0.3988057198608232,0.3988057198608232,0.3909490271921703,0.3865492792977246,0.3834066022302635,0.3830923345235173,0.3830923345235173,0.3830923345235173,0.38183526369653287,0.3815209959897867,0.376806980388595,0.37554990956161055,0.3752356418548644,0.376806980388595,0.376806980388595,0.37554990956161055,0.37554990956161055,0.376806980388595,0.3786925866290717,0.38183526369653287,0.3834066022302635,0.38780635012470904,0.3928346334326471,0.3975486490338388,0.3988057198608232,0.4035197354620149,0.40823375106320675,0.4098050895969374,0.4113764281306679,0.41514764061162146,0.42080445933305144,0.430232490535435,0.430232490535435,0.4333751676028962,0.43683211237710345,0.4399747894445647,0.44594587587274087,0.45097415918067874,0.46165926121004675,0.4695159538786997,0.4773726465473526,0.4773726465473526,0.4773726465473526,0.4773726465473526,0.4773726465473526,0.48397226838902113,0.4915146933509279,0.4930860318846585,0.502514063087042,0.5150847713568867,0.5245128025592702,0.5311124244009388,0.5386548493628456,0.5402261878965762,0.5449402034977678,0.5493399513922137,0.555939573233882,0.5609678565418199,0.5716529585711879,0.5751099033453952,0.5873663439084938,0.5927088949231779,0.6030797292457997,0.6030797292457997,0.6030797292457997,0.6030797292457997,0.6071652094334993,0.6128220281549294,0.6187931145831056,0.6187931145831056,0.6222500593573128,0.6345064999204114,0.638591980108111,0.6486485467239868,0.6502198852577173,0.6502198852577173,0.6565052393926397,0.6590193810466086,0.6646761997680388,0.6659332705950232,0.6659332705950232,0.6659332705950232,0.6659332705950232,0.6690759476624845,0.6719043570231996,0.6803895851053446,0.686674939240267,0.6948458996156661,0.697360041269635,0.697360041269635,0.697360041269635,0.6995599152168578,0.7130734266069408,0.7130734266069408,0.713387694313687,0.7149590328474177,0.7165303713811482
9447000,0.2874996406254493,0.2874996406254493,0.2874996406254493,0.2874996406254493,0.2874996406254493,0.30499961875047715,0.33999957500053113,0.36499954375057053,0.37499953125058594,0.37499953125058594,0.37499953125058594,0.37499953125058594,0.37499953125058594,0.37499953125058594,0.37499953125058594,0.37499953125058594,0.37499953125058594,0.37499953125058594,0.37499953125058594,0.37499953125058594,0.37499953125058594,0.37499953125058594,0.37499953125058594,0.37499953125058594,0.37499953125058594,0.37499953125058594,0.37499953125058594,0.37499953125058594,0.37499953125058594,0.37749952812559023,0.3924995093756138,0.4274994656256682,0.4374994531256836,0.46249942187572257,0.4749994062507423,0.4749994062507423,0.4749994062507423,0.4749994062507423,0.4649994187507264,0.4749994062507423,0.4749994062507423,0.4899993875007659,0.4999993750007813,0.4999993750007813,0.6024992468759415,0.6149992312509612,0.6249992187509766,0.6399992000010002,0.7274990906261368,0.7499990625011719,0.7649990437511954,0.7924990093762387,0.8399989500013124,0.8749989062513672,0.8749989062513672,0.8749989062513672,0.8749989062513672,0.8774989031263716,0.8749989062513672,0.8749989062513672,0.8749989062513672,0.8749989062513672,0.8749989062513672,0.8749989062513672,0.8749989062513672,0.8749989062513672,0.8749989062513672,0.8749989062513672,0.8749989062513672,0.8749989062513672,0.8749989062513672,0.8749989062513672,0.8749989062513672,0.8749989062513672,0.8749989062513672,0.8749989062513672,0.8749989062513672,0.8774989031263716,0.8999988750014062,0.9024988718764101,0.9249988437514451,0.9249988437514451,0.9374988281264649,0.9374988281264649,0.9399988250014691,0.9399988250014691,0.9399988250014691,0.9399988250014691,0.9399988250014691,0.9399988250014691,0.9399988250014691,0.9524988093764885,0.9874987656265428,0.9999987500015626,0.9999987500015626,0.9999987500015626,0.9899987625015472,0.9674987906265116,0.9524988093764885,0.9874987656265428,0.9899987625015472,0.9674987906265116,0.9674987906265116,0.9899987625015472,0.9899987625015472,0.9999987500015626,0.9999987500015626,0.9999987500015626,0.9999987500015626,0.9999987500015626,0.8999988750014075,0.8749989062513672,0.7524990593761762,0.7499990625011719,0.7299990875011411,0.699999125001094,0.6399992000010002,0.6249992187509766,0.6124992343759569,0.5274993406258242,0.4999993750007813,0.4999993750007813,0.4874993906257616,0.44249944687569176,0.4374994531256836,0.4149994812506485,0.39999950000062495,0.37749952812559023,0.3899995125006095,0.38749951562560564,0.37749952812559023,0.37499953125058594,0.37749952812559023,0.37749952812559023,0.38749951562560564,0.38749951562560564,0.37499953125058594,0.37499953125058594,0.37499953125058594,0.36249954687556624,0.33999957500053113,0.324999593750508,0.324999593750508,0.29999962500046856,0.29999962500046856,0.2874996406254493,0.2749996562504296,0.24999968750039064,0.24999968750039064,0.24999968750039064,0.24999968750039064,0.24999968750039064,0.23749970312537091,0.23749970312537091,0.21249973437533196,0.21249973437533196,0.1999997500003127,0.17499978125027327,0.162499796875254,0.15249980937523813,0.15249980937523813,0.14999981250023428,0.14999981250023428,0.15249980937523813,0.14999981250023428,0.13999982500021887,0.13749982812521502,0.12499984375019532,0.12499984375019532,0.12749984062519962,0.13749982812521502,0.13749982812521502,0.13999982500021887,0.14999981250023428,0.14999981250023428,0.14999981250023428,0.14999981250023428,0.14999981250023428,0.15249980937523813,0.17499978125027327,0.18749976562529297,0.2149997312503358,0.24999968750039064,0.24999968750039064,0.24999968750039064,0.24999968750039064,0.2874996406254493,0.29999962500046856,0.324999593750508,0.37499953125058594,0.37499953125058594,0.37499953125058594,0.39999950000062495,0.4399994500006879,0.4874993906257616,0.4899993875007659,0.4999993750007813,0.4999993750007813,0.4999993750007813,0.4999993750007813,0.4999993750007813,0.5049993687507894,0.5049993687507894,0.4999993750007813,0.4999993750007813,0.4999993750007813,0.4999993750007813,0.4999993750007813,0.5149993562508048,0.5274993406258242,0.5499993125008592,0.5999992500009376,0.6024992468759415,0.6249992187509766,0.6249992187509766,0.6249992187509766,0.6249992187509766,0.6249992187509766,0.6249992187509766,0.6249992187509766,0.6249992187509766,0.6249992187509766,0.6249992187509766,0.6249992187509766,0.6249992187509766,0.6249992187509766,0.6249992187509766,0.6249992187509766,0.6149992312509612,0.562499296875879,0.5274993406258242,0.5249993437508202,0.4999993750007813,0.4999993750007813,0.4999993750007813,0.4999993750007813,0.4999993750007813,0.4999993750007813,0.5024993718757855,0.4999993750007813,0.4999993750007813,0.4999993750007813,0.4999993750007813,0.4999993750007813,0.4499994375007033,0.3899995125006095,0.37749952812559023,0.37499953125058594,0.37499953125058594,0.37499953125058594,0.3374995781255273,0.27749965312543345,0.25249968437539494,0.24999968750039064,0.24999968750039064,0.23749970312537091,0.19249975937530112,0.14999981250023428,0.13999982500021887,0.12499984375019532,0.12499984375019532,0.12499984375019532,0.12499984375019532,0.12499984375019532,0.12499984375019532,0.12499984375019532,0.1124998593751756,0.07749990312512123,0.04999993750007795,0.01749997812502786,0.0024999968750042973,0.0,0.0,0.0,0.0,0.0,0.0,0.0,0.0,0.0,0.0,0.0,0.0,0.0,0.054999931250086544,0.07749990312512123,0.09249988437514434,0.1124998593751756,0.12499984375019532,0.12499984375019532,0.12499984375019532,0.12499984375019532,0.12499984375019532,0.12499984375019532,0.12499984375019532,0.12499984375019532,0.12499984375019532,0.12499984375019532,0.12499984375019532,0.13999982500021887,0.18749976562529297,0.22499971875035166,0.22499971875035166,0.2274997156253555,0.24999968750039064,0.24999968750039064,0.24999968750039064,0.24999968750039064,0.24999968750039064,0.24999968750039064,0.24999968750039064,0.24999968750039064,0.24999968750039064,0.24999968750039064,0.24999968750039064,0.24999968750039064,0.24999968750039064,0.24999968750039064,0.24999968750039064,0.1999997500003136,0.15249980937523813,0.12499984375019532,0.12499984375019532,0.12499984375019532,0.12499984375019532,0.12499984375019532,0.12499984375019532,0.1124998593751756,0.08749989062513663,0.05249993437508225,0.03999995000006254,0.0,0.0,0.0,0.0,0.0,0.0,0.0,0.0,0.0,0.0,0.0,0.0,0.0,0.0,0.0,0.0,0.0,0.0,0.0,0.0,0.0,0.0,0.0,0.0,0.0,0.0,0.03749995312505868,0.054999931250086544,0.09999987500015635,0.12499984375019532,0.12499984375019532,0.12499984375019532,0.12499984375019532,0.13999982500021887,0.162499796875254
9447800,0.6166615278206016,0.6166615278206016,0.6199948333763886,0.624994791710069,0.624994791710069,0.624994791710069,0.6299947500437497,0.628328097265856,0.6333280555995368,0.6333280555995368,0.6333280555995368,0.6416613194890042,0.6416613194890042,0.6499945833784719,0.6583278472679394,0.6666611111574071,0.6916609028258097,0.7083274306047449,0.7499937500520827,0.7749935417204856,0.7916600694994208,0.7999933333888882,0.7999933333888882,0.7999933333888882,0.7999933333888882,0.808326597278356,0.808326597278356,0.8166598611678234,0.8583261806151615,0.866659444504629,0.866659444504629,0.8833259722835641,0.8916592361730316,0.8916592361730316,0.8916592361730316,0.9083257639519667,0.9249922917309019,0.9249922917309019,0.9333255556203698,0.9583253472887723,0.9749918750677075,0.9833251389571753,0.9833251389571753,0.9833251389571753,0.9833251389571753,0.9833251389571753,0.9833251389571753,0.9833251389571753,0.9833251389571753,0.9833251389571753,0.9833251389571753,0.9749918750677075,0.9666586111782401,0.9666586111782401,0.9666586111782401,0.9666586111782401,0.9999916667361105,0.9999916667361105,0.9833251389571753,0.9666586111782401,0.9333255556203698,0.9333255556203698,0.9333255556203698,0.9249922917309019,0.9249922917309019,0.9249922917309019,0.9249922917309019,0.9249922917309019,0.9249922917309019,0.9249922917309019,0.9249922917309019,0.9249922917309019,0.9333255556203698,0.9333255556203698,0.9333255556203698,0.9399921667319439,0.9383255139540505,0.9449921250656241,0.9433254722877309,0.9416588195098371,0.9333255556203698,0.9333255556203698,0.9249922917309019,0.8999925000624993,0.8916592361730316,0.8916592361730316,0.8883259306172445,0.8833259722835641,0.8683260972825226,0.866659444504629,0.8583261806151615,0.8466596111699072,0.8099932500562497,0.7999933333888882,0.7999933333888882,0.7999933333888882,0.7999933333888882,0.7449937917184026,0.7166606944942123,0.6999941667152771,0.6816609861584486,0.6499945833784719,0.6416613194890042,0.6333280555995368,0.6333280555995368,0.624994791710069,0.6233281389321756,0.6166615278206016,0.6166615278206016,0.6166615278206016,0.6166615278206016,0.6166615278206016,0.6149948750427079,0.6083282639311338,0.5999950000416664,0.5916617361521986,0.5833284722627312,0.5816618194848379,0.5749952083732633,0.5749952083732633,0.5566620278164349,0.5499954167048609,0.541662152815393,0.5399955000374997,0.5166623611469904,0.5166623611469904,0.49999583336805525,0.4833293055891201,0.47499604169965226,0.47499604169965226,0.4666627778101849,0.4666627778101849,0.45832951392071725,0.44166298614178207,0.4333297222523145,0.42332980558495337,0.3999966666944441,0.3916634028049765,0.38333013891550893,0.38333013891550893,0.38333013891550893,0.37499687502604134,0.36666361113657375,0.35833034724710633,0.3399971666902778,0.32499729168923597,0.2999975000208332,0.2916642361313656,0.2649977916850695,0.2583311805734952,0.2483312639061341,0.2316647361271989,0.21499820834826372,0.18333180556828688,0.1666652777893517,0.15833201389988408,0.14833209723252316,0.1333322222314815,0.11499904167465297,0.09999916667361113,0.09166590278414352,0.09166590278414352,0.08166598611678279,0.06666611111574075,0.06666611111574075,0.05833284722627315,0.05833284722627315,0.04999958333680556,0.04999958333680556,0.048332930558912225,0.041666319447337966,0.041666319447337966,0.033333055557870375,0.033333055557870375,0.02499979166840278,0.023333138890509263,0.016666527778935188,0.008333263889467594,0.0,0.0,0.0,0.006666611111574075,0.014999875001041853,0.016666527778935188,0.016666527778935188,0.016666527778935188,0.016666527778935188,0.016666527778935188,0.016666527778935188,0.016666527778935188,0.016666527778935188,0.016666527778935188,0.016666527778935188,0.016666527778935188,0.016666527778935188,0.016666527778935188,0.016666527778935188,0.016666527778935188,0.019999833334722224,0.02499979166840278,0.03166640277997704,0.033333055557870375,0.033333055557870375,0.041666319447337966,0.041666319447337966,0.04999958333680556,0.05833284722627315,0.06666611111574075,0.06666611111574075,0.06666611111574075,0.07499937500520834,0.07499937500520834,0.07499937500520834,0.07499937500520834,0.07499937500520834,0.06666611111574075,0.06666611111574075,0.06666611111574075,0.06666611111574075,0.06666611111574075,0.06666611111574075,0.06666611111574075,0.06666611111574075,0.05833284722627315,0.05833284722627315,0.05833284722627315,0.05833284722627315,0.05833284722627315,0.05833284722627315,0.05833284722627315,0.05833284722627315,0.05833284722627315,0.05833284722627315,0.05833284722627315,0.06666611111574075,0.06666611111574075,0.06666611111574075,0.06666611111574075,0.07499937500520834,0.07499937500520834,0.08333263889467593,0.08333263889467593,0.08333263889467593,0.08333263889467593,0.09166590278414352,0.09999916667361113,0.09999916667361113,0.1249989583420139,0.1333322222314815,0.1416654861209491,0.18333180556828688,0.18333180556828688,0.19166506945775447,0.20833159723668965,0.22499812501562483,0.22499812501562483,0.22499812501562483,0.22499812501562483,0.22499812501562483,0.22499812501562483,0.22499812501562483,0.21666486112615724,0.19166506945775447,0.18333180556828688,0.18333180556828688,0.18333180556828688,0.17499854167881929,0.1666652777893517,0.1666652777893517,0.1666652777893517,0.14999875001041668,0.1416654861209491,0.1333322222314815,0.1333322222314815,0.1333322222314815,0.1249989583420139,0.1166656944525463,0.10833243056307872,0.10833243056307872,0.09999916667361113,0.09166590278414352,0.08333263889467593,0.07499937500520834,0.07499937500520834,0.07499937500520834,0.07499937500520834,0.06666611111574075,0.05833284722627315,0.05833284722627315,0.05833284722627315,0.05833284722627315,0.05833284722627315,0.04999958333680556,0.04999958333680556,0.04999958333680556,0.04999958333680556,0.04999958333680556,0.04999958333680556,0.04999958333680556,0.04999958333680556,0.04999958333680556,0.04999958333680556,0.04999958333680556,0.04999958333680556,0.04999958333680556,0.04999958333680556,0.04999958333680556,0.04999958333680556,0.04999958333680556,0.04999958333680556,0.04999958333680556,0.05833284722627315,0.05833284722627315,0.06666611111574075,0.06666611111574075,0.07499937500520834,0.07499937500520834,0.07499937500520834,0.08333263889467593,0.09166590278414352,0.09999916667361113,0.09999916667361113,0.10833243056307872,0.1166656944525463,0.15833201389988408,0.1666652777893517,0.20833159723668965,0.21666486112615724,0.23333138890509245,0.2583311805734952,0.2916642361313656,0.2916642361313656,0.2999975000208332,0.2999975000208332,0.2999975000208332,0.3166640277997684,0.32499729168923597,0.32499729168923597,0.38333013891550893,0.38333013891550893,0.3999966666944441,0.4333297222523145,0.44999625003124966,0.47499604169965226,0.5166623611469904,0.541662152815393,0.541662152815393,0.5499954167048609,0.5749952083732633,0.5749952083732633,0.5916617361521986,0.6166615278206016,0.624994791710069,0.6333280555995368,0.624994791710069,0.624994791710069,0.624994791710069,0.624994791710069,0.624994791710069,0.624994791710069,0.624994791710069,0.624994791710069,0.624994791710069,0.624994791710069,0.6333280555995368,0.6333280555995368
9448500,0.9259156999646249,0.9259156999646249,0.9259156999646249,0.931403420811948,0.931403420811948,0.931403420811948,0.931403420811948,0.9259156999646249,0.924543769752794,0.924543769752794,0.924543769752794,0.924543769752794,0.9259156999646249,0.931403420811948,0.9382630718711022,0.9382630718711022,0.9382630718711022,0.9382630718711022,0.9382630718711022,0.9382630718711022,0.9396350020829332,0.9451227229302563,0.9519823739894104,0.9519823739894104,0.9588420250485646,0.9657016761077187,0.9725613271668728,0.9725613271668728,0.9807929084378577,0.9862806292851811,0.9862806292851811,0.9862806292851811,0.994512210556166,0.9999999314034894,0.9999999314034894,0.9999999314034894,0.9999999314034894,0.9999999314034894,0.9999999314034894,0.9999999314034894,0.994512210556166,0.994512210556166,0.9931402803443352,0.9931402803443352,0.9931402803443352,0.9931402803443352,0.9876525594970119,0.9862806292851811,0.9862806292851811,0.9862806292851811,0.9807929084378577,0.979420978226027,0.979420978226027,0.9739332573787036,0.9725613271668728,0.9725613271668728,0.9725613271668728,0.9657016761077187,0.9657016761077187,0.9602139552603953,0.9588420250485646,0.9533543042012415,0.9451227229302563,0.9382630718711022,0.9259156999646249,0.924543769752794,0.924543769752794,0.924543769752794,0.9190560489054708,0.9176841186936397,0.9053367467871625,0.8984770957280084,0.8916174446688542,0.8902455144570233,0.8902455144570233,0.876526212338715,0.876526212338715,0.8696665612795609,0.8696665612795609,0.8573191893730836,0.8559472591612526,0.8490876081020985,0.8422279570429444,0.8216490038654819,0.8079297017471737,0.8024419808998505,0.7942103996288654,0.7873507485697113,0.7804910975105571,0.7681437256040798,0.7599121443330947,0.7530524932739406,0.7324735400964782,0.7256138890373242,0.71875423797817,0.7118945869190159,0.6981752848007076,0.6844559826823993,0.6707366805640911,0.6570173784457828,0.6364384252683204,0.6227191231500121,0.6089998210317038,0.5815612167950873,0.567841914676779,0.5404033104401625,0.5266840083218542,0.5198243572627002,0.5061050551443919,0.4923857530260836,0.4786664509077753,0.45808749773031293,0.4388804747646815,0.4237892424345423,0.4032102892570799,0.3894909871387716,0.37247905251206936,0.3689120339613092,0.355192731843001,0.3414734297246927,0.32775412760638445,0.31403482548807615,0.30086429545450033,0.29345587231061376,0.28193165853123486,0.2728769191331514,0.25915761701484313,0.2503772636591258,0.23857866383738072,0.22485936171907245,0.2126491828337781,0.20428040854161006,0.19742075748245594,0.1905611064233018,0.18370145536414767,0.17684180430499352,0.16449443239851622,0.15653723716989734,0.149403200068377,0.149403200068377,0.14254354900922286,0.13746740722544884,0.13568389795006874,0.12772670272144998,0.12141582374702815,0.11510494477260634,0.1082452937134522,0.09658388691289027,0.09095897304438377,0.08300177781576501,0.07847440811672325,0.06736177340089362,0.06022773629937329,0.05336808524021915,0.046508434181065025,0.04458773188450186,0.03964878312191089,0.03320071112630602,0.03141720185092591,0.025929481003602626,0.02483193683413799,0.019069829944448495,0.017423513690251538,0.012210178885294362,0.012210178885294362,0.009054739398083505,0.005350527826140231,0.005350527826140231,0.0005487720847323189,0.0,0.0008231581270985271,0.004115790635492489,0.005350527826140231,0.005350527826140231,0.005350527826140231,0.008231581270984977,0.008917546376900402,0.011112634715829725,0.012210178885294362,0.012210178885294362,0.01509123233013911,0.019069829944448495,0.019069829944448495,0.025929481003602626,0.025929481003602626,0.03278913206275676,0.03745369478298161,0.04102071333374183,0.05336808524021915,0.06489229901959814,0.07394703841768155,0.08080668947683568,0.08766634053598982,0.09452599159514395,0.10138564265429809,0.11510494477260634,0.12196459583176048,0.1304705631451116,0.13582109097125183,0.14254354900922286,0.15626285112753113,0.16614074865271317,0.17066811835175488,0.18315268327941545,0.1911098785080342,0.20428040854161006,0.21799971065991833,0.22485936171907245,0.24543831489653486,0.2546302473158014,0.2697214796459405,0.2797365701923055,0.29235832814114915,0.30717517442892206,0.31554394872109015,0.3346137786655386,0.3444916761907205,0.3665797526011968,0.3826313360796175,0.39635063819792576,0.4183015215872191,0.43750854455285054,0.45808749773031293,0.4786664509077753,0.4923857530260836,0.5061050551443919,0.5061050551443919,0.5074769853562228,0.5061050551443919,0.5129647062035461,0.514336636415377,0.514336636415377,0.5129647062035461,0.5129647062035461,0.5129647062035461,0.514336636415377,0.5129647062035461,0.5061050551443919,0.5061050551443919,0.49924540408523777,0.49924540408523777,0.48689803217876043,0.4800383811196063,0.4786664509077753,0.4786664509077753,0.46631907900129804,0.4649471487894671,0.4649471487894671,0.4649471487894671,0.4649471487894671,0.45808749773031293,0.45122784667115884,0.4443681956120047,0.4306488934936964,0.4306488934936964,0.4183015215872191,0.410069940316234,0.39635063819792576,0.3947043219437288,0.3894909871387716,0.3826313360796175,0.3781039663805759,0.3757716850204634,0.3757716850204634,0.3689120339613092,0.36699133166474607,0.3565646620548319,0.355192731843001,0.3414734297246927,0.3403758855552281,0.32981202292413075,0.32775412760638445,0.32775412760638445,0.32610781135218747,0.3208944765472303,0.3208944765472303,0.31842500216593483,0.31403482548807615,0.31403482548807615,0.31403482548807615,0.31293728131861154,0.3082727185983868,0.31293728131861154,0.31403482548807615,0.31403482548807615,0.31403482548807615,0.31403482548807615,0.31403482548807615,0.3154067556999071,0.32775412760638445,0.32775412760638445,0.32775412760638445,0.3346137786655386,0.3346137786655386,0.3346137786655386,0.3357113228350033,0.3414734297246927,0.3414734297246927,0.3484702738050299,0.355192731843001,0.3689120339613092,0.3785155454441251,0.3894909871387716,0.39635063819792576,0.4032102892570799,0.410069940316234,0.41692959137538815,0.4237892424345423,0.4237892424345423,0.4306488934936964,0.4443681956120047,0.45122784667115884,0.45808749773031293,0.47180679984862123,0.48552610196692947,0.4923857530260836,0.5006173342970687,0.5198243572627002,0.5335436593810085,0.5472629614993166,0.5541226125584708,0.567841914676779,0.5815612167950873,0.5884208678542414,0.5952805189133956,0.6021401699725497,0.6227191231500121,0.6364384252683204,0.6501577273866287,0.6570173784457828,0.6638770295049369,0.6707366805640911,0.6775963316232452,0.6844559826823993,0.6981752848007076,0.7050349358598617,0.7118945869190159,0.71875423797817,0.7256138890373242,0.7324735400964782,0.7393331911556323,0.7461928422147865,0.7599121443330947,0.7667717953922489,0.7667717953922489,0.773631446451403,0.7750033766632339,0.7804910975105571,0.7873507485697113,0.7873507485697113,0.7942103996288654,0.7955823298406963,0.8079297017471737,0.8147893528063278,0.8285086549246361,0.8285086549246361,0.8353683059837902,0.8422279570429444,0.8490876081020985,0.8628069102204068,0.8696665612795609,0.876526212338715,0.8833858633978692,0.8902455144570233,0.8902455144570233,0.8971051655161774
9466500,0.8673571008115836,0.8800569461063014,0.8800569461063014,0.887112415714478,0.8969900731659255,0.908278824539008,0.9153342941471846,0.9181564819904554,0.9294452333635378,0.9379117968933498,0.9506116421880676,0.9506116421880676,0.952022736109703,0.9576671117962442,0.9576671117962442,0.9647225814044208,0.9717780510125974,0.9788335206207741,0.9858889902289507,0.9858889902289507,0.9929444598371273,0.9929444598371273,0.9929444598371273,0.9943555537587627,0.9999999294453039,0.9943555537587627,0.9929444598371273,0.9929444598371273,0.9858889902289507,0.9858889902289507,0.9858889902289507,0.9788335206207741,0.9717780510125974,0.9717780510125974,0.9661336753260563,0.9647225814044208,0.9576671117962442,0.9449672665015264,0.9365007029717144,0.91674538806882,0.908278824539008,0.9012233549308313,0.8941678853226547,0.8588905372817716,0.8306686588490652,0.7897469351216408,0.7318920843345925,0.6983080489996718,0.6664173263707139,0.63311550982012,0.615053507623188,0.597838161779237,0.5837272225628837,0.5696162833465305,0.5555053441301773,0.5413944049138241,0.5272834656974709,0.5131725264811177,0.499484915441255,0.48495064804841115,0.47112192761638505,0.45813986353734015,0.44501669006613165,0.44261783039935154,0.43556236079117494,0.42780134422218064,0.4143959519666451,0.4143959519666451,0.4073404823584685,0.4073404823584685,0.4002850127502919,0.4002850127502919,0.3953461840245682,0.3932295431421153,0.383069666906341,0.379118603925762,0.37220424370974897,0.3720631343175854,0.3650076647094088,0.36246769565046527,0.3579521951012322,0.3508967254930556,0.34976785035574737,0.343841255884879,0.33678578627670236,0.32973031666852576,0.3228159564525127,0.3212637531387138,0.31561937745217256,0.31491383049135485,0.30856390784399595,0.30856390784399595,0.3015084382358193,0.2996740161376934,0.2944529686276427,0.2944529686276427,0.2882441553724473,0.2873974990194661,0.28189423272508835,0.2803420294112895,0.2755443100777294,0.2732865598031129,0.2662310901949363,0.26072782390055854,0.25917562058675964,0.25212015097858304,0.25212015097858304,0.24506468137040643,0.24323025927228056,0.23800921176222983,0.2309537421540532,0.2261560228204931,0.22248717862424125,0.21402061509442932,0.20583627034894447,0.20273186372134674,0.19567639411317012,0.18960869025013827,0.18862092450499351,0.18438764274008754,0.17535664164162157,0.17168779744536966,0.16745451568046368,0.16039904607228708,0.15560132673872698,0.14925140409136803,0.14628810685593385,0.1393737466399208,0.1364104494044866,0.13217716763958062,0.12568613560005817,0.12385171350193222,0.1180662284232274,0.1110107588150508,0.1077652427952896,0.10395528920687419,0.09704092899086111,0.09548872567706226,0.0899854593826845,0.08800992789239508,0.08278888038234436,0.07799116104878427,0.07573341077416774,0.06881905055815467,0.06643430183059097,0.06107214492837675,0.05662719907522548,0.054059008137849196,0.04985394825137594,0.047539754219893995,0.04497156328251771,0.04004684549601045,0.03735165610568698,0.0347834651683107,0.03229993986623253,0.030225631801428596,0.025752464069844633,0.023565268491309885,0.02134985103434242,0.01937431954405297,0.01824544440674472,0.015761919104666545,0.014096828277136864,0.012248295239794593,0.008889891706302536,0.0074364649670181455,0.005884261653219291,0.00399339579822796,0.003104406627597709,0.0018062002196932107,0.0013828720432026136,0.0010300985627937822,0.0009454329274956625,0.0008748782314138962,0.0008748782314138962,0.0008748782314138962,0.0007619907176830723,0.000733768839250364,0.0006773250823849526,0.0003809953588415389,0.00018344220981258893,0.0,0.0001693312705962349,0.00018344220981258893,0.0002539969058943551,0.0004374391157069511,0.0004515500549233051,0.0004515500549233051,0.00032455160197612126,0.0002539969058943551,0.00031044066275976725,0.0008748782314138962,0.0009454329274956625,0.0013264282863372013,0.0017920892804768557,0.0025540799981599352,0.0036265113786027752,0.005884261653219291,0.008000902535672273,0.011528637339760579,0.011768523306438584,0.012417626510390847,0.013659389161429919,0.014068606398704164,0.0148729299340363,0.015211592475228792,0.0152680362320942,0.016354578551753384,0.016495687943916915,0.01717301302630187,0.019007435124427794,0.02112407600688077,0.021533293244155025,0.022111841752025498,0.022140063630458204,0.024228482634478483,0.02493402959529614,0.028179545615057387,0.03156617102698218,0.03424724947808928,0.04186715665492001,0.04569122118255176,0.049684616980779694,0.054708111341801445,0.05682475222425444,0.058108847692942577,0.06237035133628126,0.06351333741280586,0.06515020636190283,0.0662790814992111,0.06867794116599113,0.06867794116599113,0.06867794116599113,0.06867794116599113,0.06867794116599113,0.06867794116599113,0.06867794116599113,0.06867794116599113,0.06867794116599113,0.06867794116599113,0.06867794116599113,0.06867794116599113,0.06867794116599113,0.06867794116599113,0.06867794116599113,0.06867794116599113,0.06867794116599113,0.06867794116599113,0.06867794116599113,0.06867794116599113,0.06867794116599113,0.06867794116599113,0.06867794116599113,0.06867794116599113,0.06867794116599113,0.06867794116599113,0.06867794116599113,0.06867794116599113,0.06712573785219228,0.06609563928939852,0.0675490660286829,0.0675490660286829,0.06867794116599113,0.06867794116599113,0.06867794116599113,0.07516897320551363,0.07643895773498541,0.0785555986174384,0.08151889585287259,0.08222444281369023,0.08561106822561501,0.08800992789239508,0.08984434999052097,0.08984434999052097,0.08984434999052097,0.09125544391215634,0.09689981959869758,0.09689981959869758,0.09069100634350223,0.08984434999052097,0.08984434999052097,0.08984434999052097,0.08984434999052097,0.08927991242186685,0.08716327153941385,0.0864577245785962,0.08702216214725032,0.08716327153941385,0.08927991242186685,0.08984434999052097,0.08984434999052097,0.0899854593826845,0.09520650689273522,0.09802869473600587,0.10395528920687419,0.10494305495201894,0.10974077428557903,0.1110107588150508,0.1180662284232274,0.12512169803140402,0.13048385493361828,0.13372937095337958,0.13951485603208433,0.1472758726010786,0.15574243613089053,0.16152792120959536,0.1702767035237343,0.1747922040729674,0.18565762726955937,0.20005078527023964,0.20978733332952335,0.22389827254587658,0.23829143054655694,0.25282569793940074,0.2662310901949363,0.2748387631169118,0.28598640509783074,0.30179065702014646,0.30785836088317825,0.31293829900106546,0.3232392846290033,0.33678578627670236,0.3508967254930556,0.3583755232777228,0.3650076647094088,0.3730509000627303,0.379118603925762,0.38702072988691993,0.4002850127502919,0.4143959519666451,0.43302239173223134,0.44290004918367865,0.4654775519298438,0.47154525579287565,0.48650285136221,0.48847838285249956,0.49539274306851266,0.506117056872941,0.5071048226180859,0.5247434966385273,0.5284123408347791,0.5284123408347791,0.5302467629329051,0.5357500292272829,0.5416766236981512,0.5439343739727678,0.5484498745220007,0.5484498745220007,0.5484498745220007,0.5484498745220007,0.5484498745220007,0.5484498745220007,0.5498609684436361,0.5555053441301773,0.5621374855618635,0.5696162833465305,0.5778006280920155,0.589089379465098,0.5919115673083687,0.597838161779237,0.6166057109369868,0.6339621661731012,0.6444042611932026,0.6633129197431159,0.6712150457042739,0.6909703606071682
9468500,0.8424330402238375,0.8424330402238375,0.8361927954814389,0.8283924895534401,0.8283924895534401,0.8268324283678404,0.8268324283678404,0.8205921836254416,0.819032122439842,0.819032122439842,0.819032122439842,0.819032122439842,0.819032122439842,0.819032122439842,0.819032122439842,0.8205921836254416,0.8268324283678404,0.834632734295839,0.8361927954814389,0.8424330402238375,0.8424330402238375,0.8439931014094373,0.8517934073374358,0.8580336520798345,0.8580336520798345,0.8580336520798345,0.8658339580078329,0.8939150593486279,0.9204360995038224,0.9219961606894223,0.9360367113598194,0.9360367113598194,0.9360367113598194,0.9360367113598194,0.9360367113598194,0.9360367113598194,0.9594376291438149,0.9750382409998118,0.9828385469278104,0.9906388528558088,0.9999992199694072,0.9999992199694072,0.9921989140414088,0.9906388528558088,0.9828385469278104,0.9828385469278104,0.9765983021854115,0.9609976903294147,0.9516373232158163,0.9360367113598194,0.9360367113598194,0.9360367113598194,0.9360367113598194,0.9360367113598194,0.9360367113598194,0.928236405431821,0.9126357935758239,0.8985952429054266,0.8907949369774283,0.8829946310494298,0.8736342639358314,0.8658339580078329,0.8595937132654341,0.8580336520798345,0.8580336520798345,0.8580336520798345,0.8455531625950371,0.8268324283678404,0.8112318165118435,0.8034315105838451,0.7956312046558465,0.7800305927998495,0.7758184275987303,0.7644299809438526,0.7475813201393757,0.7260524757781001,0.6968793316073856,0.6864269216638677,0.6717623465192305,0.6474253920238752,0.6352569147761976,0.617472217260361,0.5953193484248451,0.5737905040635694,0.5460214149598946,0.529172754155418,0.507487903675582,0.4914192734639052,0.4591260069219916,0.4262087159058378,0.3964115472608835,0.38346303942040605,0.3580340420951309,0.3279248612130568,0.3120122371199398,0.3120122371199398,0.2886113193359443,0.2687985422788282,0.24664567344331245,0.23510122066987463,0.23400917783995484,0.22355676789643691,0.2051480459063604,0.19110749523596315,0.17753496292124574,0.16302639389516854,0.15460206349293018,0.14087352505965287,0.1329172130130944,0.11950068681693699,0.10374406884238,0.09391568337310191,0.08346327342958397,0.07129479618190628,0.06396250860958766,0.05850229445998871,0.05226204971758992,0.04758186616079082,0.04149762753695201,0.03666143786159293,0.03276128489759368,0.027457076866554717,0.023400917783995483,0.021060826005595938,0.018720734227196386,0.014976587381757117,0.013260520077597442,0.010920428299197895,0.007020275335198645,0.0032761284897593755,0.0007800305927998495,0.0,0.0,0.0,0.0,0.0,0.0,0.0,0.0,0.0,0.0,0.0,0.0,0.0,0.0,0.0,0.0,0.0,0.0,0.0,0.0,0.0,0.0,0.0,0.0,0.0,0.0,0.0,0.0,0.0,0.0,0.0,0.0,0.0,0.0,0.0,0.0,0.0,0.0,0.0,0.0,0.0,0.0,0.0,0.0,0.0,0.0,0.0,0.0,0.0,0.0,0.0,0.0,0.0,0.0,0.0,0.0,0.0,0.0,0.0,0.0,0.0,0.0,0.0,0.0,0.0,0.0,0.0,0.0,0.0,0.0,0.0,0.0,0.0,0.0,0.0,0.0,0.0,0.0,0.0,0.0,0.0,0.0,0.0,0.0,0.0,0.0,0.0,0.0,0.0,0.0,0.0,0.0,0.0,0.0,0.0,0.0,0.0,0.0,0.0,0.0,0.0,0.0,0.0,0.0,0.0,0.0,0.0,0.0,0.0,0.0,0.0,0.0,0.0,0.0,0.0,0.0,0.0,0.0,0.0,0.0,0.0,0.0,0.0,0.0,0.0,0.0,0.0,0.0,0.0,0.0,0.0,0.0,0.0,0.0,0.0,0.0,0.0,0.0,0.0,0.0,0.0,0.0,0.0,0.0,0.0,0.0,0.0,0.0,0.0,0.0,0.0,0.0,0.0,0.0,0.0,0.0,0.0,0.0,0.0,0.0,0.0,0.0,0.0,0.0,0.0,0.0,0.0,0.0,0.0,0.0,0.0,0.0,0.0,0.0,0.0,0.0,0.0,0.0,0.0,0.0,0.0,0.0,0.0,0.0,0.0,0.0,0.0,0.0,0.0,0.0,0.0,0.0,0.0,0.0,0.0,0.0,0.0,0.0,0.0,0.0,0.0,0.0,0.06645860650654725,0.09251162830606219,0.10468010555373983,0.13307321913165457,0.16848660804476764,0.19921981340108166,0.21996862716955756,0.2319810982986753,0.25647405891259056,0.2923554661813837,0.3258967816717772,0.35881407268793075,0.3829950210647262,0.40015569410632285,0.425116673075918,0.4521057315867928,0.4602180497519112,0.4673943312056698,0.48377497365446664,0.509047964861182,0.523400527768699,0.545085378248535,0.5592819350374921,0.5719184306408497,0.5893911159195664,0.6123240153478818,0.6304207251008385,0.6425892023485161,0.6686422241480311,0.678626615735869,0.6915751235763465,0.7006234784528249,0.7106078700406628
9469500,0.0006454023354936533,0.0006454023354936533,0.0006454023354936533,0.0006454023354936533,0.0006454023354936533,0.0006454023354936533,0.0006454023354936533,0.0006182275003149739,0.0006454023354936533,0.0006454023354936533,0.0006454023354936533,0.0006454023354936533,0.0008492135993337545,0.0008492135993337545,0.0008492135993337545,0.0009850877752271554,0.0009850877752271554,0.0009850877752271554,0.0009850877752271554,0.0009850877752271554,0.0013247732149606567,0.0018003328305875596,0.0020245252208116724,0.002887326237734765,0.0030232004136281658,0.004042256732828671,0.004042256732828671,0.004042256732828671,0.004042256732828671,0.004076225276802021,0.008458167449364194,0.01932810152083628,0.0296545388887347,0.034817757572683954,0.040320661696366694,0.04480450950084889,0.05023947653658509,0.0767349408357982,0.09575732546087416,0.1085294979948539,0.12972586943422434,0.14738951230036676,0.17048812220224455,0.17157511560939176,0.18135805627371662,0.18183361588934352,0.1850945961107851,0.19372260628001609,0.19793470573271152,0.2085328914523968,0.23557185245518353,0.24481129641593483,0.30364481457777726,0.32742279535912244,0.33319744783459193,0.33666223931987366,0.34033084206899544,0.34033084206899544,0.3444070673457975,0.36071196845300557,0.36818504812714264,0.4048710756183608,0.419817234966635,0.4592207459757211,0.47280816356506117,0.4796018723597312,0.48367809763653324,0.4999829987437413,0.5067767075384113,0.5244403504045535,0.5509358147037666,0.5747137954851117,0.5849043586771168,0.6188729026504669,0.7010767790659743,0.7343659521598576,0.7662963834948068,0.7989061857092229,0.7995855565886899,0.8063792653833599,0.826081020887903,0.832874729682573,0.8396684384772432,0.8736369824505933,0.8777132077273955,0.9008118176292734,0.9252691692900857,0.9313835072052886,0.9415740703972937,0.9456502956740959,0.9483677791919637,0.9531233753482328,0.9619551967813037,0.9619551967813037,0.9619551967813037,0.9619551967813037,0.9619551967813037,0.9619551967813037,0.9592377132634359,0.9497265209508978,0.9483677791919637,0.9483677791919637,0.9483677791919637,0.9483677791919637,0.9483677791919637,0.9483677791919637,0.9483677791919637,0.9456502956740959,0.9456502956740959,0.9456502956740959,0.9456502956740959,0.9456502956740959,0.9456502956740959,0.9456502956740959,0.9456502956740959,0.9456502956740959,0.9422534412767608,0.9388565868794257,0.9381772159999586,0.9354597324820908,0.9381772159999586,0.9388565868794257,0.9415740703972937,0.9422534412767608,0.9456502956740959,0.9483677791919637,0.9497265209508978,0.9497265209508978,0.9483677791919637,0.9483677791919637,0.9551614879866337,0.9551614879866337,0.9551614879866337,0.9551614879866337,0.9551614879866337,0.9551614879866337,0.9653520511786388,0.9755426143706443,0.9925268863573189,0.9932062572367861,0.995923740754654,0.9966031116341211,0.9993205951519889,0.9999999660314561,0.9999999660314561,0.9999999660314561,0.9993205951519889,0.995923740754654,0.9925268863573189,0.9925268863573189,0.9762219852501112,0.9694282764554409,0.9531233753482328,0.934780361602624,0.9286660236874207,0.9143992352186135,0.8675226445353904,0.8512177434281822,0.8315159879236392,0.7438771444723958,0.636536545516609,0.635857174637142,0.635857174637142,0.6304222076014061,0.44427458662745095,0.15893881725130665,0.09208872271175349,0.05581031774821448,0.009022045279321971,0.006759740250696685,0.00485750178818909,0.0033628858533616677,0.002887326237734765,0.0023913854957238563,0.0022011616494730935,0.0018207139569715706,0.0018003328305875596,0.0018003328305875596,0.0018003328305875596,0.0018003328305875596,0.0018003328305875596,0.0018003328305875596,0.0018003328305875596,0.001841095083355583,0.001841095083355583,0.0018003328305875596,0.001841095083355583,0.0020041440944276604,0.002316654698982483,0.003648221622737809,0.00523794948069063,0.021977647950757587,0.04548388038031594,0.12823125349939707,0.13855769086729544,0.14229423070436395,0.14868031697135392,0.15975406230666606,0.15975406230666606,0.16729507906874963,0.16946906588304408,0.19093718567420237,0.2605047637316225,0.2619314425785033,0.2682495917575466,0.29800603627820116,0.3505214052610005,0.3505214052610005,0.35731511405567057,0.37226127340394505,0.39468051242635604,0.40894730089516285,0.41302352617196497,0.41302352617196497,0.4218553476050359,0.42661094376130504,0.43340465255597505,0.4401983613506451,0.4469920701453151,0.4469920701453151,0.4531064080605181,0.4565032624578531,0.4565032624578531,0.4565032624578531,0.4565032624578531,0.4592207459757211,0.4592207459757211,0.4531064080605181,0.43340465255597505,0.43340465255597505,0.43340465255597505,0.419817234966635,0.4157410096898329,0.39807736682369077,0.378375611319148,0.3641088228503406,0.3641088228503406,0.35731511405567057,0.34644517998419877,0.3238900667858941,0.3213084574439194,0.3133598181541554,0.2768096648388306,0.2759944197834702,0.2628825618097571,0.2567682238945541,0.23591153789491714,0.21260911672919888,0.18353204308801102,0.18135805627371662,0.18135805627371662,0.18135805627371662,0.18135805627371662,0.18135805627371662,0.18135805627371662,0.18135805627371662,0.18135805627371662,0.18135805627371662,0.18135805627371662,0.18135805627371662,0.18135805627371662,0.18135805627371662,0.1810863079219298,0.1810863079219298,0.1810863079219298,0.18135805627371662,0.18135805627371662,0.18135805627371662,0.18135805627371662,0.18135805627371662,0.18135805627371662,0.1810863079219298,0.16301504252810758,0.13808213125166857,0.10662725953234628,0.09602907381266099,0.08556676226886911,0.04548388038031594,0.020951797922762395,0.017493800146275343,0.008458167449364194,0.005400998491762678,0.004042256732828671,0.0030232004136281658,0.0018139202481769006,0.0009850877752271554,0.0008492135993337545,0.0008492135993337545,0.0008492135993337545,0.0006454023354936533,0.00038044769250152234,4.076225276802025e-05,0.0,0.0,0.0,0.0,0.0,0.0,0.0,0.0,0.0,0.0,0.0,0.0,0.0,0.0,0.0,0.0,0.0,0.0,0.0,0.0,0.0,0.0,0.0,0.0,0.0,0.0,0.0,0.0,0.0,0.0,0.0,0.0,0.0,0.0,0.0,0.0,0.0,0.0,0.0,0.0,0.0,0.0,0.0,0.0,0.0,0.0,0.0,2.7174835178682432e-05,0.0006454023354936533,0.0006454023354936533,0.0006454023354936533,0.0008492135993337545,0.001046231154379191,0.0033628858533616677,0.004042256732828671,0.004042256732828671,0.0051224564311812115,0.013906721902690074,0.0058969392337736345,0.004042256732828671,0.004042256732828671,0.004042256732828671,0.004042256732828671,0.0029145010729134473,0.0016304901107208087,0.0010937871159418752,0.0009850877752271554,0.0009850877752271554,0.0009850877752271554,0.0009850877752271554,0.0009850877752271554,0.0009511192312538051,0.0008899758521017763,0.0008492135993337545
9489500,0.17867269162327118,0.17895629907029229,0.17867269162327118,0.17867269162327118,0.17867269162327118,0.17867269162327118,0.17867269162327118,0.17867269162327118,0.17867269162327118,0.18065794375241864,0.18462844801071357,0.1857628777987978,0.1857628777987978,0.1857628777987978,0.1857628777987978,0.1857628777987978,0.18718091503390316,0.19313667142134555,0.19597274589155625,0.19852521291474573,0.19994325014985107,0.19994325014985107,0.19994325014985107,0.19994325014985107,0.19994325014985107,0.19994325014985107,0.19994325014985107,0.19994325014985107,0.20221210972601955,0.20873508100750415,0.2129891927128201,0.21979577144132562,0.2283039948519576,0.2283039948519576,0.22972203208706293,0.23851386294471594,0.24248436720301086,0.2555303097659799,0.2566647395540641,0.2566647395540641,0.25950081402427483,0.2651729629646962,0.2708451119051174,0.27935333531574935,0.28389105446808643,0.28502548425617064,0.29381731511382375,0.2980714268191397,0.29920585660722393,0.30034028639530824,0.31338622895827717,0.31480426619338264,0.32756660130933046,0.3326715353557097,0.3417469736603837,0.35450930877633163,0.35536013111739495,0.38428809071354353,0.4137832652037344,0.4560407748098731,0.5051048631445175,0.5544525589261827,0.6174134121648593,0.6537151653835556,0.6874644515790624,0.6962562824367153,0.7104366547877686,0.7351105026786017,0.7958024963411092,0.8281337453015108,0.8417469027585222,0.8879749166229555,0.9066930081263459,0.924843884735694,0.9659669645537485,0.9906408124445814,0.9906408124445814,0.9946113167028763,0.9999998581962765,0.9999998581962765,0.997730998620108,0.996596568832024,0.996596568832024,0.996596568832024,0.9906408124445814,0.9807145517988443,0.9705046837060859,0.9645489273186433,0.9631308900835376,0.9594439932722639,0.9237094549476099,0.9103799049376199,0.8689732176725447,0.8513895559572381,0.8312534272187426,0.8006238229404676,0.7728302931324035,0.746171193112423,0.7246170271388219,0.7047645058473474,0.6565512398537665,0.6395347930325023,0.6111740483303958,0.5924559568270056,0.5779919770289311,0.5674985014891517,0.5453771206215088,0.5190016280485495,0.49773106952196966,0.47674411844241094,0.4693703248198631,0.45518995246880983,0.4361882535183984,0.39846846306459677,0.37521265240886964,0.355927346011437,0.3250141342861409,0.3009075012893504,0.27481561616341244,0.26290410338852765,0.24446961933215852,0.2260351352757891,0.21185476292473585,0.20164489483197753,0.18633009269284,0.17867269162327118,0.1610890299079652,0.1437889756396802,0.13981847138138528,0.12904138839458473,0.11911512774884742,0.11486101604353147,0.1006806436924782,0.1006806436924782,0.09415767241099374,0.08650027134142495,0.08650027134142495,0.08650027134142495,0.07941008516589831,0.07231989899037168,0.07231989899037168,0.06664775004995038,0.06097560110952905,0.05813952663931841,0.05813952663931841,0.05388541493400242,0.047646051099539066,0.04395915428826514,0.04395915428826514,0.0425411170531598,0.03828700534784386,0.03431650108954893,0.029778781937211878,0.029778781937211878,0.028360744702106533,0.02410663299679059,0.018434484056369254,0.015598409586158612,0.014180372351053266,0.009926260645737326,0.007090186175526633,0.005672148940421336,0.004537719152337049,0.00425411170531599,0.0028360744702106934,0.0028360744702106934,0.0014180372351053467,0.0014180372351053467,0.0014180372351053467,0.0014180372351053467,0.0014180372351053467,0.0,0.0,0.0,0.0014180372351053467,0.0014180372351053467,0.0014180372351053467,0.0014180372351053467,0.0014180372351053467,0.0014180372351053467,0.0014180372351053467,0.0014180372351053467,0.0017016446821264564,0.0028360744702106934,0.00425411170531599,0.005672148940421336,0.009926260645737326,0.011627905327863682,0.015598409586158612,0.015598409586158612,0.01588201703317972,0.022688595761685245,0.028360744702106533,0.034032893642527866,0.03970504258294916,0.04395915428826514,0.04963130322868643,0.056721489404213066,0.05813952663931841,0.06693135749697145,0.07231989899037168,0.07402154367249808,0.08252976708313,0.08650027134142495,0.08650027134142495,0.09415767241099374,0.1006806436924782,0.10918886710311018,0.11486101604353147,0.11627905327863682,0.1279069586065005,0.12904138839458473,0.13471353733500602,0.1403856862754273,0.143221760745638,0.14747587245095395,0.15031194692116465,0.15740213309669127,0.15740213309669127,0.15740213309669127,0.16052181501392307,0.16903003842455494,0.17158250544774453,0.17158250544774453,0.1730005426828499,0.17441857991795523,0.17753826183518692,0.17895629907029229,0.18462844801071357,0.17867269162327118,0.17753826183518692,0.17753826183518692,0.17753826183518692,0.17980712141135552,0.18462844801071357,0.18434484056369246,0.18094155119943964,0.17895629907029229,0.17470218736497634,0.17158250544774453,0.17158250544774453,0.17158250544774453,0.17158250544774453,0.16307428203711255,0.15740213309669127,0.15740213309669127,0.15740213309669127,0.15740213309669127,0.15002833947414362,0.1460578352158487,0.143221760745638,0.13925125648734318,0.12904138839458473,0.12904138839458473,0.12336923945416345,0.11486101604353147,0.10805443731502595,0.1006806436924782,0.09245602772886734,0.08650027134142495,0.08650027134142495,0.07941008516589831,0.07799204793079297,0.07373793622547702,0.07231989899037168,0.07231989899037168,0.07231989899037168,0.07231989899037168,0.07090186175526633,0.06693135749697145,0.06211003089761344,0.06097560110952905,0.05842313408633952,0.05813952663931841,0.05813952663931841,0.05813952663931841,0.05813952663931841,0.05813952663931841,0.05813952663931841,0.05813952663931841,0.05813952663931841,0.05813952663931841,0.05813952663931841,0.05813952663931841,0.05813952663931841,0.05813952663931841,0.05813952663931841,0.05813952663931841,0.05813952663931841,0.059557563874423756,0.06097560110952905,0.06522971281484505,0.07118546920228744,0.07231989899037168,0.07231989899037168,0.07231989899037168,0.07231989899037168,0.07373793622547702,0.07373793622547702,0.07543958090760337,0.08082812240100365,0.0850822341063196,0.08650027134142495,0.08650027134142495,0.08678387878844605,0.09359045751695158,0.09642653198716222,0.1006806436924782,0.1006806436924782,0.1006806436924782,0.10238228837460461,0.10777082986800483,0.11230854902034189,0.11486101604353147,0.11486101604353147,0.11486101604353147,0.11486101604353147,0.11911512774884742,0.12081677243097387,0.12336923945416345,0.12904138839458473,0.12904138839458473,0.12904138839458473,0.12904138839458473,0.12904138839458473,0.12904138839458473,0.12904138839458473,0.12904138839458473,0.12904138839458473,0.12904138839458473,0.12904138839458473,0.12932499584160584,0.13187746286479543,0.13329550009990068,0.13471353733500602,0.13754961180521671,0.13896764904032208,0.1395348639343643,0.14180372351053266,0.143221760745638,0.143221760745638,0.14463979798074336,0.14492340542776447,0.1466250501098909,0.15172998415626998,0.15343162883839645,0.15598409586158593,0.15484966607350167,0.15598409586158593,0.15740213309669127,0.15740213309669127,0.15740213309669127,0.15740213309669127,0.15740213309669127,0.15740213309669127,0.15740213309669127,0.15740213309669127,0.15768574054371237,0.16052181501392307,0.16052181501392307,0.16307428203711255,0.16307428203711255,0.16591035650732325,0.16874643097753383,0.16874643097753383,0.16874643097753383
9490500,0.21236639600256518,0.21374044169920292,0.21374044169920292,0.21374044169920292,0.21374044169920292,0.21770990704504528,0.21999998320610814,0.22137402890274588,0.22137402890274588,0.2232060898315962,0.22702288343336768,0.22900761610628884,0.22900761610628884,0.22900761610628884,0.23007631831478487,0.2312976922673517,0.23603051633354838,0.2366412033098318,0.2366412033098318,0.24290074481673704,0.24427479051337475,0.24458013400151654,0.24977097329992567,0.2519083777169177,0.2519083777169177,0.25221372120505947,0.2551144843424058,0.25648853003904354,0.25740456050346866,0.25893127794417725,0.25954196492046067,0.260305323640815,0.2650381477070116,0.2671755521240036,0.27297707839869634,0.2755724980479009,0.28106868083445186,0.28290074176330215,0.29007631373463255,0.2977099009381755,0.30534348814171847,0.3117557013926946,0.31755722766738725,0.3206106625488044,0.32534348661500095,0.3291602802167724,0.3358778369558903,0.33801524137288236,0.3436640959035041,0.3511450113629762,0.3511450113629762,0.36213737693607817,0.3740457729736051,0.3804579862245812,0.3862595124992738,0.396946534584234,0.4039694348114936,0.42015263968300465,0.4671755368568294,0.48091599382320654,0.4977098856710012,0.5300762954140232,0.5664121705028878,0.6030533890798939,0.6427480425383175,0.6641220867082377,0.6885495657595753,0.7328243715401243,0.741984676184376,0.786259481964925,0.8015266563720109,0.8259541354233485,0.8412213098304345,0.8625953540003546,0.9099235946623211,0.9450380957986192,0.992366336460585,0.9938930539012937,0.9999999236641279,0.992366336460585,0.992366336460585,0.992366336460585,0.992366336460585,0.9862594666977508,0.9648854225278306,0.9435113783579104,0.9389312260357843,0.9389312260357843,0.9389312260357843,0.9267174865101158,0.9175571818658641,0.8931297028145265,0.873282376085315,0.8549617667968117,0.8167938307790968,0.7709923075578391,0.7251907843365814,0.7099236099294954,0.674809108793198,0.6641220867082377,0.6366411727754833,0.6259541506905228,0.6183205634869798,0.5969465193170597,0.5893129321135168,0.5801526274692651,0.5572518658586362,0.5528243852805813,0.5432060654041171,0.5294656084377398,0.5177098841442835,0.49938927485578055,0.4871755353301119,0.4526717211700976,0.43618317281044494,0.41099233503875304,0.3900763061010454,0.3658014987937788,0.34351142415943325,0.3258015018472136,0.31068699918419856,0.2946564660567584,0.2812213525785227,0.2671755521240036,0.25832059096789384,0.24442746225744566,0.22900761610628884,0.22137402890274588,0.20610685449565996,0.198473267292117,0.18732822997494433,0.17236639905600015,0.1595419725540479,0.1482442634928043,0.13740456966377332,0.12992365420430121,0.1239694561855377,0.1146564797972153,0.11175571665986896,0.10396945771225517,0.09862594666977507,0.09190838993065731,0.08427480272711434,0.08167938307790971,0.07511449808286276,0.06900762832002842,0.06793892611153235,0.06106869762834369,0.059847323675776845,0.05343511042480073,0.05343511042480073,0.04824427112639152,0.045801523221257766,0.045190836244974344,0.040610683922848556,0.03816793601771481,0.03435114241594333,0.030534348814171844,0.029923661837888423,0.022900761610628883,0.020763357193636846,0.015267174407085922,0.015267174407085922,0.014503815686731616,0.010687022084960135,0.007633587203542961,0.007633587203542961,0.004732824066196644,0.0022900761610628938,0.0,0.0,0.0,0.0,0.0,0.0,0.0,0.0,0.0,0.000916030464425163,0.00412213708991322,0.007633587203542961,0.007633587203542961,0.008854961156109863,0.012519083013810488,0.015267174407085922,0.015267174407085922,0.019999998473282567,0.022900761610628883,0.029923661837888423,0.035267172880368486,0.04366411880426573,0.045801523221257766,0.047328240661966385,0.05343511042480073,0.06106869762834369,0.06564884995046948,0.06870228483188666,0.07557251331507531,0.07816793296428,0.08396945923897257,0.09160304644251553,0.09511449655614536,0.0992366336460585,0.10458014468853859,0.10763357956995577,0.1146564797972153,0.12290075397704169,0.13129769990093895,0.13740456966377332,0.14503815686731628,0.15267174407085923,0.1603053312744022,0.16503815534059885,0.1696183076627246,0.1755725056814881,0.1789312840510471,0.18625952776644825,0.19404578671406209,0.19938929775654218,0.21374044169920292,0.22137402890274588,0.22900761610628884,0.23267173796398943,0.23969463819124898,0.24076334039974506,0.24213738609638272,0.24427479051337475,0.24427479051337475,0.24473280574558737,0.2519083777169177,0.2519083777169177,0.25007631678806747,0.2519083777169177,0.2453434927218709,0.24427479051337475,0.24427479051337475,0.24580150795408348,0.24427479051337475,0.24427479051337475,0.2415266991200993,0.23679387505390267,0.2366412033098318,0.2366412033098318,0.2366412033098318,0.23389311191655635,0.2296183030825723,0.22900761610628884,0.22183204413495847,0.21480914390769892,0.20610685449565996,0.198473267292117,0.19083968008857402,0.18320609288503106,0.1709923533593624,0.16793891847794515,0.1603053312744022,0.152977087559001,0.14595418733174145,0.14351143942660766,0.13618319571120646,0.12977098246023033,0.12839693676359262,0.12229006700075827,0.12076334956004965,0.11541983851756961,0.11450380805314442,0.113893121076861,0.11145037317172725,0.10702289259367234,0.10687022084960146,0.10687022084960146,0.10687022084960146,0.10687022084960146,0.10687022084960146,0.10687022084960146,0.10549617515296372,0.10473281643260948,0.10458014468853859,0.10381678596818429,0.10167938155119224,0.10152670980712136,0.10152670980712136,0.10152670980712136,0.10152670980712136,0.10167938155119224,0.10259541201561743,0.10396945771225517,0.10473281643260948,0.10625953387331803,0.10687022084960146,0.10687022084960146,0.10687022084960146,0.10839693829031008,0.10992365573101863,0.11145037317172725,0.11221373189208156,0.11450380805314442,0.11450380805314442,0.11450380805314442,0.11526716677349873,0.11694655595827817,0.1190839603752702,0.12213739525668738,0.12381678444146682,0.12977098246023033,0.1329770890857184,0.136641210943419,0.14045800454519047,0.14442746989103283,0.14671754605209572,0.15038166790979637,0.15114502663015061,0.1519083853505049,0.15267174407085923,0.15282441581493011,0.1557251789522764,0.1557251789522764,0.1564885376726307,0.1564885376726307,0.15847327034555192,0.1603053312744022,0.1603053312744022,0.1603053312744022,0.1603053312744022,0.1603053312744022,0.1610686899947565,0.16045800301847307,0.1610686899947565,0.16274807917953593,0.16488548359652797,0.16610685754909488,0.16793891847794515,0.16793891847794515,0.16793891847794515,0.17099235335936233,0.17328242952042525,0.1749618187052047,0.17908395579511793,0.1850381538138814,0.18732822997494433,0.18931296264786543,0.18931296264786543,0.18931296264786543,0.18931296264786543,0.18931296264786543,0.188702275671582,0.18931296264786543,0.19083968008857402,0.19083968008857402,0.19083968008857402,0.1938931149699912,0.19664120636326674,0.19664120636326674,0.198473267292117,0.198473267292117,0.198473267292117,0.198473267292117,0.1992366260124713,0.1986259390361879,0.1986259390361879,0.1992366260124713,0.199541969500613,0.20091601519725075,0.2038167783345971,0.2038167783345971,0.20320609135831366
9492400,0.04761902772805858,0.04761902772805858,0.04786965418978521,0.04761902772805858,0.04786965418978521,0.04786965418978521,0.04761902772805858,0.04761902772805858,0.04786965418978521,0.04920632865232721,0.051796135423502296,0.051796135423502296,0.05597324311894602,0.05614032742676375,0.05680866465803482,0.05614032742676375,0.05730991758148809,0.06015035081438982,0.06015035081438982,0.06015035081438982,0.06015035081438982,0.06015035081438982,0.06015035081438982,0.060233892968298716,0.06056806158393418,0.060651603737843084,0.06357557912465371,0.06441100066374245,0.06850456620527726,0.06850456620527726,0.06850456620527726,0.07268167390072099,0.07301584251635651,0.08195485298460606,0.08563070775659658,0.08939010468249593,0.09022552622158467,0.09356721237793966,0.09381783883966636,0.09565576622566163,0.09782786222729228,0.09941516315156092,0.10116954838364728,0.102004969922736,0.102004969922736,0.10367581300091354,0.105346656079091,0.1060985354642709,0.1060985354642709,0.11027564315971462,0.11027564315971462,0.11027564315971462,0.11027564315971462,0.11027564315971462,0.11445275085515834,0.12698407394148958,0.13533828933237702,0.14870503395779705,0.152046720114152,0.152046720114152,0.152046720114152,0.152046720114152,0.152046720114152,0.1612363570441283,0.19381779706858934,0.19381779706858934,0.19381779706858934,0.23141176632758298,0.2355888740230267,0.26900573558657664,0.2773599509774641,0.3032580186892152,0.3149539202364577,0.3233081356273451,0.3358394587136763,0.3483707818000076,0.36090210488633884,0.3709271633554039,0.3984960741453324,0.4319129357088823,0.44444425879521354,0.46532979727243223,0.4862153357496509,0.5279864127040883,0.5697574896585256,0.611528566612963,0.6365912127856255,0.6950707205218377,0.7092728866863468,0.7368417974762751,0.7744357667352686,0.7786128744307125,0.81370057907244,0.8203839513851497,0.823725637541505,0.8621550283395871,0.8863822529731611,0.9039261052940245,0.9039261052940245,0.9131157422240007,0.9231408006930659,0.9456971822484619,0.9548868191784381,0.974936936116568,0.9874682592028993,0.9874682592028993,0.9874682592028993,0.9883036807419882,0.9924807884374317,0.9999995822892305,0.9999995822892305,0.9999995822892305,0.9966578961328754,0.9883036807419882,0.9874682592028993,0.9649118776475032,0.9456971822484619,0.9456971822484619,0.9456971822484619,0.9381783883966631,0.9206345360757998,0.9047615268331134,0.8905593606686049,0.8621550283395871,0.8304090098542147,0.7869670898216006,0.7585627574925826,0.718462523616323,0.6633247020364659,0.6532996435674003,0.611528566612963,0.5973264004484544,0.5697574896585256,0.5279864127040883,0.4903924434450947,0.44444425879521354,0.4135336618489301,0.39431896644988873,0.3617375264254277,0.33166235101823266,0.3157893417755465,0.2815370586729078,0.2773599509774641,0.24895561864844673,0.2355888740230267,0.22723465863213926,0.2113616493894531,0.19381779706858934,0.17794478782590312,0.16457804320048322,0.152046720114152,0.152046720114152,0.13617371087146576,0.11445275085515834,0.10743520992681296,0.08604841852614095,0.06917290343654826,0.06574767512628436,0.05355052065558873,0.04970758157578047,0.04436088372561249,0.03792813787462914,0.03341686156354988,0.03091059694628362,0.0263993206352044,0.018379273859952416,0.013867997548873235,0.00969088985342944,0.009273179083885074,0.005847950773621217,0.005847950773621217,0.004761902772805854,0.002589806771175128,0.0013366744625419968,0.0,0.0013366744625419968,0.001670843078177496,0.001670843078177496,0.001670843078177496,0.001670843078177496,0.001670843078177496,0.001670843078177496,0.001670843078177496,0.0021720960016307633,0.0042606498493525866,0.005847950773621217,0.008437757544796308,0.010025058469064938,0.011779443701151337,0.014202166164508697,0.016875515089592726,0.02055136986158318,0.022556381555396177,0.026733489250839897,0.030075175407194888,0.03508770464172734,0.039264812337171134,0.04344192003261486,0.048872160036691675,0.05597324311894602,0.057894712658850184,0.06432745850983354,0.06984124066781926,0.07360063759371861,0.0802004677525197,0.08270673236978596,0.08822051452777167,0.0932330437623042,0.09782786222729228,0.10192142776882718,0.10785292069635725,0.11027564315971462,0.11027564315971462,0.11027564315971462,0.11111106469880334,0.12698407394148958,0.14369250472326453,0.152046720114152,0.152046720114152,0.152046720114152,0.152046720114152,0.16040093550503942,0.17710936628681437,0.1812864739822581,0.19381779706858934,0.19381779706858934,0.19381779706858934,0.19381779706858934,0.19381779706858934,0.19381779706858934,0.19381779706858934,0.19381779706858934,0.19381779706858934,0.19381779706858934,0.19883032630312178,0.20718454169400938,0.21971586478034047,0.22890550171031687,0.22723465863213926,0.22890550171031687,0.22890550171031687,0.2355888740230267,0.22723465863213926,0.22807008017122807,0.22305755093669546,0.20300743399856566,0.19465321860767806,0.19381779706858934,0.19381779706858934,0.1812864739822581,0.16875515089592694,0.15705924934868443,0.152046720114152,0.152046720114152,0.152046720114152,0.13617371087146576,0.12364238778513466,0.11027564315971462,0.11027564315971462,0.11027564315971462,0.10994147454407915,0.10827063146590163,0.10384289730873127,0.10158725915319164,0.09674181422647692,0.09365075453184857,0.08989135760594921,0.08579779206441432,0.08379278037060132,0.08070172067597296,0.0768587815961647,0.07518793851798725,0.07268167390072099,0.06733497605055307,0.06232244681602054,0.06015035081438982,0.05680866465803482,0.05597324311894602,0.05680866465803482,0.06015035081438982,0.05680866465803482,0.05597324311894602,0.05597324311894602,0.05597324311894602,0.05597324311894602,0.05597324311894602,0.05513782157985729,0.05480365296422183,0.05480365296422183,0.05472011081031292,0.05472011081031292,0.05472011081031292,0.05472011081031292,0.05472011081031292,0.05363406280949764,0.051796135423502296,0.051796135423502296,0.051796135423502296,0.051796135423502296,0.051796135423502296,0.051796135423502296,0.051796135423502296,0.051796135423502296,0.051796135423502296,0.051461966807866834,0.05037591880705147,0.04979112372968938,0.04979112372968938,0.04970758157578047,0.04837090711323848,0.04803673849760294,0.04770256988196748,0.04761902772805858,0.04611526895769892,0.04511276311079231,0.04344192003261486,0.04344192003261486,0.043609004340432585,0.04344192003261486,0.04344192003261486,0.04344192003261486,0.04344192003261486,0.043609004340432585,0.04436088372561249,0.045279847418610124,0.045279847418610124,0.046783606188969845,0.04761902772805858,0.04761902772805858,0.04761902772805858,0.048872160036691675,0.0511277981922313,0.0518796775774112,0.053383436347771006,0.05622386958067265,0.057894712658850184,0.05981618219875428,0.06015035081438982,0.061821193892567274,0.06432745850983354,0.06616538589582881,0.06616538589582881,0.06708434958882643,0.06850456620527726,0.06850456620527726,0.06850456620527726,0.06850456620527726,0.06850456620527726,0.06850456620527726,0.06867165051309498,0.06867165051309498,0.06867165051309498,0.06850456620527726,0.06850456620527726,0.06850456620527726,0.06850456620527726,0.06850456620527726,0.06867165051309498,0.06850456620527726,0.06850456620527726,0.06850456620527726,0.06850456620527726,0.06850456620527726,0.06850456620527726,0.06850456620527726,0.06850456620527726
9494000,0.25205221529363664,0.25186564814686113,0.24888057379845396,0.25186564814686113,0.2527984838807384,0.25335818532106474,0.25335818532106474,0.25335818532106474,0.2527984838807384,0.2541044539081666,0.25559699108237016,0.25559699108237016,0.2567163939630229,0.25746266255012473,0.258395498284002,0.26044773689853196,0.26119400548563376,0.26138057263240927,0.2658581841550201,0.26716415418244827,0.2705223628244064,0.2705223628244064,0.2714551985582837,0.27238803429216096,0.27238803429216096,0.27276116858571187,0.2753731086405682,0.2763059443744455,0.2791044515760772,0.28003728730995453,0.28395519739223907,0.28563430171321813,0.28917907750195165,0.28917907750195165,0.28917907750195165,0.28936564464872716,0.29048504752937987,0.29048504752937987,0.29291042043746074,0.2930969875842362,0.293843256171338,0.29496265905199076,0.29589549478586796,0.2970148976665207,0.2985074348407243,0.2985074348407243,0.2994402705746016,0.3033581806568861,0.3050372849778652,0.3078357921794969,0.3171641495182696,0.3257462382699404,0.32649250685704223,0.33582086419581486,0.34067161001197666,0.3498134002039738,0.35895519039597096,0.3714551892299263,0.3843283223574327,0.3940298139897562,0.4097014543188941,0.41977608024476853,0.43843279492231385,0.4477611522610865,0.4570895095998591,0.4757462242774044,0.48619398449682977,0.5029850277066206,0.528731293961633,0.5410447256488128,0.5708954691328852,0.6063432270202214,0.64496262640274,0.6908581445095014,0.7229476937548792,0.7490670943034425,0.7735073905310269,0.7934700752360003,0.8065297755102819,0.8171641028764831,0.8488805178283098,0.8507461892960644,0.8768655898446277,0.8861939471834003,0.9160446906674728,0.9328357338772635,0.9440297626837908,0.9664178202968453,0.9888058779098993,0.9888058779098993,0.9906715493776539,0.9999999067164266,0.9999999067164266,0.9999999067164266,0.9999999067164266,0.9906715493776539,0.9906715493776539,0.9906715493776539,0.9906715493776539,0.9888058779098993,0.9888058779098993,0.9888058779098993,0.9888058779098993,0.9888058779098993,0.9888058779098993,0.9888058779098993,0.9888058779098993,0.9626864773613361,0.9533581200225634,0.9347014053450181,0.8917909615866642,0.8694029039736098,0.8582088751670823,0.8395521604895371,0.8320894746185191,0.7960820152908568,0.7697760475955178,0.7531715715325025,0.7402984384049963,0.7283581410113673,0.7182835150854928,0.7009327704353759,0.6904850102159503,0.6664178482819171,0.65522381947539,0.6322760604220093,0.6082088984879759,0.5902984523975323,0.572388006307089,0.5466417400520764,0.5300372639890611,0.49440293895494963,0.43843279492231385,0.4093283200253433,0.384514889504208,0.3587686232491956,0.3429104157732821,0.31772385095859595,0.2970148976665207,0.2731343028792628,0.24757460377102578,0.23320893346931587,0.21455221879177058,0.19589550411422532,0.17276117791406922,0.16044774622688932,0.14925371742036214,0.13638058429285593,0.12798506268796053,0.11772386961531066,0.11194028806527162,0.10279849787327446,0.09328357338772635,0.08395521604895372,0.07462685871018107,0.06641790425206126,0.05597014403263581,0.04664178669386317,0.04216417517125234,0.031156713511500633,0.027985072016317905,0.023320893346931586,0.018656714677545268,0.012313431687179896,0.009328357338772634,0.002052238614530002,0.0,0.0,0.0,0.0,0.0,0.0,0.0,0.0,0.0031716414951827275,0.00559701440326366,0.009328357338772634,0.009328357338772634,0.009328357338772634,0.009328357338772634,0.009328357338772634,0.009328357338772634,0.009328357338772634,0.009328357338772634,0.009328357338772634,0.012126864540404432,0.013059700274281692,0.016977610356566215,0.018656714677545268,0.018656714677545268,0.020708953292075272,0.02630596769533885,0.031156713511500633,0.037313429355090535,0.04216417517125234,0.04962686104227042,0.05597014403263581,0.06940297860046844,0.08395521604895372,0.08899252901189096,0.09533581200225631,0.10261193072649898,0.10839551227653803,0.11287312379914889,0.11772386961531066,0.12313431687179877,0.13171640562346962,0.14291043442999676,0.14925371742036214,0.15391789608974846,0.1585820747591348,0.16791043209790743,0.16791043209790743,0.173507446501171,0.17723878943668006,0.18376863957382092,0.18675371392222817,0.19888057846263257,0.20522386145299795,0.20671639862720162,0.21455221879177058,0.2177238602869533,0.22164177036923785,0.22388057613054324,0.22388057613054324,0.22388057613054324,0.22388057613054324,0.22499997901119598,0.22499997901119598,0.22406714327731872,0.22388057613054324,0.22388057613054324,0.22406714327731872,0.22499997901119598,0.23320893346931587,0.23320893346931587,0.23320893346931587,0.2341417692031932,0.234888037790295,0.23861938072580405,0.2425372908080885,0.24291042510163946,0.25186564814686113,0.25186564814686113,0.2511193795597593,0.24850743950490298,0.2425372908080885,0.2317163962951123,0.22388057613054324,0.2177238602869533,0.20802236865462972,0.20373132427879437,0.1921641611787163,0.18470147530769815,0.17723878943668006,0.16828356639145836,0.1624999848414193,0.15876864190591028,0.15335819464942216,0.14925371742036214,0.14384327016387405,0.1399253600815895,0.13544774855897868,0.1324626742105714,0.13059700274281688,0.12891789842183782,0.12798506268796053,0.12481342119277794,0.12406715260567605,0.12332088401857422,0.12406715260567605,0.12779849554118508,0.12779849554118508,0.12462685404600246,0.12164177969759518,0.12126864540404425,0.12126864540404425,0.12126864540404425,0.12164177969759518,0.12332088401857422,0.12425371975245149,0.1270522269540833,0.12891789842183782,0.13078356988959236,0.13619401714608048,0.1399253600815895,0.14291043442999676,0.14570894163162856,0.14850744883326036,0.1529850603558712,0.15671640329138026,0.157835806172033,0.16044774622688932,0.16156714910754202,0.16417908916239837,0.1660447606301529,0.16791043209790743,0.16791043209790743,0.16791043209790743,0.16791043209790743,0.16902983497856014,0.16977610356566195,0.17070893929953923,0.17369401364794645,0.17537311796892555,0.175559685115701,0.17649252084957825,0.17723878943668006,0.17742535658345554,0.17929102805121008,0.1802238637850873,0.1802238637850873,0.17929102805121008,0.1802238637850873,0.1802238637850873,0.1809701323721891,0.18302237098671914,0.18470147530769815,0.1856343110415754,0.18749998250932998,0.18936565397708446,0.19029848971096172,0.1904850568577372,0.191231325444839,0.191231325444839,0.1921641611787163,0.19235072832549177,0.1921641611787163,0.19235072832549177,0.19402983264647078,0.19496266838034804,0.19514923552712354,0.19589550411422532,0.19589550411422532,0.1968283398481026,0.1986940113158571,0.20074624993038712,0.2016790856642644,0.2024253542513662,0.2024253542513662,0.2026119213981417,0.2026119213981417,0.2033581899852434,0.2035447571320189,0.20522386145299795,0.20708953292075252,0.2082089358014052,0.2091417715352825,0.20988804012238427,0.20988804012238427,0.21026117441593525,0.20988804012238427,0.20988804012238427,0.20988804012238427,0.21268654732401604,0.213059681617567,0.21455221879177058,0.21455221879177058,0.2194029646079324,0.22108206892891147,0.22388057613054324,0.22388057613054324,0.2242537104240942,0.22593281474507326,0.22686565047895046,0.22779848621282775
9496500,0.8456361650399915,0.847314014573801,0.8486562942008486,0.8489918641076107,0.8530187029887534,0.8580522515901821,0.8620790904713248,0.8620790904713248,0.8620790904713248,0.8620790904713248,0.8620790904713248,0.8620790904713248,0.8620790904713248,0.8620790904713248,0.8624146603780867,0.8681193487930389,0.8788575858094198,0.8788575858094198,0.8848978441311343,0.8956360811475148,0.8956360811475148,0.9090588774179909,0.91241457648561,0.9154347056464671,0.925837372756086,0.9291930718237049,0.9291930718237049,0.9308709213575144,0.932548770891324,0.9379178893995145,0.9426158680941811,0.9442937176279905,0.9496628361361811,0.9530185352038002,0.9610722129660857,0.9627500624998951,0.9647634819404666,0.966776901381038,0.9714748800757045,0.9748305791433237,0.9731527296095139,0.9748305791433237,0.9778507083041806,0.9795285578379901,0.9795285578379901,0.9795285578379901,0.9795285578379901,0.9795285578379901,0.9795285578379901,0.9795285578379901,0.9795285578379901,0.9795285578379901,0.9795285578379901,0.9795285578379901,0.9795285578379901,0.9795285578379901,0.9795285578379901,0.9795285578379901,0.9795285578379901,0.9795285578379901,0.9795285578379901,0.9795285578379901,0.9795285578379901,0.9795285578379901,0.9795285578379901,0.9795285578379901,0.9795285578379901,0.9795285578379901,0.9795285578379901,0.9795285578379901,0.9822131170920857,0.9963070531760853,0.9999983221504662,0.9969781929896092,0.9942936337355139,0.9838909666258951,0.9768439985838949,0.9694614606351332,0.9694614606351332,0.9640923421269428,0.9640923421269428,0.9627500624998951,0.9627500624998951,0.9627500624998951,0.9600655032458001,0.9526829652970381,0.9459715671618001,0.9412735884671336,0.9345621903318954,0.9291930718237049,0.9291930718237049,0.9265085125696099,0.919125974620848,0.91241457648561,0.9107367269518005,0.8979850704948483,0.8842267043176103,0.8788575858094198,0.8637569400051343,0.8520119932684677,0.8453005951332296,0.8355690678371345,0.8187905724990394,0.8117436044570394,0.8050322063218014,0.7949651091189444,0.7781866137808494,0.7654349573238972,0.7597302689089448,0.745636332824945,0.7379182249694212,0.727851127766564,0.7110726324284691,0.6885894486754217,0.6610727163209458,0.6439586510760887,0.6288580052718032,0.6191264779757081,0.6090593807728512,0.5822137882318992,0.5573816151315184,0.541609829513709,0.5285226031499948,0.5221467749215188,0.5117441078118996,0.49295219303323323,0.4761736976951381,0.4644287509584715,0.4442945565527575,0.42650935149437674,0.40469730755485317,0.3842275432423771,0.37550272566656767,0.3620799293960916,0.34362358452418706,0.3318786377875205,0.30838874431418745,0.29362366841666376,0.2748317536379973,0.25805325829990217,0.22650968706428348,0.21208018107352167,0.20100637415037895,0.1741607816094268,0.15738228627133174,0.1406037909332367,0.13154340345066545,0.11946288680723692,0.10570452062999891,0.09865755258799902,0.09026830491895148,0.08020120771609442,0.07214752995380881,0.05838916377657084,0.05671131424276134,0.05033548601428528,0.04530193741285675,0.03993281890466625,0.036577119837047235,0.03322142076942822,0.0298657217018092,0.025167743007142647,0.019798624498952165,0.01476507589752364,0.009731527296095112,0.008053677762285622,0.004697978694666606,0.003020129160857097,0.003020129160857097,0.0013422796270475884,0.0013422796270475884,0.0,0.0013422796270475884,0.0013422796270475884,0.0016778495338095273,0.003020129160857097,0.003020129160857097,0.003020129160857097,0.0033556990676190173,0.004697978694666606,0.004697978694666606,0.006375828228476114,0.008053677762285622,0.009731527296095112,0.011744946736666541,0.01476507589752364,0.01476507589752364,0.018456344871904597,0.02483217310038069,0.026510022634190198,0.030201291608571098,0.03322142076942822,0.03489927030323772,0.03825496937085674,0.03993281890466625,0.04496636750609478,0.05335561517514232,0.05671131424276134,0.06073815312390423,0.07348980958085638,0.0795300679025707,0.08859045538514196,0.10704680025704652,0.11208034885847505,0.12449643540866548,0.13422796270476064,0.1406037909332367,0.15738228627133174,0.1741607816094268,0.18422787881228386,0.19093927694752189,0.19362383620161733,0.2063754926585694,0.20771777228561697,0.20771777228561697,0.20771777228561697,0.20805334219237884,0.20939562181942645,0.2097311917261884,0.20939562181942645,0.20805334219237884,0.20805334219237884,0.20771777228561697,0.20771777228561697,0.20771777228561697,0.20771777228561697,0.20771777228561697,0.20771777228561697,0.20771777228561697,0.20771777228561697,0.20771777228561697,0.20771777228561697,0.20771777228561697,0.20771777228561697,0.20771777228561697,0.20771777228561697,0.20771777228561697,0.2023486537774267,0.19093927694752189,0.19093927694752189,0.19093927694752189,0.1969795352692362,0.2020130838706647,0.20771777228561697,0.20771777228561697,0.20771777228561697,0.2063754926585694,0.20167751396390282,0.19093927694752189,0.19093927694752189,0.19093927694752189,0.19093927694752189,0.18926142741371235,0.18791914778666474,0.18422787881228386,0.18422787881228386,0.18422787881228386,0.18288559918523634,0.18255002927847438,0.17952990011761732,0.17919433021085537,0.17952990011761732,0.18120774965142677,0.17952990011761732,0.17919433021085537,0.17919433021085537,0.18288559918523634,0.1895969973204743,0.19093927694752189,0.1916104167610458,0.1916104167610458,0.1916104167610458,0.1946305459219028,0.20436207321799796,0.20872448200590266,0.21644258986142642,0.22516740743723596,0.23657678426714054,0.2395969134279976,0.2416103328685691,0.24295261249561662,0.24664388146999758,0.2563754087660927,0.2637579467148546,0.2748317536379973,0.2791941624259021,0.2902679693490448,0.2932880985099018,0.30234848599247327,0.30838874431418745,0.3167779919832349,0.3238249600252349,0.3251672396522825,0.330200788253711,0.3352343368551395,0.3419457349903775,0.3422813048971395,0.3489927030323775,0.35939537014199646,0.37416044603952014,0.3791939946409486,0.3922812210046628,0.3973147696060913,0.4040261677413293,0.41073756587656735,0.41778453391856724,0.4258382116808529,0.43489859916342427,0.44295227692570993,0.45268380422180504,0.4647643208652335,0.47684483750866197,0.49127434349942367,0.49630789210085224,0.5097306883713283,0.5241601943620902,0.5402675498866614,0.5503346470895183,0.5600661743856135,0.57885808916428,0.592280885434756,0.6214754673230416,0.6372472529408509,0.6506700492113268,0.6560391677195172,0.6634217056682793,0.6758377922184694,0.680871340819898,0.6895961583957073,0.6946297069971361,0.7030189546661834,0.7110726324284691,0.7110726324284691,0.714428331496088,0.721139729631326,0.727851127766564,0.727851127766564,0.7345625259018022,0.7379182249694212,0.7382537948761833,0.7412739240370402,0.7446296231046592,0.7446296231046592,0.7446296231046592,0.7446296231046592,0.7449651930114211,0.7533544406804688,0.7614081184427542,0.7614081184427542,0.7614081184427542,0.7617436883495161,0.7650993874171353,0.7671128068577066,0.7697973661118017,0.7701329360185638,0.7781866137808494,0.7781866137808494,0.7781866137808494,0.7798644633146589,0.7805356031281827,0.7805356031281827,0.7805356031281827,0.7805356031281827,0.7805356031281827,0.7882537109837063,0.7882537109837063
9497500,0.26357549121516277,0.26357549121516277,0.26357549121516277,0.2668815494304673,0.2668815494304673,0.26770806398429353,0.27101412219959814,0.27101412219959814,0.27101412219959814,0.27101412219959814,0.27184063675342435,0.27514669496872896,0.27514669496872896,0.27514669496872896,0.27597320952255516,0.2792792677378597,0.2792792677378597,0.28341184050699053,0.28837092782994755,0.29167698604525216,0.295809558814383,0.29994213158351374,0.30407470435264455,0.30407470435264455,0.30820727712177537,0.3123398498909062,0.316472422660037,0.316472422660037,0.32060499542916776,0.321431509982994,0.3247375681982986,0.3288701409674294,0.3288701409674294,0.3288701409674294,0.3296966555212556,0.3330027137365602,0.33713528650569097,0.33713528650569097,0.3412678592748218,0.3454004320439526,0.3495330048130834,0.35366557758221423,0.35449209213604044,0.3619307231204758,0.37019586865873744,0.37102238321256353,0.37515495598169435,0.37928752875082516,0.38672615973526064,0.39085873250439146,0.39912387804265304,0.40408296536560995,0.4123481109038716,0.4239193146574379,0.4371435475186564,0.4528473240413535,0.46937761511787673,0.4792957897637908,0.5024381972709232,0.5148359155783155,0.527233633885708,0.5396313521931003,0.547896497731362,0.5602942160387544,0.5652533033617113,0.5867426817611916,0.6156706911451073,0.6677411080361557,0.7189850103733774,0.7437804469881623,0.7669228544952945,0.787585718340949,0.8214728150478213,0.8421356788934754,0.8785023192618263,0.8917265521230451,0.9041242704304374,0.921481076060787,0.9760310366133134,0.9867757258130535,0.9999999586742723,0.9999999586742723,0.9999999586742723,0.9917348131360102,0.9917348131360102,0.9867757258130535,0.9859492112592272,0.9760310366133134,0.9735514929518347,0.957021201875312,0.957021201875312,0.957021201875312,0.957021201875312,0.957021201875312,0.9495825708908763,0.9289197070452225,0.894206095784524,0.876849290154174,0.8644515718467817,0.8644515718467817,0.8586659699699986,0.8545333972008679,0.8413091643396491,0.8380031061243446,0.814860698617212,0.7975038929868626,0.7884122328947749,0.7768410291412087,0.7718819418182518,0.7503925634187714,0.7346887868960745,0.6892304864356357,0.6685676225899814,0.635507040436935,0.6140176620374548,0.58922222542267,0.5776510216691036,0.5619472451464068,0.547896497731362,0.5363252939777956,0.5280601484395341,0.5107033428091847,0.5073972845938801,0.4991321390556185,0.4941730517326616,0.48590790619439994,0.46937761511787673,0.4528473240413535,0.4363170329648303,0.4206132564421332,0.3966443343811747,0.35945117945899746,0.33796180105951723,0.3172989372138632,0.30407470435264455,0.27514669496872896,0.25944291844603196,0.2462186855848133,0.23382096727742088,0.21729067620089768,0.20076038512437447,0.18836266681698205,0.17596494850958963,0.1635672302021972,0.1429043663565432,0.13133316260297703,0.10984378420349676,0.10571121143436596,0.10157863866523516,0.08918092035784275,0.08587486214253817,0.08091577481958113,0.07265062928131953,0.06521199829688415,0.06438548374305793,0.05612033820479631,0.04785519266653471,0.0437226198974039,0.03628398891296852,0.031324901590011486,0.026861722999350225,0.018927183282619074,0.015373170701166587,0.013141581405835927,0.010000826101296554,0.006942722252139721,0.00578560187678309,0.004132572769130804,0.0023968922060958594,0.0023968922060958594,0.0017356805630349447,0.0012397718307392295,0.0,0.0,0.0004959087322957153,0.0012397718307392295,0.0023968922060958594,0.003388709670687231,0.004876435867574318,0.004959087322956976,0.004959087322956976,0.00578560187678309,0.006529464975226664,0.007438630984435436,0.010662037744357467,0.0139680959596621,0.01735680563034939,0.027192328820880685,0.035457474359142295,0.0437226198974039,0.04785519266653471,0.05198776543566551,0.06025291097392712,0.06438548374305793,0.07265062928131953,0.07347714383514577,0.08091577481958113,0.08918092035784275,0.09331349312697355,0.09744606589610436,0.10571121143436596,0.11397635697262758,0.11810892974175838,0.1305066480491508,0.1429043663565432,0.15943465743306642,0.17183237574045884,0.18092403583254668,0.18836266681698205,0.20076038512437447,0.21315810343176686,0.2214232489700285,0.22638233629298551,0.23382096727742088,0.24208611281568249,0.2462186855848133,0.2586164038922057,0.27514669496872896,0.28754441327612135,0.295809558814383,0.29994213158351374,0.30407470435264455,0.30820727712177537,0.3123398498909062,0.316472422660037,0.3172989372138632,0.32060499542916776,0.32060499542916776,0.32060499542916776,0.316472422660037,0.316472422660037,0.316472422660037,0.316472422660037,0.316472422660037,0.316472422660037,0.316472422660037,0.3131663644447324,0.3131663644447324,0.3123398498909062,0.30820727712177537,0.30407470435264455,0.295809558814383,0.295809558814383,0.29250350059907837,0.28754441327612135,0.28341184050699053,0.2792792677378597,0.27184063675342435,0.26357549121516277,0.25448383112307493,0.2503512583539441,0.2379535400465517,0.22555582173915928,0.21729067620089768,0.21315810343176686,0.20902553066263607,0.19662781235524365,0.18918918137080828,0.18423009404785123,0.18009752127872045,0.17596494850958963,0.17183237574045884,0.16026117198689266,0.15943465743306642,0.1553020846639356,0.1553020846639356,0.15116951189480482,0.14786345367950024,0.147036939125674,0.147036939125674,0.147036939125674,0.147036939125674,0.147036939125674,0.147036939125674,0.14373088091036942,0.1429043663565432,0.1429043663565432,0.1387717935874124,0.1387717935874124,0.1387717935874124,0.1387717935874124,0.1387717935874124,0.1387717935874124,0.1429043663565432,0.1429043663565432,0.1429043663565432,0.147036939125674,0.15116951189480482,0.15116951189480482,0.1553020846639356,0.1553020846639356,0.1553020846639356,0.15943465743306642,0.15943465743306642,0.15943465743306642,0.15943465743306642,0.1635672302021972,0.1635672302021972,0.1635672302021972,0.16439374475602345,0.16769980297132803,0.16769980297132803,0.16852631752515426,0.17183237574045884,0.17183237574045884,0.17183237574045884,0.17596494850958963,0.17679146306341587,0.18423009404785123,0.18423009404785123,0.18423009404785123,0.18423009404785123,0.18423009404785123,0.18836266681698205,0.18918918137080828,0.19249523958611284,0.19249523958611284,0.19662781235524365,0.19662781235524365,0.19662781235524365,0.20076038512437447,0.20489295789350526,0.20489295789350526,0.2057194724473315,0.20902553066263607,0.21315810343176686,0.21315810343176686,0.21729067620089768,0.21729067620089768,0.2181171907547239,0.2214232489700285,0.2214232489700285,0.2214232489700285,0.2214232489700285,0.2222497635238547,0.22555582173915928,0.22638233629298551,0.2296883945082901,0.23382096727742088,0.23382096727742088,0.23382096727742088,0.23382096727742088,0.23382096727742088,0.23382096727742088,0.23382096727742088,0.23382096727742088,0.23382096727742088,0.23382096727742088,0.23382096727742088,0.23464748183124712,0.2379535400465517,0.2379535400465517,0.2379535400465517,0.2379535400465517,0.2379535400465517,0.24208611281568249,0.24208611281568249,0.24208611281568249,0.24208611281568249,0.24291262736950872,0.2462186855848133,0.2503512583539441,0.25448383112307493,0.25448383112307493,0.2586164038922057,0.2586164038922057
9497800,0.5123962707468838,0.5123962707468838,0.5157020531387991,0.5223136179226299,0.5289251827064606,0.5371896386862492,0.5371896386862492,0.5404954210781645,0.5454540946660377,0.5454540946660377,0.5520656594498684,0.5537185506458261,0.5537185506458261,0.5537185506458261,0.5537185506458261,0.5537185506458261,0.5619830066256145,0.5702474626054029,0.5785119185851915,0.5950408305447683,0.6033052865245567,0.6198341984841337,0.6363631104437105,0.6363631104437105,0.6363631104437105,0.6363631104437105,0.6363631104437105,0.6363631104437105,0.6611564783830759,0.6694209343628644,0.6694209343628644,0.6776853903426527,0.6859498463224413,0.719007670241595,0.719007670241595,0.719007670241595,0.719007670241595,0.719007670241595,0.719007670241595,0.719007670241595,0.719007670241595,0.719007670241595,0.719007670241595,0.7272721262213835,0.7355365822011718,0.7355365822011718,0.7355365822011718,0.7355365822011718,0.7520654941607486,0.7685944061203257,0.776858862100114,0.776858862100114,0.776858862100114,0.7851233180799025,0.8016522300394794,0.8016522300394794,0.809916686019268,0.8429745099384216,0.8595034218979984,0.8842967898373639,0.8842967898373639,0.9256190697363061,0.9669413496352484,0.9917347175746137,0.999999173554402,0.999999173554402,0.999999173554402,0.9917347175746137,0.9917347175746137,0.999999173554402,0.999999173554402,0.999999173554402,0.9752058056150369,0.9752058056150369,0.9669413496352484,0.9669413496352484,0.9669413496352484,0.9669413496352484,0.9669413496352484,0.9669413496352484,0.9504124376756715,0.9256190697363061,0.9173546137565176,0.8842967898373639,0.8842967898373639,0.8842967898373639,0.8842967898373639,0.8842967898373639,0.8760323338575753,0.8429745099384216,0.8181811419990562,0.809916686019268,0.8016522300394794,0.8016522300394794,0.8016522300394794,0.8016522300394794,0.8016522300394794,0.7685944061203257,0.7603299501405372,0.7520654941607486,0.7355365822011718,0.719007670241595,0.7107432142618066,0.6942143023022296,0.6776853903426527,0.6694209343628644,0.6528920224032874,0.6363631104437105,0.6363631104437105,0.6115697425043451,0.6033052865245567,0.5867763745649799,0.5619830066256145,0.5537185506458261,0.5537185506458261,0.5206607267266722,0.47933844682772997,0.47107399084794155,0.47107399084794155,0.4545450788883647,0.4214872549692109,0.38842943105005706,0.38842943105005706,0.38842943105005706,0.38016497507026864,0.35537160713090327,0.330578239191538,0.3223137832117494,0.3057848712521726,0.3057848712521726,0.3057848712521726,0.3057848712521726,0.2809915033128072,0.26446259135323036,0.24793367939365352,0.22314031145428811,0.21735519226843616,0.20991718188662659,0.1950411611230074,0.18181803155534587,0.1743800211735363,0.16280978280183242,0.15619821801800166,0.14297508845034013,0.14049575165640363,0.1322312956766152,0.12148750290289016,0.11074371012916527,0.09999991735544023,0.09090901577767298,0.08429745099384221,0.07520654941607496,0.0685949846322442,0.06033052865245563,0.057851191858519155,0.05206607267266721,0.05041318147670956,0.049586735878730734,0.044628062290857626,0.03966938870298459,0.03553716071309038,0.023966922341386504,0.022314031145428848,0.018181803155534564,0.013223129567661529,0.008264455979788492,0.00413222798989421,0.002479336793936555,0.002479336793936555,0.0016528911959577278,0.0008264455979788272,0.0,0.0,0.0,0.0,0.0,0.0,0.0,0.0,0.0008264455979788272,0.0016528911959577278,0.002479336793936555,0.005785119185851937,0.009090901577767319,0.013223129567661529,0.01735535755755574,0.022314031145428848,0.02479336793936533,0.036363606311069205,0.044628062290857626,0.05206607267266721,0.06363631104437109,0.08181811419990558,0.09090901577767298,0.0917354613756518,0.0991734717574614,0.10330569974735568,0.11570238371703823,0.13305774127459405,0.14876020763619205,0.16528911959576903,0.1743800211735363,0.1991733891129017,0.2148758554744997,0.22314031145428811,0.22314031145428811,0.22314031145428811,0.22314031145428811,0.23140476743407654,0.24793367939365352,0.29752041527238415,0.3057848712521726,0.3057848712521726,0.3057848712521726,0.3057848712521726,0.3057848712521726,0.3057848712521726,0.3388426951713264,0.3636360631106917,0.38842943105005706,0.38842943105005706,0.38842943105005706,0.38842943105005706,0.38842943105005706,0.38842943105005706,0.38842943105005706,0.4132227989894225,0.42975171094899933,0.43801616692878775,0.4214872549692109,0.4214872549692109,0.4214872549692109,0.4214872549692109,0.4214872549692109,0.42975171094899933,0.43801616692878775,0.4214872549692109,0.4214872549692109,0.4132227989894225,0.4049583430096339,0.38842943105005706,0.38842943105005706,0.38842943105005706,0.38842943105005706,0.38842943105005706,0.38842943105005706,0.38842943105005706,0.38842943105005706,0.38842943105005706,0.38842943105005706,0.38842943105005706,0.38842943105005706,0.38842943105005706,0.38842943105005706,0.38842943105005706,0.38842943105005706,0.38842943105005706,0.38842943105005706,0.38842943105005706,0.38842943105005706,0.38842943105005706,0.38842943105005706,0.38842943105005706,0.38842943105005706,0.38842943105005706,0.38016497507026864,0.38016497507026864,0.38016497507026864,0.38016497507026864,0.3636360631106917,0.34710715115111485,0.3388426951713264,0.330578239191538,0.330578239191538,0.330578239191538,0.330578239191538,0.330578239191538,0.314049327231961,0.314049327231961,0.314049327231961,0.3057848712521726,0.3057848712521726,0.3057848712521726,0.3057848712521726,0.3057848712521726,0.314049327231961,0.314049327231961,0.330578239191538,0.330578239191538,0.330578239191538,0.330578239191538,0.330578239191538,0.330578239191538,0.330578239191538,0.330578239191538,0.330578239191538,0.3388426951713264,0.3388426951713264,0.34710715115111485,0.34710715115111485,0.35537160713090327,0.35537160713090327,0.35537160713090327,0.35537160713090327,0.3719005190904802,0.38842943105005706,0.38842943105005706,0.38842943105005706,0.38842943105005706,0.3966938870298455,0.4049583430096339,0.4214872549692109,0.4214872549692109,0.42975171094899933,0.43801616692878775,0.43801616692878775,0.4462806229085762,0.4545450788883647,0.4545450788883647,0.4545450788883647,0.4545450788883647,0.4628095348681531,0.47107399084794155,0.47107399084794155,0.47107399084794155,0.47107399084794155,0.47107399084794155,0.47933844682772997,0.47933844682772997,0.4876029028075184,0.4876029028075184,0.4876029028075184,0.495867358787307,0.5041318147670953,0.5041318147670953,0.5123962707468838,0.5206607267266722,0.5289251827064606,0.5289251827064606,0.5289251827064606,0.5289251827064606,0.5289251827064606,0.5289251827064606,0.5289251827064606,0.5289251827064606,0.5289251827064606,0.5289251827064606,0.5289251827064606,0.5289251827064606,0.5289251827064606,0.5289251827064606,0.5289251827064606,0.5206607267266722,0.5206607267266722,0.5206607267266722,0.5140491619428414,0.5123962707468838,0.5123962707468838,0.5123962707468838,0.5123962707468838,0.5123962707468838,0.5123962707468838,0.5123962707468838,0.5123962707468838,0.5123962707468838,0.5123962707468838
9497980,0.588081378027518,0.5891176447729412,0.596889645363613,0.6186512470174951,0.6450760490257796,0.6455941823984913,0.6455941823984913,0.6455941823984913,0.6455941823984913,0.6455941823984913,0.6450760490257796,0.6430035155349341,0.6290139144717245,0.6290139144717245,0.6383403151805306,0.6424853821622224,0.6455941823984913,0.6564749832254322,0.6632107170706811,0.6632107170706811,0.6647651171888157,0.6647651171888157,0.6663195173069502,0.6844541853518514,0.6870448522154087,0.6891173857062546,0.6891173857062546,0.6891173857062546,0.6891173857062546,0.6891173857062546,0.6891173857062546,0.6891173857062546,0.6891173857062546,0.6891173857062546,0.6891173857062546,0.6891173857062546,0.6891173857062546,0.6891173857062546,0.7056976536330218,0.73315872238673,0.7606197911404378,0.7927440602485486,0.8321221965746215,0.8963707347908426,0.8963707347908426,0.8963707347908426,0.8963707347908426,0.8963707347908426,0.8963707347908426,0.8963707347908426,0.8963707347908426,0.9031064686360919,0.9222774034264161,0.9222774034264161,0.9233136701718389,0.9279768705262422,0.9404120714713176,0.9404120714713176,0.941966471589452,0.9481840720619894,0.9481840720619894,0.9481840720619894,0.952847272416393,0.9746088740702744,0.978235807679255,0.9875622083880614,0.9999974093331364,0.9999974093331364,0.9999974093331364,0.9999974093331364,0.9999974093331364,0.9999974093331364,0.9999974093331364,0.9870440750153497,0.978235807679255,0.9689094069704483,0.9626918064979108,0.9564742060253729,0.9559560726526615,0.9538835391618159,0.9481840720619894,0.9435208717075863,0.9383395379804714,0.9310856707625111,0.915541669581167,0.8979251349089771,0.8963707347908426,0.8865262007093246,0.8860080673366132,0.8730547330188263,0.8632101989373085,0.8445573975196956,0.8445573975196956,0.8424848640288499,0.8212413957476795,0.8056973945663353,0.7927440602485486,0.787562726521434,0.787562726521434,0.7735731254582245,0.7621741912585718,0.751293390431631,0.7383400561138443,0.7160603210872513,0.7072520537511561,0.6891173857062546,0.6735733845249106,0.6632107170706811,0.6528480496164518,0.6424853821622224,0.6373040484351078,0.6243507141173209,0.6093248463086883,0.602070979090728,0.5860088445366722,0.5652835096282136,0.5601021759010988,0.5440400413470432,0.5233147064385844,0.5155427058479123,0.5077707052572403,0.5051800383936829,0.4953355043121649,0.4875635037214932,0.48186403662166677,0.462174968458631,0.446630967277287,0.43367763295950035,0.420206165269002,0.40725283095121506,0.38860002953360234,0.37616482858852707,0.3632114942707402,0.34974002658024206,0.33678669226245533,0.32642402480822597,0.3108800236268817,0.30051735617265235,0.29067282209113454,0.28031015463690495,0.27461068753707896,0.2595848197284464,0.24870401890150542,0.23834135144727603,0.22538801712948933,0.21502534967525994,0.20207201535747324,0.19430001476680112,0.18393734731257172,0.178756013585457,0.17098401299478502,0.15854881204970975,0.14507734435921152,0.13212401004142482,0.11917067572363801,0.11139867513296602,0.1036266745422939,0.09326400708806451,0.08031067277027781,0.0699480053160484,0.06735733845249112,0.06735733845249112,0.06217600472537642,0.05440400413470431,0.04248693656234055,0.04145066981691761,0.03678746946251444,0.029015468871842327,0.0233160017720161,0.018652801417612924,0.015544001181344105,0.015544001181344105,0.010362667454229403,0.004145066981691876,0.002590666863557408,0.002590666863557408,0.002590666863557408,0.002590666863557408,0.002590666863557408,0.0,0.0,0.0005181333727115277,0.002590666863557408,0.010362667454229403,0.015544001181344105,0.015544001181344105,0.015544001181344105,0.015544001181344105,0.01658026792676716,0.026942935380996447,0.03626933608980291,0.039378136326071726,0.04145066981691761,0.044041336680474906,0.049222670407589604,0.054922137507415834,0.06735733845249112,0.07253867217960581,0.0829013396338351,0.10207227442415967,0.11398934199652332,0.12797894305973317,0.14248667749565422,0.17098401299478502,0.17668348009461113,0.18911868103968643,0.19222748127595524,0.19533628151222407,0.21088028269356818,0.22279735026593192,0.23056935085660404,0.23626881795643015,0.23626881795643015,0.24145015168354486,0.2440408185471025,0.2471496187833713,0.2538853526286201,0.27253815404623305,0.27461068753707896,0.27461068753707896,0.27461068753707896,0.27461068753707896,0.27461068753707896,0.27461068753707896,0.27461068753707896,0.27461068753707896,0.27461068753707896,0.27461068753707896,0.27461068753707896,0.27461068753707896,0.27461068753707896,0.27461068753707896,0.27461068753707896,0.27461068753707896,0.27461068753707896,0.27461068753707896,0.27461068753707896,0.27461068753707896,0.27461068753707896,0.27461068753707896,0.27461068753707896,0.27461068753707896,0.27461068753707896,0.27202002067352166,0.26994748718267575,0.2507765523923515,0.24870401890150542,0.24870401890150542,0.24870401890150542,0.24870401890150542,0.24455895191981367,0.23626881795643015,0.23316001772016132,0.22797868399304663,0.22279735026593192,0.22279735026593192,0.22279735026593192,0.22279735026593192,0.21606161642068286,0.21295281618441406,0.21295281618441406,0.21036214932085665,0.21295281618441406,0.21502534967525994,0.21502534967525994,0.21036214932085665,0.20984401594814522,0.20984401594814522,0.21295281618441406,0.21657974979339428,0.22279735026593192,0.22279735026593192,0.22279735026593192,0.22279735026593192,0.22279735026593192,0.22849681736575816,0.23575068458371873,0.23575068458371873,0.23937761819269898,0.2440408185471025,0.24611335203794812,0.24611335203794812,0.24870401890150542,0.24870401890150542,0.24922215227421696,0.25440348600133167,0.2590666863557348,0.26165735321929223,0.26424802008284953,0.2647661534555612,0.26683868694640694,0.26942935380996424,0.26942935380996424,0.27202002067352166,0.27202002067352166,0.27461068753707896,0.27461068753707896,0.27461068753707896,0.27461068753707896,0.27461068753707896,0.27461068753707896,0.27771948777334765,0.2797920212641935,0.2829008215004625,0.2849733549913083,0.2875640218548656,0.2901546887184229,0.29274535558198045,0.29274535558198045,0.29533602244553775,0.3056986898997671,0.3082893567633244,0.3088074901360361,0.3139888238631509,0.31917015759026524,0.32642402480822597,0.32642402480822597,0.3316053585353405,0.34196802598956993,0.35233069344379936,0.3575120271709142,0.3658021611342975,0.37357416172496977,0.3870456294154679,0.39637203012427424,0.40414403071494637,0.40932536444206097,0.41450669816917574,0.41968803189629034,0.43056883272323115,0.4352320330776346,0.44041336680474913,0.44041336680474913,0.44041336680474913,0.44041336680474913,0.45077603425897855,0.4637293685767655,0.48186403662166677,0.48186403662166677,0.4860091036033585,0.4860091036033585,0.4860091036033585,0.48808163709420466,0.49378110419403065,0.49999870466656826,0.5077707052572403,0.5077707052572403,0.5077707052572403,0.5077707052572403,0.5077707052572403,0.5077707052572403,0.5077707052572403,0.5077707052572403,0.5077707052572403,0.5077707052572403,0.5077707052572403,0.5093251053753749,0.5259053733021417,0.5336773738928138,0.5518120419377153,0.5518120419377153,0.5518120419377153,0.5518120419377153,0.5544027088012726,0.5554389755466954,0.5544027088012726
9498400,0.9051754005273506,0.9051754005273506,0.9051754005273506,0.9044460085849435,0.9044460085849435,0.9044460085849435,0.9044460085849435,0.9044460085849435,0.9197632393754946,0.9197632393754946,0.9044460085849435,0.8949639133336493,0.8949639133336493,0.9044460085849435,0.9197632393754946,0.9197632393754946,0.9234101990875306,0.9285159426843812,0.9379980379356749,0.941644997647711,0.941644997647711,0.941644997647711,0.9409156057053037,0.9285159426843812,0.9197632393754946,0.9015284408153146,0.8876699939095773,0.8949639133336493,0.9015284408153146,0.9073635763545723,0.9073635763545723,0.9073635763545723,0.9073635763545723,0.9212220232603092,0.9379980379356749,0.9379980379356749,0.941644997647711,0.9445625654173397,0.9452919573597469,0.9452919573597469,0.9555034445534478,0.959150404265484,0.9598797962078911,0.9642561478623346,0.9642561478623346,0.9598797962078911,0.9598797962078911,0.9598797962078911,0.9598797962078911,0.9598797962078911,0.9598797962078911,0.9598797962078911,0.9708206753439994,0.9861379061345508,0.9919730416738085,0.9927024336162161,0.996349393328252,0.9999963530402879,0.996349393328252,0.9919730416738085,0.9846791222497364,0.9708206753439994,0.9708206753439994,0.9708206753439994,0.9635267559199273,0.959150404265484,0.9460213493021543,0.9350804701660462,0.9263277668571596,0.9161162796634585,0.8935051294488352,0.873082155061433,0.8577649242708815,0.8424476934803301,0.8154601916112634,0.7950372172238612,0.7848257300301604,0.7585676201035008,0.7483561329097997,0.7366858618312844,0.7220980229831402,0.714804103559068,0.7024044405381455,0.6943811291716661,0.6783345064387074,0.6710405870146353,0.666664235360192,0.6600997078785271,0.6528057884544549,0.6498882206848261,0.6455118690303828,0.6440530851455684,0.6272770704702025,0.6199831510461304,0.6061247041403935,0.6017483524859502,0.593725041119471,0.5798665942137338,0.5689257150776256,0.5623611875959608,0.5433969970933731,0.532456117957265,0.5273503743604145,0.5120331435698631,0.5047392241457911,0.5032804402609765,0.49598652083690437,0.49598652083690437,0.48504564170079617,0.477751722276724,0.4595169237165437,0.45586996400450763,0.4485760445804355,0.44492908486839944,0.44128212515636345,0.43034124602025525,0.415753407172111,0.40845948774803886,0.4048125280360028,0.3865777294758225,0.3792838100517504,0.35740205177953394,0.34281421293138975,0.33552029350731766,0.32093245465917336,0.31363853523510127,0.3063446158110291,0.3026976560989931,0.2954037366749209,0.28446285753881273,0.27716893811474064,0.2698750186906685,0.2516402201304882,0.24434630070641605,0.237052381282344,0.2334054215703079,0.22246454243419972,0.21152366329809152,0.2042297438740194,0.20058278416198333,0.1896419050258752,0.18599494531383912,0.17505406617773092,0.17140710646569485,0.16046622732958668,0.14952534819347849,0.13858446905737032,0.12399663020922606,0.10940879136108185,0.10211487193700972,0.09846791222497366,0.08752703308886547,0.08023311366479334,0.07293919424072122,0.06564527481664911,0.05835135539257698,0.05470439568054091,0.05105743596850485,0.047410476256468784,0.043763516544432744,0.04011655683239668,0.03646959712036061,0.03282263740832455,0.021881758272216365,0.0182347985601803,0.014587838848144246,0.010940879136108183,0.010940879136108183,0.010940879136108183,0.007293919424072119,0.007293919424072119,0.007293919424072119,0.003646959712036064,0.003646959712036064,0.003646959712036064,0.003646959712036064,0.0,0.0,0.0,0.0,0.0,0.0,0.0,0.0,0.0,0.003646959712036064,0.003646959712036064,0.007293919424072119,0.010940879136108183,0.014587838848144246,0.019693582444994726,0.02552871798425243,0.02552871798425243,0.03282263740832455,0.04011655683239668,0.045222300429247186,0.049598652083690506,0.05835135539257698,0.061998315104613046,0.07002162647109245,0.08533885726164385,0.0970091283401593,0.10503243970663861,0.10576183164904579,0.11305575107311787,0.12764358992126212,0.13493750934533424,0.1422314287694064,0.14952534819347849,0.15317230790551453,0.154631091790329,0.16046622732958668,0.16411318704162273,0.1677601467536588,0.17140710646569485,0.17651285006254538,0.18234798560180304,0.18599494531383912,0.1896419050258752,0.19037129696828248,0.19766521639235457,0.20058278416198333,0.20787670358605545,0.2122530552404988,0.2195469746645709,0.22246454243419972,0.223193934376607,0.22829967797345757,0.23778177322475127,0.2450756926488233,0.2487226523608594,0.25528717984252425,0.2625810992665964,0.2633104912090036,0.2706044106330757,0.2735219784027046,0.2778983300571479,0.28446285753881273,0.2881098172508488,0.2917567769628849,0.29248616890529217,0.29905069638695697,0.29905069638695697,0.2954037366749209,0.29248616890529217,0.2954037366749209,0.2954037366749209,0.2954037366749209,0.29248616890529217,0.2917567769628849,0.2917567769628849,0.2881098172508488,0.2881098172508488,0.2881098172508488,0.28446285753881273,0.28446285753881273,0.28446285753881273,0.2778983300571479,0.27716893811474064,0.27425137034511193,0.2735219784027046,0.2735219784027046,0.2735219784027046,0.2735219784027046,0.2735219784027046,0.2735219784027046,0.2735219784027046,0.2735219784027046,0.2735219784027046,0.2735219784027046,0.27716893811474064,0.27716893811474064,0.27716893811474064,0.2808158978267767,0.2808158978267767,0.28446285753881273,0.28446285753881273,0.28446285753881273,0.28519224948121996,0.2917567769628849,0.2917567769628849,0.2917567769628849,0.29248616890529217,0.2954037366749209,0.29978008832936426,0.3026976560989931,0.3026976560989931,0.3026976560989931,0.3063446158110291,0.30999157552306517,0.30999157552306517,0.3172854949471373,0.32093245465917336,0.3253088063136168,0.3282263740832455,0.33260272573768895,0.3391672532193537,0.3391672532193537,0.34354360487379704,0.3501081323554619,0.35448448400990507,0.36104901149157,0.3617784034339772,0.3646959712036061,0.3683429309156422,0.3734486745124928,0.3829307697637864,0.3946010408423019,0.4048125280360028,0.41210644746007496,0.41940036688414706,0.4266942863082192,0.4274236782506265,0.43398820573229135,0.4522230042924716,0.474104762564688,0.49598652083690437,0.511303751627456,0.5309973340724506,0.5433969970933731,0.5506909165174452,0.5550672681718885,0.5616317956535534,0.5660081473079968,0.5725726747896616,0.5798665942137338,0.5871605136378059,0.598101392773914,0.598101392773914,0.6090422719100222,0.6170655832765016,0.6272770704702025,0.6309240301822385,0.6455118690303828,0.6528057884544549,0.6637466675905631,0.6717699789570424,0.6863578178051868,0.693651737229259,0.7009456566533311,0.7082395760774032,0.7257449826951762,0.7439797812553565,0.7549206603914645,0.759297012045908,0.7731554589516448,0.7811787703181242,0.7884726897421964,0.7950372172238612,0.8096250560720054,0.8176483674384849,0.8205659352081137,0.8242128949201497,0.8242128949201497,0.8242128949201497,0.8278598546321859,0.8315068143442218,0.8315068143442218,0.835153774056258,0.8358831659986653,0.838800733768294,0.838800733768294,0.838800733768294,0.8424476934803301,0.8424476934803301,0.8431770854227374
9498500,0.3207976338062889,0.3241434581054784,0.3308351067038574,0.3341809310030469,0.33685759044239855,0.3375267553022364,0.34020341474158805,0.34354923904077755,0.346895063339967,0.346895063339967,0.3502408876391565,0.3502408876391565,0.3502408876391565,0.3509100524989944,0.353586711938346,0.3542558767981839,0.3569325362375355,0.3569325362375355,0.360278360536725,0.3636241848359145,0.366970009135104,0.3703158334342935,0.3703158334342935,0.37433082259332084,0.3770074820326725,0.380353306331862,0.3836991306310515,0.3836991306310515,0.38436829549088936,0.387044954930241,0.38771411979007886,0.3903907792294305,0.39373660352862,0.40042825212699895,0.40377407642618846,0.40711990072537796,0.41715737362294647,0.4211723627819738,0.4312098356795423,0.43723231941808344,0.4506156166148414,0.4573072652132204,0.4639989138115994,0.4680139029706268,0.47738221100835737,0.4807280353075469,0.4840738596067364,0.4840738596067364,0.4874196839059259,0.49478049736414276,0.5175321025986314,0.5342612240945789,0.5483136861511748,0.5643736427872843,0.5817719291430699,0.6051926992373963,0.6152301721349648,0.6252676450325333,0.6312901287710743,0.6419967665284808,0.6513650745662112,0.6553800637252387,0.6640792069031315,0.6854924824179442,0.6948607904556746,0.7122590768114602,0.7316648577467592,0.7557547927009235,0.7758297384960606,0.8286937624232545,0.8447537190593644,0.85880618111596,0.9023018970054234,0.9357601399973188,0.9565042506522933,0.9611884046711586,0.9799250207466201,0.9872858342048366,0.9933083179433781,0.9872858342048366,0.9933083179433781,0.9966541422425672,0.9966541422425672,0.999999966541757,0.999999966541757,0.999999966541757,0.9966541422425672,0.9879549990646747,0.9859475044851609,0.9792558558867819,0.9665417235498621,0.9665417235498621,0.9665417235498621,0.9551659209326178,0.9417826237358597,0.9297376562587772,0.9123393699029919,0.8895877646685033,0.879550291770935,0.8561295216766085,0.8487687082183915,0.8400695650404989,0.8333779164421199,0.8226712786847133,0.8153104652264965,0.801927168029739,0.7952355194313596,0.7825213870944394,0.7718147493370331,0.7517398035418965,0.7156049011106497,0.7028907687737296,0.6915149661564852,0.6453425908276703,0.6179068315743163,0.5958243911996657,0.5877944128816108,0.5777569399840423,0.5643736427872843,0.5543361698897158,0.5376070483937684,0.5242237511970104,0.5148554431592797,0.5014721459625218,0.48474302446657425,0.47470555156900573,0.45128478147467926,0.44392396801646244,0.4312098356795423,0.4077890655852158,0.38771411979007886,0.360278360536725,0.3274892824046679,0.30674517174969307,0.2866702259545561,0.2599036315610401,0.23447536688720005,0.22309956426995564,0.20302461847481867,0.19031048613789864,0.1796038483804922,0.16688971604357217,0.15618307828616573,0.14614560538859722,0.13610813249102874,0.11937901099508126,0.11268736239670227,0.10599571379832327,0.09595824090075479,0.0892665923023758,0.08592076800318629,0.0825749437039968,0.0792291194048073,0.0725374708064283,0.06919164650723882,0.06584582220804931,0.05915417360967032,0.05580834931048082,0.05246252501129133,0.04644004127275029,0.039079227814533345,0.03573340351534385,0.029041754916964854,0.025695930617775357,0.019004282019396364,0.015123125832336558,0.010706637757406398,0.006290149682476286,0.004951819962800468,0.0033458242991894964,0.0021413275514812796,0.0013383297196758177,0.000736081345821733,0.0,0.0003345824299189782,0.0006022483738541322,0.000736081345821733,0.0013383297196758177,0.0020744110654975032,0.003011241869270566,0.003814239701076028,0.004951819962800468,0.005687901308622153,0.006691648598378993,0.010706637757406398,0.01231263342101737,0.019004282019396364,0.02235010631858586,0.025695930617775357,0.03238757921615435,0.039079227814533345,0.04644004127275029,0.05246252501129133,0.05580834931048082,0.062499997908859815,0.06919164650723882,0.07588329510561781,0.08324410856383475,0.09261241660156529,0.09930406519994428,0.10934153809751276,0.11937901099508126,0.13276230819183923,0.14614560538859722,0.15283725398697623,0.16354389174438266,0.1796038483804922,0.19633296987643967,0.20971626707319765,0.2304603777281726,0.24986615866347162,0.26726444501925706,0.2833244016553666,0.29336187455293505,0.30072268801115193,0.31076016090872044,0.3174518095070994,0.3241434581054784,0.3408725796014259,0.3609475253965629,0.3676391739949419,0.3770074820326725,0.38102247119169985,0.3836991306310515,0.387044954930241,0.3903907792294305,0.38771411979007886,0.387044954930241,0.387044954930241,0.387044954930241,0.38436829549088936,0.38102247119169985,0.37767664689251035,0.37767664689251035,0.3770074820326725,0.37098499829413134,0.37098499829413134,0.366970009135104,0.3636241848359145,0.360278360536725,0.3502408876391565,0.34154174446126395,0.33351176614320904,0.33351176614320904,0.32682011754483004,0.3207976338062889,0.31076016090872044,0.30005352315131406,0.2906852151135834,0.2833244016553666,0.27395609361763607,0.26324945586022963,0.2532119829626611,0.24652033436428214,0.24317451006509264,0.23313703716752415,0.22644538856914515,0.21975373997076617,0.21640791567157666,0.21306209137238716,0.20436294819449458,0.20302461847481867,0.19633296987643967,0.1896413212780607,0.18629549697887118,0.1829496726796817,0.1796038483804922,0.1796038483804922,0.1796038483804922,0.1796038483804922,0.1796038483804922,0.1796038483804922,0.18027301324033015,0.1796038483804922,0.18027301324033015,0.1796038483804922,0.1796038483804922,0.1796038483804922,0.1796038483804922,0.1796038483804922,0.1796038483804922,0.17692718894114065,0.1796038483804922,0.1796038483804922,0.1796038483804922,0.18027301324033015,0.1829496726796817,0.18629549697887118,0.18629549697887118,0.1896413212780607,0.19031048613789864,0.1929871455772502,0.1929871455772502,0.19633296987643967,0.19633296987643967,0.19967879417562917,0.19967879417562917,0.20302461847481867,0.20302461847481867,0.20302461847481867,0.20302461847481867,0.20302461847481867,0.20302461847481867,0.20637044277400818,0.20703960763384613,0.21306209137238716,0.21306209137238716,0.21306209137238716,0.2137312562322251,0.21640791567157666,0.21975373997076617,0.21975373997076617,0.22309956426995564,0.22309956426995564,0.22376872912979362,0.22644538856914515,0.22644538856914515,0.22979121286833465,0.22979121286833465,0.22979121286833465,0.23313703716752415,0.2338062020273621,0.23648286146671363,0.23982868576590313,0.24317451006509264,0.24317451006509264,0.24652033436428214,0.24652033436428214,0.2532119829626611,0.2532119829626611,0.2572269721216886,0.26057279642087805,0.26391862072006755,0.26659528015941913,0.2699411044586086,0.2732869287577981,0.2766327530569876,0.2799785773561771,0.2806477422160151,0.2833244016553666,0.2833244016553666,0.2833244016553666,0.2866702259545561,0.2866702259545561,0.2866702259545561,0.2866702259545561,0.2866702259545561,0.2900160502537456,0.29336187455293505,0.29336187455293505,0.29336187455293505,0.29670769885212456,0.29670769885212456,0.29670769885212456,0.29670769885212456,0.29670769885212456,0.30005352315131406,0.30005352315131406,0.30005352315131406,0.30339934745050356,0.30339934745050356,0.30339934745050356,0.30674517174969307,0.30674517174969307,0.30741433660953094,0.30741433660953094
9499000,0.4557290183173769,0.4557290183173769,0.4557290183173769,0.4557290183173769,0.4557290183173769,0.4557290183173769,0.4557290183173769,0.4557290183173769,0.4557290183173769,0.4557290183173769,0.4557290183173769,0.4557290183173769,0.4557290183173769,0.4557290183173769,0.4557290183173769,0.45898422559107244,0.46223943286476793,0.46549464013846353,0.46549464013846353,0.4687498474121591,0.4687498474121591,0.4687498474121591,0.4687498474121591,0.4687498474121591,0.47200505468585463,0.4791665106879849,0.4817706765069413,0.4850258837806368,0.485676925235376,0.4882810910543324,0.4882810910543324,0.49869775433015856,0.5208331637912879,0.5208331637912879,0.5208331637912879,0.5247394125197229,0.5533852365282433,0.5533852365282433,0.5533852365282433,0.5859373092651988,0.5859373092651988,0.5859373092651988,0.6184893820021543,0.6184893820021543,0.620442506366372,0.6484372889201534,0.6510414547391098,0.6510414547391098,0.6510414547391098,0.662760200924414,0.6809893616571089,0.6835935274760653,0.6940101907518911,0.7161456002130208,0.7207028903961947,0.7486976729499762,0.7682289165921496,0.7812497456869317,0.8059893209670181,0.8138018184238873,0.823567440244974,0.8274736889734087,0.8398434766134517,0.8463538911608428,0.8763017980788419,0.8906247100831024,0.9114580366347538,0.9114580366347538,0.9134111609989713,0.9270830315484926,0.9687496846517956,0.9811194722918388,0.9999996744792726,0.9999996744792726,0.9765621821086647,0.9641923944686217,0.9583330213759698,0.9459632337359268,0.9440101093717093,0.9440101093717093,0.9440101093717093,0.9283851144579709,0.9218746999105795,0.9114580366347538,0.9114580366347538,0.8990882489947107,0.8860674198999284,0.8789059638977983,0.8763017980788419,0.8483070155250604,0.8372393107944952,0.781900787141671,0.7623695434994977,0.7486976729499762,0.7330726780362378,0.7135414343940644,0.6966143565708475,0.6835935274760653,0.6705726983812832,0.6516924961938491,0.6510414547391098,0.6321612525516757,0.6191404234568936,0.6061195943621114,0.5859373092651988,0.5761716874441122,0.5566404438019389,0.550781070709287,0.5182289979723315,0.4882810910543324,0.46940088886689824,0.4557290183173769,0.44010402340363824,0.4231769455804214,0.41015611648563916,0.39778632884559617,0.3808592510223792,0.3580728001065104,0.3548175928328149,0.34244780519277174,0.3352863491906416,0.3255207273695549,0.3226561449687029,0.31575510554846825,0.309374899292025,0.29622386190629496,0.28535146961215185,0.27695303484601735,0.2610676233503831,0.2533853341844616,0.24088533825347064,0.2246093018849929,0.21165357693568462,0.20481764166092395,0.19322910376656785,0.1837238985273768,0.1772134839799857,0.17122390259638587,0.15800776106518197,0.15273432528179517,0.14264318273333898,0.1322265194575132,0.12701818781960034,0.122135376909057,0.11464840017955723,0.10559892395868364,0.09687496846517957,0.08600257617103642,0.08216143158807566,0.07434893413120634,0.06757810300191962,0.061588521618319785,0.05214842052460271,0.0479817552142724,0.04140623652140738,0.03457030124664675,0.024934887716507922,0.01614582807752994,0.009700517675612759,0.0030598948372738263,0.0006510414547391099,0.0,0.0,0.0,0.0,0.0,0.0,0.0,0.0,0.0,0.0,0.0,0.0,0.0,0.0,0.0,0.0,0.0,0.0,0.0,0.0,0.0,0.0,0.0,0.0,0.0,0.0,0.0,0.0,0.0,0.0,0.0,0.0,0.0,0.0,0.0,0.0,0.0,0.0,0.0,0.0,0.0,0.0,0.0,0.0,0.0,0.0,0.0,0.0,0.0,0.0,0.0,0.0,0.0,0.0021484368006390786,0.005273435783386796,0.007877601602343232,0.01569009905921258,0.021223951424494986,0.0319661354276903,0.03671873804728585,0.04361977746752039,0.054296857325241775,0.062434875509480674,0.07135414343940644,0.07135414343940644,0.07161456002130208,0.07174476831224992,0.07434893413120634,0.07434893413120634,0.07434893413120634,0.07682289165921498,0.07812497456869318,0.07812497456869318,0.08007809893291054,0.08710934664409291,0.08808590882620157,0.08984372075399717,0.09114580366347537,0.09114580366347537,0.09127601195442321,0.09114580366347537,0.09114580366347537,0.0889322627173624,0.0817708067152322,0.07845049529606277,0.074609350713102,0.07421872584025851,0.07285153878530641,0.07161456002130208,0.06842445689308045,0.06425779158275013,0.06243487550948066,0.056315085834933,0.048958317396381075,0.04635415157742463,0.04531248524984204,0.04108071579403786,0.03925779972076834,0.03880207070245095,0.035091134410438075,0.035091134410438075,0.03398436393738155,0.032682281027903326,0.032291656155059856,0.030598948372738192,0.030273427645368608,0.030273427645368608,0.027539053535464358,0.026171866480512222,0.0266926996443035,0.027539053535464358,0.028710928153994775,0.028710928153994775,0.028710928153994775,0.027539053535464358,0.027343741099042612,0.027343741099042612,0.027343741099042612,0.02792967840830786,0.030273427645368608,0.030273427645368608,0.030273427645368608,0.030273427645368608,0.03033853179084253,0.030859364954633827,0.03483071782854238,0.03606769659254671,0.03828123753865967,0.040364570193824806,0.042317694558042136,0.043684881612994275,0.04576821426815944,0.04817706765069413,0.04921873397827673,0.052799461979341815,0.0586588350719938,0.06035154285431549,0.06484372889201534,0.06959633151161085,0.07330726780362376,0.0758463294771063,0.0846353891160843,0.093619761191484,0.1007812171936142,0.1136718379974486,0.12102860643600054,0.13411453967625664,0.14531245269776938,0.15611974084643854,0.1659504668129991,0.1790364000532552,0.18294264878168986,0.19114577111140266,0.19934889344111545,0.20579420384303265,0.21002597329883682,0.21647128370075402,0.22239576093887992,0.22597648893994504,0.23046867497764487,0.24218742116294886,0.25292960516614416,0.26113272749585703,0.2666665798611394,0.27096345346241757,0.2761066809548565,0.28430980328456934,0.2877603229946865,0.2930988629235472,0.2994790691799905,0.3056639630000121,0.3096353158739206,0.3147134392208857,0.32226552009585935,0.3255207273695549,0.3385415564643371,0.35156238555911934,0.3580728001065104,0.3580728001065104,0.3580728001065104,0.3580728001065104,0.3678384219275971,0.3749998779297272,0.3841144582960748,0.39062487284346586,0.39062487284346586,0.39062487284346586,0.39062487284346586,0.39062487284346586,0.39062487284346586,0.39127591429820496,0.39713528739085696,0.4036457019382481,0.40690090921194366,0.41015611648563916,0.4134113237593347,0.4166665310330303,0.41992173830672586,0.41992173830672586,0.4231769455804214,0.4231769455804214,0.4231769455804214,0.4231769455804214,0.4264321528541169,0.42968736012781245
9504420,0.662649804036381,0.6578305327342983,0.6433727188280502,0.6385534475259672,0.6265052692707601,0.6240956336197188,0.6096378197134703,0.6024089127603464,0.6024089127603464,0.6024089127603464,0.6024089127603464,0.6024089127603464,0.6024089127603464,0.6024089127603464,0.6024089127603464,0.6024089127603464,0.6024089127603464,0.6024089127603464,0.6024089127603464,0.6024089127603464,0.6024089127603464,0.6024089127603464,0.6024089127603464,0.6024089127603464,0.6024089127603464,0.6024089127603464,0.6024089127603464,0.6024089127603464,0.6024089127603464,0.6024089127603464,0.6024089127603464,0.6024089127603464,0.6024089127603464,0.6024089127603464,0.6024089127603464,0.6024089127603464,0.6144570910155535,0.6265052692707601,0.6506016257811739,0.6987943388020018,0.7228906953124156,0.7228906953124156,0.7228906953124156,0.7228906953124156,0.7228906953124156,0.7228906953124156,0.759035230078036,0.7951797648436573,0.8313242996092778,0.8433724778644849,0.8433724778644849,0.867468834374899,0.8915651908853124,0.9156615473957266,0.9397579039061399,0.9397579039061399,0.951806082161347,0.9638542604165541,0.9638542604165541,0.9638542604165541,0.9638542604165541,0.9638542604165541,0.9759024386717612,0.9879506169269683,0.9879506169269683,0.9999987951821745,0.9999987951821745,0.9759024386717612,0.9879506169269683,0.9759024386717612,0.9638542604165541,0.9638542604165541,0.951806082161347,0.9397579039061399,0.9277097256509337,0.9012037334894786,0.8795170126301053,0.855420656119692,0.8433724778644849,0.8433724778644849,0.8313242996092778,0.8144568500519889,0.7831315865884502,0.759035230078036,0.7469870518228298,0.7349388735676227,0.7228906953124156,0.7228906953124156,0.7108425170572085,0.6867461605467947,0.6746979822915881,0.6578305327342983,0.6385534475259672,0.6265052692707601,0.6144570910155535,0.6024089127603464,0.6024089127603464,0.6024089127603464,0.5903607345051393,0.5662643779947254,0.5542161997395187,0.5421680214843116,0.5180716649738979,0.5060234867186908,0.48192713020827704,0.48192713020827704,0.48192713020827704,0.48192713020827704,0.46987895195306995,0.4578307736978633,0.4457825954426562,0.4337344171874495,0.42168623893224244,0.39758988242182863,0.38554170416662153,0.3734935259114149,0.3614453476562078,0.3614453476562078,0.3614453476562078,0.3614453476562078,0.3469875337499598,0.32530081289058693,0.3132526346353802,0.3132526346353802,0.3012044563801732,0.2891562781249661,0.2771080998697594,0.2650599216145523,0.2530117433593456,0.24096356510413852,0.24096356510413852,0.24096356510413852,0.24096356510413852,0.24096356510413852,0.24096356510413852,0.21686720859372474,0.20481903033851767,0.192770852083311,0.1807226738281039,0.1686744955728968,0.1566263173176901,0.14457813906248304,0.14457813906248304,0.13252996080727636,0.12048178255206926,0.12048178255206926,0.12048178255206926,0.12048178255206926,0.12048178255206926,0.12048178255206926,0.12048178255206926,0.12048178255206926,0.10843360429686216,0.0963854260416555,0.0843372477864484,0.0843372477864484,0.07228906953124173,0.07228906953124173,0.06024089127603463,0.04819271302082753,0.036144534765620864,0.036144534765620864,0.024096356510413766,0.012048178255207098,0.0,0.0,0.0,0.0,0.0,0.0,0.0,0.0,0.0,0.0,0.0,0.0,0.0,0.0,0.0,0.0,0.0,0.0,0.0,0.0,0.0,0.012048178255207098,0.03373489911457953,0.036144534765620864,0.04819271302082753,0.0578312556249933,0.08192761213540706,0.10843360429686216,0.12048178255206926,0.12048178255206926,0.12048178255206926,0.12048178255206926,0.12048178255206926,0.12048178255206926,0.12048178255206926,0.12048178255206926,0.12048178255206926,0.12048178255206926,0.12048178255206926,0.12048178255206926,0.12048178255206926,0.12048178255206926,0.12048178255206926,0.12048178255206926,0.12048178255206926,0.12048178255206926,0.12048178255206926,0.12048178255206926,0.12048178255206926,0.12048178255206926,0.12048178255206926,0.12048178255206926,0.12048178255206926,0.12048178255206926,0.12048178255206926,0.12048178255206926,0.12048178255206926,0.12048178255206926,0.12048178255206926,0.12048178255206926,0.12048178255206926,0.12048178255206926,0.12048178255206926,0.12048178255206926,0.12048178255206926,0.12048178255206926,0.12048178255206926,0.12048178255206926,0.12048178255206926,0.12048178255206926,0.12048178255206926,0.12048178255206926,0.1301203251562346,0.13252996080727636,0.13252996080727636,0.13252996080727636,0.13252996080727636,0.14457813906248304,0.14457813906248304,0.14457813906248304,0.14457813906248304,0.1566263173176901,0.1566263173176901,0.1686744955728968,0.1807226738281039,0.192770852083311,0.21445757294268342,0.22650575119789051,0.2385539294530972,0.24096356510413852,0.24096356510413852,0.24096356510413852,0.24096356510413852,0.24096356510413852,0.24096356510413852,0.24096356510413852,0.2530117433593456,0.2530117433593456,0.2650599216145523,0.2650599216145523,0.2650599216145523,0.2722888285676767,0.2771080998697594,0.2771080998697594,0.2771080998697594,0.2771080998697594,0.2771080998697594,0.2891562781249661,0.2891562781249661,0.3012044563801732,0.3012044563801732,0.3012044563801732,0.3108429989843385,0.3132526346353802,0.3132526346353802,0.32530081289058693,0.32530081289058693,0.32530081289058693,0.32530081289058693,0.32530081289058693,0.32530081289058693,0.32530081289058693,0.33734899114579403,0.33734899114579403,0.33734899114579403,0.3493971694010007,0.3493971694010007,0.3493971694010007,0.3493971694010007,0.3493971694010007,0.3614453476562078,0.3614453476562078,0.3614453476562078,0.3614453476562078,0.3614453476562078,0.3614453476562078,0.3614453476562078,0.3614453476562078,0.3614453476562078,0.3614453476562078,0.3614453476562078,0.3614453476562078,0.38554170416662153,0.39758988242182863,0.42168623893224244,0.4457825954426562,0.4578307736978633,0.4578307736978633,0.46987895195306995,0.48192713020827704,0.48192713020827704,0.48192713020827704,0.48192713020827704,0.49397530846348414,0.5060234867186908,0.5301198432291045,0.5421680214843116,0.5421680214843116,0.5542161997395187,0.5662643779947254,0.6024089127603464,0.6024089127603464,0.6024089127603464,0.6024089127603464,0.6024089127603464,0.6024089127603464,0.6024089127603464,0.6024089127603464,0.6024089127603464,0.6024089127603464,0.6024089127603464,0.6144570910155535,0.6265052692707601,0.6385534475259672,0.6385534475259672,0.6385534475259672,0.6506016257811739,0.6506016257811739,0.662649804036381,0.6506016257811739,0.6506016257811739,0.6506016257811739,0.6506016257811739,0.6385534475259672,0.6385534475259672,0.6385534475259672,0.6385534475259672,0.6265052692707601,0.6265052692707601,0.6265052692707601,0.6265052692707601,0.6265052692707601,0.6265052692707601,0.6265052692707601,0.6265052692707601,0.6265052692707601,0.6265052692707601,0.6265052692707601,0.6265052692707601,0.6265052692707601,0.6265052692707601,0.6265052692707601
9504500,0.9010769338506689,0.9010769338506689,0.9010769338506689,0.9010769338506689,0.9010769338506689,0.9010769338506689,0.9010769338506689,0.9010769338506689,0.9010769338506689,0.9010769338506689,0.9010769338506689,0.9010769338506689,0.9010769338506689,0.9010769338506689,0.9010769338506689,0.9010769338506689,0.9010769338506689,0.9010769338506689,0.9010769338506689,0.9020563653005067,0.9059740910998574,0.9059740910998574,0.9069535225496952,0.9118506797988837,0.915768405598234,0.915768405598234,0.9167478370480718,0.9167478370480718,0.9206655628474225,0.9216449942972603,0.9265421515464488,0.9363364660448258,0.9363364660448258,0.9412336232940139,0.9461307805432024,0.9500485063425531,0.9500485063425531,0.9500485063425531,0.9500485063425531,0.9500485063425531,0.9500485063425531,0.9500485063425531,0.9500485063425531,0.9500485063425531,0.9500485063425531,0.9500485063425531,0.9500485063425531,0.9500485063425531,0.965719409539956,0.9843286070868722,0.9892257643360602,0.9941229215852487,0.9941229215852487,0.9941229215852487,0.9941229215852487,0.9951023530350867,0.9990200788344372,0.9990200788344372,0.9990200788344372,0.9990200788344372,0.9990200788344372,0.9990200788344372,0.9990200788344372,0.9990200788344372,0.9999995102842751,0.9999995102842751,0.9990200788344372,0.9990200788344372,0.9990200788344372,0.9990200788344372,0.9990200788344372,0.9990200788344372,0.9990200788344372,0.9990200788344372,0.9941229215852487,0.975513724038333,0.9647399780901182,0.9608222522907679,0.9500485063425531,0.9451513490933646,0.935357034594988,0.925562720096611,0.9167478370480718,0.9108712483490459,0.9010769338506689,0.8922620508021297,0.8863854621031038,0.8716939903555383,0.8570025186079732,0.8521053613587847,0.833496163811869,0.808030946116089,0.7943189058183614,0.7639565308733933,0.7541622163750163,0.7296764301290742,0.7159643898313466,0.7051906438831321,0.7012729180837816,0.6904991721355669,0.68070485763719,0.6571985028410858,0.656219071391248,0.6366304423944944,0.6170418133977406,0.6072474988993638,0.6023503416501753,0.5729673981550449,0.5582759264074796,0.5484816119091028,0.5239958256631607,0.5093043539155955,0.5093043539155955,0.48971572491884185,0.46033278142371126,0.46033278142371126,0.46033278142371126,0.45053846692533445,0.4319292693784185,0.4113612089318271,0.4113612089318271,0.4113612089318271,0.4113612089318271,0.3917725799350735,0.3731633823881573,0.3623896364399429,0.3623896364399429,0.34378043889302695,0.328109535695624,0.3134180639480587,0.3134180639480587,0.3134180639480587,0.3134180639480587,0.2938294349513051,0.2791379632037398,0.2644464914561745,0.2644464914561745,0.2644464914561745,0.2644464914561745,0.24485786245942093,0.21547491896429033,0.21547491896429033,0.21547491896429033,0.19098913271834825,0.16650334647240617,0.16650334647240617,0.16650334647240617,0.16650334647240617,0.1380998344271134,0.11753177398052198,0.11753177398052198,0.11753177398052198,0.11753177398052198,0.11753177398052198,0.0989225764336062,0.07933394743685225,0.06856020148863778,0.06856020148863778,0.06856020148863778,0.06856020148863778,0.06856020148863778,0.05876588699026099,0.044074415242695696,0.024485786245942092,0.019588628996753604,0.019588628996753604,0.019588628996753604,0.019588628996753604,0.019588628996753604,0.019588628996753604,0.019588628996753604,0.019588628996753604,0.019588628996753604,0.019588628996753604,0.019588628996753604,0.019588628996753604,0.019588628996753604,0.019588628996753604,0.01567090319740295,0.010773745948214465,0.009794314498376802,0.009794314498376802,0.005876588699026151,0.0,0.0,0.0,0.005876588699026151,0.01567090319740295,0.019588628996753604,0.019588628996753604,0.019588628996753604,0.019588628996753604,0.019588628996753604,0.019588628996753604,0.019588628996753604,0.06464247568928713,0.06856020148863778,0.06856020148863778,0.06856020148863778,0.06856020148863778,0.06856020148863778,0.06856020148863778,0.06856020148863778,0.06856020148863778,0.06856020148863778,0.06856020148863778,0.06856020148863778,0.06856020148863778,0.08325167323620308,0.08814883048539139,0.08912826193522923,0.08912826193522923,0.09304598773457988,0.0989225764336062,0.10284030223295668,0.10773745948214516,0.11753177398052198,0.11753177398052198,0.11753177398052198,0.11753177398052198,0.11753177398052198,0.11753177398052198,0.11753177398052198,0.11753177398052198,0.11753177398052198,0.11753177398052198,0.11753177398052198,0.11753177398052198,0.11753177398052198,0.11851120543035981,0.13712040297727557,0.15181187472484087,0.16160618922321768,0.16650334647240617,0.16650334647240617,0.16650334647240617,0.16650334647240617,0.16650334647240617,0.16650334647240617,0.16650334647240617,0.16650334647240617,0.1723799351714323,0.1870714069189976,0.21057776171510184,0.21547491896429033,0.21547491896429033,0.21547491896429033,0.21547491896429033,0.21547491896429033,0.21547491896429033,0.21547491896429033,0.21547491896429033,0.21547491896429033,0.21547491896429033,0.2262486649125048,0.23506354796104395,0.24485786245942093,0.24975501970860922,0.259549334206986,0.2644464914561745,0.2644464914561745,0.2644464914561745,0.2644464914561745,0.2644464914561745,0.2644464914561745,0.2644464914561745,0.2644464914561745,0.2644464914561745,0.2644464914561745,0.2644464914561745,0.2644464914561745,0.2742408059545513,0.28991170915195447,0.2987265922004934,0.2987265922004934,0.30460318089951954,0.3085209066988702,0.3134180639480587,0.3134180639480587,0.3134180639480587,0.3134180639480587,0.3134180639480587,0.3183152211972472,0.34378043889302695,0.3623896364399429,0.3623896364399429,0.3623896364399429,0.386875422685885,0.4113612089318271,0.4113612089318271,0.4113612089318271,0.4113612089318271,0.42115552343020385,0.43584699517776915,0.45543562417452277,0.46033278142371126,0.46033278142371126,0.46033278142371126,0.46033278142371126,0.46033278142371126,0.46033278142371126,0.46033278142371126,0.5093043539155955,0.5093043539155955,0.5093043539155955,0.5093043539155955,0.544563886109752,0.5582759264074796,0.5582759264074796,0.5631730836566681,0.5876588699026102,0.6023503416501753,0.6072474988993638,0.6072474988993638,0.6072474988993638,0.6072474988993638,0.6072474988993638,0.6072474988993638,0.6072474988993638,0.6170418133977406,0.6366304423944944,0.656219071391248,0.656219071391248,0.656219071391248,0.656219071391248,0.656219071391248,0.7051906438831321,0.7051906438831321,0.7051906438831321,0.7355530188281004,0.7541622163750163,0.7541622163750163,0.7541622163750163,0.7541622163750163,0.7639565308733933,0.7786480026209585,0.7884423171193354,0.7982366316177121,0.8031337888669006,0.8031337888669006,0.8031337888669006,0.8031337888669006,0.8031337888669006,0.8139075348151154,0.8325167323620312,0.8423110468604077,0.8472082041095962,0.8481876355594341,0.8521053613587847,0.8521053613587847,0.8521053613587847,0.8521053613587847,0.8521053613587847,0.8521053613587847,0.8521053613587847,0.8521053613587847,0.8521053613587847,0.8521053613587847,0.8521053613587847,0.8521053613587847,0.8521053613587847,0.8570025186079732,0.8618996758571617,0.8716939903555383,0.8716939903555383,0.8716939903555383
9505800,0.7735834460689699,0.7735834460689699,0.792451334997481,0.792451334997481,0.792451334997481,0.792451334997481,0.792451334997481,0.792451334997481,0.792451334997481,0.792451334997481,0.792451334997481,0.7962249127831839,0.7962249127831839,0.792451334997481,0.792451334997481,0.8113192239259926,0.8113192239259926,0.8113192239259926,0.8113192239259926,0.8113192239259926,0.8113192239259926,0.8113192239259926,0.8113192239259926,0.8113192239259926,0.8113192239259926,0.8113192239259926,0.8113192239259926,0.8113192239259926,0.8113192239259926,0.8113192239259926,0.8113192239259926,0.8113192239259926,0.8113192239259926,0.8113192239259926,0.8113192239259926,0.8113192239259926,0.8113192239259926,0.8113192239259926,0.8113192239259926,0.8113192239259926,0.8113192239259926,0.8113192239259926,0.8301871128545044,0.8301871128545044,0.8301871128545044,0.8490550017830154,0.8490550017830154,0.8528285795687184,0.8905643574257411,0.9056586685685499,0.9056586685685499,0.9056586685685499,0.9056586685685499,0.9056586685685499,0.9056586685685499,0.9056586685685499,0.9056586685685499,0.9056586685685499,0.9056586685685499,0.9056586685685499,0.9056586685685499,0.9056586685685499,0.9056586685685499,0.9094322463542528,0.9245265574970617,0.9433944464255727,0.9660359131397867,0.9811302242825954,0.9811302242825954,0.9849038020682984,0.9999981132111072,0.9999981132111072,0.9999981132111072,0.9999981132111072,0.9849038020682984,0.9849038020682984,0.9999981132111072,0.9999981132111072,0.9999981132111072,0.9849038020682984,0.9849038020682984,0.9811302242825954,0.9471680242112749,0.9433944464255727,0.9245265574970617,0.9245265574970617,0.9056586685685499,0.9056586685685499,0.9056586685685499,0.8867907796400383,0.8679228907115272,0.8339606906402073,0.8113192239259926,0.792451334997481,0.7735834460689699,0.7358476682119471,0.7169797792834354,0.7169797792834354,0.7169797792834354,0.7169797792834354,0.7169797792834354,0.7169797792834354,0.7169797792834354,0.7169797792834354,0.6981118903549237,0.6792440014264126,0.6792440014264126,0.660376112497901,0.6415082235693899,0.6226403346408781,0.6037724457123664,0.5849045567838553,0.5660366678553437,0.5283008899983208,0.5283008899983208,0.5283008899983208,0.5283008899983208,0.5283008899983208,0.5094330010698095,0.4905651121412981,0.4905651121412981,0.47169722321278634,0.45660291206997716,0.45282933428427496,0.4339614453557636,0.4150935564272522,0.39622566749874083,0.381131356355932,0.37735777857022906,0.3433955784989085,0.3396220007132063,0.3396220007132063,0.3396220007132063,0.3396220007132063,0.3396220007132063,0.3396220007132063,0.3396220007132063,0.32075411178469493,0.28301833392767184,0.2641504449991604,0.24528255607064905,0.22641466714213765,0.22641466714213765,0.20754677821362627,0.18867888928511453,0.16981100035660315,0.15094311142809178,0.15094311142809178,0.15094311142809178,0.15094311142809178,0.15094311142809178,0.15094311142809178,0.15094311142809178,0.15094311142809178,0.15094311142809178,0.13207522249958037,0.13207522249958037,0.11320733357106899,0.09433944464255727,0.09433944464255727,0.07547155571404589,0.056603666785534495,0.056603666785534495,0.03773577785702311,0.03773577785702311,0.03773577785702311,0.03773577785702311,0.01886788892851172,0.01886788892851172,0.01886788892851172,0.01886788892851172,0.0,0.0,0.0,0.0,0.0,0.0,0.003773577785702881,0.003773577785702881,0.01886788892851172,0.03773577785702311,0.03773577785702311,0.03773577785702311,0.056603666785534495,0.056603666785534495,0.056603666785534495,0.07547155571404589,0.07547155571404589,0.09433944464255727,0.11320733357106899,0.13207522249958037,0.13207522249958037,0.15094311142809178,0.15094311142809178,0.15094311142809178,0.15094311142809178,0.15094311142809178,0.15094311142809178,0.15094311142809178,0.15094311142809178,0.15094311142809178,0.15094311142809178,0.15094311142809178,0.15094311142809178,0.16981100035660315,0.17358457814230538,0.18867888928511453,0.18867888928511453,0.20754677821362627,0.20754677821362627,0.20754677821362627,0.20754677821362627,0.2113203559993288,0.22641466714213765,0.22641466714213765,0.22641466714213765,0.20754677821362627,0.20754677821362627,0.20754677821362627,0.20754677821362627,0.20754677821362627,0.20754677821362627,0.20754677821362627,0.20754677821362627,0.20754677821362627,0.20754677821362627,0.20754677821362627,0.20754677821362627,0.20754677821362627,0.20754677821362627,0.20754677821362627,0.20754677821362627,0.20754677821362627,0.20754677821362627,0.20754677821362627,0.20754677821362627,0.20754677821362627,0.20754677821362627,0.20754677821362627,0.19245246707081742,0.18867888928511453,0.16981100035660315,0.15094311142809178,0.15094311142809178,0.15094311142809178,0.15094311142809178,0.15094311142809178,0.15094311142809178,0.15094311142809178,0.15094311142809178,0.15094311142809178,0.15094311142809178,0.15094311142809178,0.15094311142809178,0.15094311142809178,0.15094311142809178,0.15094311142809178,0.15094311142809178,0.15094311142809178,0.15094311142809178,0.15094311142809178,0.15094311142809178,0.15094311142809178,0.15094311142809178,0.15471668921379397,0.16981100035660315,0.16981100035660315,0.18867888928511453,0.18867888928511453,0.18867888928511453,0.2113203559993288,0.22641466714213765,0.22641466714213765,0.24528255607064905,0.24528255607064905,0.2641504449991604,0.2641504449991604,0.2641504449991604,0.28301833392767184,0.28301833392767184,0.28301833392767184,0.30188622285618355,0.32075411178469493,0.3396220007132063,0.3396220007132063,0.3396220007132063,0.3396220007132063,0.3396220007132063,0.3396220007132063,0.3396220007132063,0.3396220007132063,0.3433955784989085,0.3584898896417177,0.3584898896417177,0.37735777857022906,0.37735777857022906,0.37735777857022906,0.39622566749874083,0.4150935564272522,0.4150935564272522,0.4339614453557636,0.47169722321278634,0.47169722321278634,0.4905651121412981,0.4905651121412981,0.5094330010698095,0.5094330010698095,0.5283008899983208,0.5283008899983208,0.5283008899983208,0.5283008899983208,0.5283008899983208,0.5283008899983208,0.5283008899983208,0.5283008899983208,0.5283008899983208,0.5283008899983208,0.5283008899983208,0.5283008899983208,0.5283008899983208,0.5283008899983208,0.5283008899983208,0.5283008899983208,0.5283008899983208,0.5471687789268326,0.5849045567838553,0.6037724457123664,0.6226403346408781,0.6226403346408781,0.6415082235693899,0.6415082235693899,0.6792440014264126,0.6981118903549237,0.7169797792834354,0.7169797792834354,0.7169797792834354,0.7169797792834354,0.7169797792834354,0.7169797792834354,0.7169797792834354,0.7169797792834354,0.7169797792834354,0.7169797792834354,0.7169797792834354,0.7169797792834354,0.7169797792834354,0.7169797792834354,0.7169797792834354,0.7169797792834354,0.7169797792834354,0.7169797792834354,0.7169797792834354,0.7358476682119471,0.7358476682119471,0.7358476682119471,0.7358476682119471,0.7358476682119471,0.7358476682119471,0.7547155571404581,0.7547155571404581,0.7547155571404581,0.7547155571404581,0.7547155571404581,0.7547155571404581,0.7547155571404581,0.7584891349261611
9507980,0.7102888233156553,0.7125365727565276,0.7122868228186529,0.7120370728807782,0.7117873229429035,0.7032958250551636,0.6983008262976697,0.6978013264219202,0.6973018265461707,0.6992998260491683,0.7027963251794143,0.703795324930913,0.7035455749930383,0.7107883231914047,0.7142848223216506,0.7230260701472652,0.7305185682835063,0.7455035645559884,0.7504985633134824,0.754244812381603,0.7554935620709765,0.7579910614497235,0.7579910614497235,0.7579910614497235,0.7604885608284706,0.7662328093995888,0.7662328093995888,0.7667323092753382,0.7687303087783359,0.7772218066660757,0.7827163052993191,0.7892098036840615,0.8024465503914208,0.8029460502671701,0.8091897987140376,0.8206782958562742,0.8216772956077728,0.8319170430606357,0.834164792501508,0.8466522893952431,0.8466522893952431,0.8466522893952431,0.852646287904236,0.8691297838039665,0.8716272831827134,0.8716272831827134,0.8716272831827134,0.8716272831827134,0.8716272831827134,0.8716272831827134,0.8816172806977016,0.8816172806977016,0.8816172806977016,0.888110779082444,0.906592274485172,0.9190797713789072,0.9415572657876303,0.9478010142344978,0.9590397614388595,0.9640347601963534,0.9815172558475826,0.9840147552263296,0.9935052528655685,0.9999987512503107,0.9999987512503107,0.9975012518715637,0.9935052528655685,0.9840147552263296,0.96703175945085,0.9545442625571149,0.921577270757654,0.9178310216895335,0.9060927746094224,0.8916072782126897,0.8856132797036967,0.8641347850464723,0.8523965379663614,0.8471517892709927,0.8466522893952431,0.8466522893952431,0.8466522893952431,0.8466522893952431,0.8466522893952431,0.8421567905134985,0.834164792501508,0.8309180433091369,0.8024465503914208,0.7767223067903264,0.7592398111390971,0.7365125667924993,0.712286822818653,0.6968023266704214,0.677821331391944,0.671827332882951,0.6468523390954807,0.6343648422017456,0.6131360974823958,0.59690235152054,0.5719273577330699,0.5619373602180817,0.5469523639455995,0.5219773701581292,0.5044948745069,0.4957536266812855,0.48576362916629734,0.45829113600008003,0.44705238879571835,0.4345648919019832,0.41208739749325995,0.3971024012207778,0.3846149043270426,0.3696299080545604,0.35214741240333125,0.3371624161308491,0.33091866768398154,0.32217741985836684,0.31093867265400527,0.2984511757602701,0.29345617700277604,0.28596367886653495,0.2684811832153058,0.25973993538969115,0.24725243849595593,0.22727244346597972,0.21853119564036508,0.2022974496785094,0.19730245092101534,0.18606370371665373,0.17232745713354505,0.15983996023980993,0.1585912105504364,0.14735246334607477,0.13736246583108663,0.13486496645233959,0.13111871738421907,0.12237746955860447,0.11113872235424282,0.10864122297549579,0.10364622421800172,0.09740247577113417,0.09365622670301363,0.08741247825614604,0.08616372856677253,0.08366622918802549,0.07617373105178442,0.07242748198366387,0.07117873229429036,0.06118873477930224,0.06118873477930224,0.06118873477930224,0.07117873229429036,0.07242748198366387,0.07242748198366387,0.07242748198366387,0.07242748198366387,0.07117873229429036,0.06118873477930224,0.06118873477930224,0.04870123788556708,0.043706239128073025,0.041208739749326,0.038711240370578964,0.03746249068120545,0.03746249068120545,0.03621374099183193,0.032467491923711386,0.02872124285559085,0.023726244098096785,0.016233745961855697,0.013736246583108663,0.012487496893735147,0.0049949987574940576,0.0037462490681205414,0.0012487496893735161,0.0,0.0,0.0,0.0,0.0,0.0,0.0,0.0012487496893735161,0.0037462490681205414,0.0049949987574940576,0.006243748446867574,0.00749249813624109,0.00749249813624109,0.00749249813624109,0.012487496893735147,0.013736246583108663,0.01873124534060272,0.021228744719349754,0.026223743476843815,0.029969992544964366,0.03621374099183193,0.03995999005995248,0.04495498881744654,0.04870123788556708,0.05744248571118169,0.05869123540055521,0.06243748446867574,0.06493498384742279,0.0736762316730374,0.08491497887739902,0.09490497639238714,0.09740247577113417,0.09740247577113417,0.10739247328612227,0.1098899726648693,0.11113872235424282,0.12237746955860447,0.12362621924797798,0.13111871738421907,0.13985996520983365,0.14110871489920718,0.14735246334607477,0.15983996023980993,0.1848149540272802,0.22227744470848568,0.22227744470848568,0.22227744470848568,0.22227744470848568,0.22227744470848568,0.23476494160222083,0.24725243849595593,0.24600368880658244,0.24600368880658244,0.24600368880658244,0.25099868756407656,0.25849118570031765,0.25973993538969115,0.25973993538969115,0.2722274322834263,0.2722274322834263,0.2784711807302938,0.28471492917716146,0.2972024260708966,0.3096899229646317,0.31093867265400527,0.31218742234337876,0.3096899229646317,0.2972024260708966,0.2784711807302938,0.2722274322834263,0.25973993538969115,0.24725243849595593,0.24225743973846187,0.22976994284472677,0.21977994532973863,0.21228744719349754,0.211038697504124,0.2097899478147505,0.20479494905725645,0.18856120309540075,0.17857120558041265,0.17232745713354505,0.16733245837605099,0.15983996023980993,0.15983996023980993,0.15983996023980993,0.15734246086106288,0.15359621179294233,0.1510987124141953,0.14735246334607477,0.14735246334607477,0.14610371365670125,0.14610371365670125,0.1436062142779542,0.14110871489920718,0.1361137161417131,0.13486496645233959,0.13236746707359257,0.12986996769484557,0.12986996769484557,0.12986996769484557,0.12986996769484557,0.12986996769484557,0.12986996769484557,0.12986996769484557,0.13111871738421907,0.13111871738421907,0.13236746707359257,0.13236746707359257,0.13486496645233959,0.13985996520983365,0.14735246334607477,0.1510987124141953,0.15734246086106288,0.17482495651229207,0.1848149540272802,0.18980995278477428,0.19730245092101534,0.19855120061038886,0.21853119564036508,0.23226744222347379,0.25973993538969115,0.25973993538969115,0.25973993538969115,0.2709786825940528,0.2722274322834263,0.27971993041966736,0.28471492917716146,0.29345617700277604,0.2984511757602701,0.3096899229646317,0.32217741985836684,0.3234261695477404,0.3246749192371139,0.32717241861586094,0.33341616706272853,0.33341616706272853,0.334664916752102,0.334664916752102,0.334664916752102,0.334664916752102,0.334664916752102,0.334664916752102,0.334664916752102,0.334664916752102,0.3359136664414755,0.3359136664414755,0.34090866519896956,0.34590366395646366,0.3558936614714518,0.36588365898643993,0.3808686552589221,0.39085865277391024,0.4008486502888983,0.41208739749325995,0.42582364407636863,0.4345648919019832,0.44580363910634485,0.45454488693195944,0.46328613475757413,0.47202738258318866,0.4795198807194298,0.48701237885567084,0.5044948745069,0.5094898732643941,0.5219773701581292,0.5344648670518644,0.5531961123924671,0.5644348595968287,0.581917355248058,0.591907352763046,0.59690235152054,0.59690235152054,0.6093898484142752,0.6118873477930222,0.6223768451837599,0.6313678429472492,0.634864342077495,0.6406085906486132,0.6468523390954807,0.6468523390954807,0.6498493383499772,0.6598393358649652,0.671827332882951,0.6783208312676934,0.6843148297766861,0.6843148297766861,0.6843148297766861,0.6935555774780503,0.6958033269189225,0.6940550773537996,0.6915575779750526
9508300,0.6023458547546503,0.6117575087351914,0.6141104222303271,0.6235220762108682,0.6235220762108682,0.6235220762108682,0.6235220762108682,0.6235220762108682,0.6235220762108682,0.6235220762108682,0.6235220762108682,0.6235220762108682,0.6235220762108682,0.6235220762108682,0.6235220762108682,0.6235220762108682,0.6235220762108682,0.6235220762108682,0.6235220762108682,0.6235220762108682,0.6235220762108682,0.6235220762108682,0.6235220762108682,0.6235220762108682,0.6235220762108682,0.6235220762108682,0.6235220762108682,0.6235220762108682,0.6235220762108682,0.6235220762108682,0.6235220762108682,0.6235220762108682,0.6235220762108682,0.6235220762108682,0.6235220762108682,0.6235220762108682,0.6235220762108682,0.6235220762108682,0.6235220762108682,0.6258749897060037,0.6258749897060037,0.635286643686545,0.635286643686545,0.635286643686545,0.6494041246573573,0.6588157786378985,0.6588157786378985,0.6705803461135751,0.6823449135892519,0.6823449135892519,0.6846978270843875,0.6941094810649286,0.6941094810649286,0.6941094810649286,0.7058740485406054,0.7082269620357411,0.729403183491959,0.7646968859189893,0.7788143668898017,0.7999905883460195,0.7999905883460195,0.8023435018411552,0.8352842907730498,0.8964600416465691,0.9294008305784639,0.9411653980541407,0.9529299655298175,0.9670474465006296,0.9788120139763063,0.9999882354325244,0.9999882354325244,0.9999882354325244,0.9999882354325244,0.9999882354325244,0.9882236679568476,0.9764591004811708,0.9764591004811708,0.9764591004811708,0.9764591004811708,0.9646945330054941,0.9646945330054941,0.9529299655298175,0.9529299655298175,0.9411653980541407,0.9294008305784639,0.9176362631027871,0.8823425606757568,0.8823425606757568,0.8470488582487266,0.823519723297373,0.8023435018411552,0.7882260208703428,0.7670497994141248,0.7411677509676358,0.7199915295114179,0.7058740485406054,0.6705803461135751,0.6235220762108682,0.6117575087351914,0.5764638063081611,0.5317584499005896,0.4941118339784238,0.47058269902707034,0.4470535640757168,0.43528899660004,0.4117598616486865,0.388230726697333,0.3647015917459795,0.34117245679462593,0.31999623533840804,0.2941141868919189,0.28234961941624215,0.2705850519405654,0.25882048446488864,0.23529134951353517,0.2141151280573171,0.1999976470865049,0.17882142563028686,0.16470394465947463,0.15293937718379785,0.12941024223244432,0.11764567475676758,0.10588110728109082,0.08235197232973732,0.06117575087351926,0.03529370242703027,0.023529134951353517,0.011764567475676758,0.0,0.0,0.0,0.0,0.0,0.0,0.0,0.0,0.0,0.0,0.0,0.0,0.0,0.0,0.0,0.0,0.0,0.0,0.0,0.0,0.0,0.0,0.0,0.0,0.0,0.0,0.0,0.0,0.0,0.0,0.0,0.0,0.0,0.0,0.0,0.0,0.0,0.0,0.0,0.0,0.0,0.0,0.0,0.0,0.0,0.0,0.0,0.0,0.0,0.0,0.0,0.0,0.0,0.0,0.0,0.0,0.0,0.0,0.0,0.0,0.0,0.0,0.0,0.0,0.0,0.0,0.0,0.0,0.0,0.0,0.0,0.0,0.0,0.0,0.0,0.0,0.0,0.0,0.0,0.0,0.0,0.0,0.0,0.0,0.0,0.0,0.0,0.0,0.0,0.0,0.0,0.0,0.0,0.0,0.0,0.0,0.0,0.0,0.0,0.0,0.0,0.0,0.0,0.0,0.0,0.0,0.0,0.0,0.0,0.0,0.0,0.0,0.0,0.0,0.0,0.0,0.0,0.0,0.0,0.0,0.0,0.0,0.0,0.0,0.0,0.0,0.0,0.0,0.0,0.0,0.0,0.0,0.0,0.0,0.0,0.0,0.0,0.0,0.0,0.0,0.0,0.0,0.0,0.0,0.0,0.0,0.0,0.0,0.0,0.0,0.0,0.0,0.0,0.0,0.0,0.0,0.0,0.0,0.0,0.0,0.0,0.0,0.0,0.0,0.0,0.0,0.0,0.0,0.011764567475676758,0.03529370242703027,0.047058269902707034,0.07058740485406054,0.09411653980541407,0.11764567475676758,0.12941024223244432,0.14117480970812107,0.14117480970812107,0.15293937718379785,0.16470394465947463,0.16705685815461008,0.17646851213515136,0.19058599310596372,0.21176221456218164,0.21176221456218164,0.2235267820378584,0.2235267820378584,0.22587969553299386,0.23529134951353517,0.23764426300867061,0.2470559169892119,0.2470559169892119,0.2470559169892119,0.2470559169892119,0.2470559169892119,0.25882048446488864,0.25882048446488864,0.26117339796002415,0.2705850519405654,0.2705850519405654,0.2705850519405654,0.2705850519405654,0.27293796543570087,0.28234961941624215,0.28234961941624215,0.2941141868919189,0.2941141868919189,0.2941141868919189,0.2941141868919189,0.2941141868919189,0.3058787543675957,0.3176433218432725,0.32940788931894927,0.32940788931894927,0.32940788931894927,0.32940788931894927,0.3317608028140848,0.3529370242703027,0.3647015917459795,0.3647015917459795,0.37646615922165627,0.388230726697333,0.3999952941730098,0.3999952941730098,0.3999952941730098,0.3999952941730098,0.4117598616486865,0.4235244291243633,0.43528899660004,0.4470535640757168,0.4470535640757168,0.4470535640757168,0.4611710450465291,0.48234726650274706,0.48234726650274706,0.48234726650274706,0.48234726650274706,0.48234726650274706,0.48234726650274706
9510200,0.049999166680555325,0.049999166680555325,0.049999166680555325,0.049999166680555325,0.06666555557407378,0.06666555557407378,0.06666555557407378,0.06666555557407378,0.06666555557407378,0.06666555557407378,0.06666555557407378,0.06666555557407378,0.06666555557407378,0.06666555557407378,0.06666555557407378,0.08333194446759222,0.08333194446759222,0.08333194446759222,0.08333194446759222,0.08333194446759222,0.08333194446759222,0.08666522224629608,0.09999833336111065,0.09999833336111065,0.11666472225462911,0.13333111114814755,0.13333111114814755,0.13333111114814755,0.1366643889268514,0.14999750004166598,0.14999750004166598,0.14999750004166598,0.16666388893518444,0.16666388893518444,0.16666388893518444,0.16666388893518444,0.16666388893518444,0.16666388893518444,0.16666388893518444,0.16666388893518444,0.16666388893518444,0.16666388893518444,0.16666388893518444,0.16666388893518444,0.16666388893518444,0.16666388893518444,0.16666388893518444,0.18333027782870287,0.18333027782870287,0.1999966667222213,0.20332994450092517,0.21666305561573976,0.2533291111814805,0.28332861118981356,0.29999500008333196,0.30332827786203587,0.3333277778703689,0.3533274445425912,0.3833269445509242,0.3999933334444426,0.3999933334444426,0.449992500124998,0.46665888901851643,0.4999916668055533,0.5033249445842571,0.5699905001583311,0.6666555557407378,0.68665522241296,0.68665522241296,0.68665522241296,0.7133214446425904,0.7666538891018484,0.8433192780120342,0.9033182780287,0.9166513891435144,0.9166513891435144,0.9499841669305512,0.9999833336111066,0.9999833336111066,0.9599840002666632,0.9233179447009224,0.8866518891351816,0.8066532224462932,0.7666538891018484,0.689988500191664,0.6833219446342561,0.6699888335194415,0.6533224446259233,0.6333227779537008,0.5833236112731455,0.5533241112648126,0.5499908334861087,0.5366577223712942,0.5333244445925902,0.5199913334777756,0.5166580556990717,0.4999916668055533,0.48332527791203483,0.46665888901851643,0.46665888901851643,0.46665888901851643,0.46665888901851643,0.449992500124998,0.41999300011666496,0.41665972233796106,0.3833269445509242,0.3333277778703689,0.28332861118981356,0.2666622222962951,0.23332944450925822,0.23332944450925822,0.1999966667222213,0.18666355560740672,0.18333027782870287,0.16666388893518444,0.16666388893518444,0.14999750004166598,0.13333111114814755,0.13333111114814755,0.11666472225462911,0.11666472225462911,0.11666472225462911,0.09999833336111065,0.09999833336111065,0.09999833336111065,0.09999833336111065,0.08333194446759222,0.08333194446759222,0.08333194446759222,0.08333194446759222,0.06666555557407378,0.06666555557407378,0.06666555557407378,0.049999166680555325,0.049999166680555325,0.049999166680555325,0.049999166680555325,0.049999166680555325,0.03333277778703689,0.03333277778703689,0.03333277778703689,0.03333277778703689,0.03333277778703689,0.03333277778703689,0.03333277778703689,0.016666388893518444,0.016666388893518444,0.016666388893518444,0.016666388893518444,0.016666388893518444,0.016666388893518444,0.0,0.0,0.0,0.0,0.0,0.0,0.0,0.0,0.0,0.0,0.0,0.0,0.0,0.0,0.0,0.0,0.0,0.0,0.0,0.0,0.0,0.0,0.0,0.0,0.0,0.0,0.0,0.0,0.0,0.0,0.0,0.0,0.0,0.0,0.0,0.0,0.0,0.0,0.0,0.0,0.0,0.0,0.0,0.0,0.0,0.0,0.0,0.0,0.0,0.0,0.0,0.0,0.0,0.0,0.0,0.0,0.0,0.0,0.0,0.0,0.0,0.0,0.0,0.0,0.0,0.0,0.0,0.0,0.0,0.0,0.0,0.0,0.0,0.0,0.0,0.0,0.0,0.0,0.0,0.0,0.0,0.0,0.0,0.0,0.0,0.0,0.0,0.0,0.0,0.0,0.0,0.0,0.0,0.0,0.0,0.0,0.0,0.0,0.0,0.0,0.0,0.0,0.0,0.0,0.0,0.0,0.0,0.0,0.0,0.0,0.0,0.0,0.0,0.0,0.0,0.0,0.0,0.0,0.0,0.0,0.0,0.0,0.0,0.0,0.0,0.0,0.0,0.0,0.0,0.0,0.0,0.0,0.0,0.0,0.0,0.0,0.0,0.0,0.0,0.0,0.0,0.0,0.0,0.0,0.0,0.0,0.0,0.0,0.0,0.0,0.0,0.0,0.0,0.0,0.0,0.0,0.0,0.0,0.0,0.0,0.0,0.0,0.0,0.0,0.0,0.0,0.0,0.0,0.0,0.0,0.0,0.0,0.0,0.016666388893518444,0.016666388893518444,0.016666388893518444,0.016666388893518444,0.016666388893518444,0.016666388893518444,0.016666388893518444,0.016666388893518444,0.016666388893518444,0.016666388893518444,0.016666388893518444,0.016666388893518444,0.016666388893518444,0.016666388893518444,0.016666388893518444,0.016666388893518444,0.016666388893518444,0.016666388893518444,0.016666388893518444,0.016666388893518444,0.016666388893518444,0.016666388893518444,0.016666388893518444,0.016666388893518444,0.016666388893518444,0.016666388893518444,0.016666388893518444,0.016666388893518444,0.016666388893518444,0.016666388893518444,0.016666388893518444,0.016666388893518444,0.016666388893518444,0.016666388893518444,0.03333277778703689,0.03333277778703689,0.03333277778703689,0.03333277778703689,0.03333277778703689,0.03333277778703689,0.03333277778703689,0.03333277778703689
9512280,0.0,0.0,0.0,0.0,0.0,0.0,0.0,0.0,0.0,0.0,0.0,0.0,0.0,0.0,0.0,0.0,0.0,0.0,0.0,0.004255228612157401,0.10638071530392972,0.2595689453415887,0.38297057509414695,0.42552286121571886,0.42977808982787624,0.44679900427650476,0.5106274334588625,0.5106274334588625,0.5319035765196486,0.5319035765196486,0.5319035765196486,0.5319035765196486,0.5319035765196486,0.5531797195804345,0.5531797195804345,0.5957320057020065,0.6382842918235783,0.6382842918235783,0.6595604348843642,0.6808365779451502,0.6808365779451502,0.6808365779451502,0.6808365779451502,0.6808365779451502,0.6808365779451502,0.6808365779451502,0.6850918065573077,0.7021127210059361,0.7063679496180937,0.7233888640667221,0.7233888640667221,0.7063679496180937,0.7021127210059361,0.7021127210059361,0.7021127210059361,0.7021127210059361,0.7233888640667221,0.7446650071275079,0.7659411501882939,0.7872172932490799,0.7872172932490799,0.8510457224314377,0.9404055232867389,0.9787025807961534,0.9787025807961534,0.9999787238569392,0.9999787238569392,0.9999787238569392,0.9999787238569392,0.9999787238569392,0.9999787238569392,0.9999787238569392,0.9829578094083109,0.9616816663475249,0.9361502946745814,0.9148741516137955,0.9148741516137955,0.8850875513286955,0.8723218654922236,0.8510457224314377,0.8084934363098658,0.7659411501882939,0.7021127210059361,0.6595604348843642,0.6170081487627923,0.5744558626412205,0.5319035765196486,0.4893512903980767,0.4680751473372907,0.44679900427650476,0.42552286121571886,0.38297057509414695,0.374460117869833,0.30637646007531755,0.2765898597902173,0.23403757366864536,0.19148528754707347,0.14893300142550162,0.12765685836471563,0.10638071530392972,0.08510457224314377,0.05957320057020085,0.021276143060785943,0.021276143060785943,0.0,0.0,0.0,0.0,0.0,0.0,0.0,0.0,0.0,0.0,0.0,0.0,0.0,0.0,0.0,0.0,0.0,0.0,0.0,0.0,0.0,0.0,0.0,0.0,0.0,0.0,0.0,0.0,0.0,0.0,0.0,0.0,0.0,0.0,0.0,0.0,0.0,0.0,0.0,0.0,0.0,0.0,0.0,0.0,0.0,0.0,0.0,0.0,0.0,0.0,0.0,0.0,0.0,0.0,0.0,0.0,0.0,0.0,0.0,0.0,0.0,0.0,0.0,0.0,0.0,0.0,0.0,0.0,0.0,0.0,0.0,0.0,0.0,0.0,0.0,0.0,0.0,0.0,0.0,0.0,0.0,0.0,0.0,0.0,0.0,0.0,0.0,0.0,0.0,0.0,0.0,0.0,0.0,0.0,0.0,0.0,0.0,0.0,0.0,0.0,0.0,0.0,0.0,0.0,0.0,0.0,0.0,0.0,0.0,0.0,0.0,0.0,0.0,0.0,0.0,0.0,0.0,0.0,0.0,0.0,0.0,0.0,0.0,0.0,0.0,0.0,0.0,0.0,0.0,0.0,0.0,0.0,0.0,0.0,0.0,0.0,0.0,0.0,0.0,0.0,0.0,0.0,0.0,0.0,0.0,0.0,0.0,0.0,0.0,0.0,0.0,0.0,0.0,0.0,0.0,0.0,0.0,0.0,0.0,0.0,0.0,0.0,0.0,0.0,0.0,0.0,0.0,0.0,0.0,0.0,0.0,0.0,0.0,0.0,0.0,0.0,0.0,0.0,0.0,0.0,0.0,0.0,0.0,0.0,0.0,0.0,0.0,0.0,0.0,0.0,0.0,0.0,0.0,0.0,0.0,0.0,0.0,0.0,0.0,0.0,0.0,0.0,0.0,0.0,0.0,0.0,0.0,0.0,0.0,0.0,0.0,0.0,0.0,0.0,0.0,0.0,0.0,0.0,0.0,0.0,0.0,0.0,0.0,0.0,0.0,0.0,0.0,0.0,0.0,0.0,0.0,0.0,0.0,0.0,0.0,0.0,0.0,0.0,0.0,0.0,0.0,0.0,0.0,0.0,0.0,0.0,0.0,0.0,0.0,0.0,0.0,0.0,0.0,0.0,0.0,0.0,0.0,0.0,0.0,0.0,0.0,0.0
9512500,0.5732616075259561,0.5785155326458477,0.584353227223505,0.593109769089991,0.612957930654026,0.6170443168583865,0.622298241978278,0.6246333198093409,0.6246333198093409,0.6246333198093409,0.633389861675827,0.6339736311335928,0.642146403542313,0.6427301730000788,0.6485678675777362,0.6596594872752852,0.6631621040218798,0.6771725710082575,0.689431729621338,0.7011071187766528,0.7034421966077157,0.7151175857630304,0.7180364330518592,0.7238741276295166,0.7326306694960026,0.7390521335314258,0.747224905940146,0.7589002950954609,0.7647379896731182,0.7682406064197128,0.7822510734060905,0.784002381779388,0.794510232019171,0.7974290793079998,0.803266773885657,0.80560185171672,0.812607085209909,0.8260337827385208,0.8406280191826644,0.8412117886404302,0.8470494832180876,0.8499683305069162,0.8528871777957449,0.8587248723734024,0.8610599502044652,0.8616437196622311,0.8668976447821226,0.8674814142398884,0.8698164920709514,0.87273533935978,0.8756541866486088,0.8931672703815808,0.8978374260437068,0.9048426595368957,0.9112641235723189,0.9340311324251827,0.9340311324251827,0.9486253688693261,0.957965680193578,0.9632196053134696,0.9632196053134696,0.9754787639265501,0.9894892309129278,0.9924080782017566,0.995910694948351,0.9999970811527111,0.9999970811527111,0.9929918476595224,0.9824839974197392,0.9667222220600641,0.9632196053134696,0.9608845274824068,0.9527117550736864,0.9404525964606059,0.9340311324251827,0.9258583600164623,0.9141829708611476,0.9054264289946614,0.9048426595368957,0.8832431895995636,0.8733191088175458,0.8429630970137276,0.8236987049074579,0.8120233157521433,0.8003479265968284,0.7851699206949192,0.7740783009973702,0.7448898281090831,0.7279605138338767,0.7151175857630304,0.7098636606431391,0.7034421966077157,0.6865128823325093,0.6742537237194286,0.662578334564114,0.6456490202889076,0.633389861675827,0.6187956252316834,0.6071202360763687,0.593109769089991,0.5808506104769104,0.5668401434905329,0.5545809848774522,0.5399867484333087,0.5253925119891653,0.5020417336785357,0.4962040391008783,0.4786909553679062,0.4670155662125914,0.450086251937385,0.4378270933243044,0.42673547362675535,0.4144763150136749,0.3998820785695314,0.3794501475477305,0.3677747583924157,0.3502616746594435,0.3420889022507233,0.3304135130954085,0.32107320177115656,0.30998158207360754,0.2953873456294641,0.2889658815940409,0.2802093397275548,0.2714527978610687,0.2626962559945827,0.25685856141692526,0.24810201955043917,0.23701039985289013,0.23058893581746698,0.2218323939509809,0.2189135466621522,0.20782192696460328,0.20140046292918,0.19556276835152261,0.1868062264850365,0.1751308373297218,0.163455448174407,0.15469890630792088,0.1517800590190922,0.14594236444143477,0.14010466986377743,0.1371858225749487,0.13426697528612003,0.12842928070846263,0.12259158613080523,0.11967273884197653,0.11675389155314783,0.11149996643325624,0.10799734968666173,0.10215965510900436,0.09106803541145538,0.08756541866486088,0.08464657137603218,0.08172772408720348,0.07647379896731188,0.0700523349318887,0.06713348764306,0.0642146403542313,0.05837694577657392,0.052539251198916524,0.046701556621259126,0.043782709332430426,0.04086386204360175,0.03794501475477305,0.03502616746594435,0.03210732017711565,0.03210732017711565,0.029188472888286954,0.026269625599458255,0.026269625599458255,0.020431931021800874,0.017513083732972175,0.014594236444143477,0.011675389155314778,0.011675389155314778,0.008756541866486087,0.005837694577657389,0.0029188472888286906,0.0029188472888286906,0.0029188472888286906,0.0,0.0,0.0,0.0,0.0,0.0,0.0029188472888286906,0.005837694577657389,0.006421464035423153,0.008756541866486087,0.011675389155314778,0.011675389155314778,0.015178005901909248,0.020431931021800874,0.020431931021800874,0.023350778310629573,0.026269625599458255,0.029188472888286954,0.029188472888286954,0.029188472888286954,0.029188472888286954,0.03210732017711565,0.03502616746594435,0.03560993692371014,0.03794501475477305,0.03794501475477305,0.03794501475477305,0.03794501475477305,0.04086386204360175,0.04086386204360175,0.04086386204360175,0.04086386204360175,0.043782709332430426,0.043782709332430426,0.043782709332430426,0.043782709332430426,0.043782709332430426,0.043782709332430426,0.043782709332430426,0.046701556621259126,0.046701556621259126,0.049620403910087825,0.049620403910087825,0.049620403910087825,0.046701556621259126,0.046701556621259126,0.046701556621259126,0.046701556621259126,0.046701556621259126,0.046701556621259126,0.049620403910087825,0.049620403910087825,0.049620403910087825,0.046701556621259126,0.046701556621259126,0.046701556621259126,0.046701556621259126,0.046701556621259126,0.046701556621259126,0.047285326079024935,0.049620403910087825,0.049620403910087825,0.046701556621259126,0.046701556621259126,0.044366478790196236,0.046701556621259126,0.046701556621259126,0.044366478790196236,0.043782709332430426,0.041447631501367536,0.04086386204360175,0.04086386204360175,0.04086386204360175,0.04086386204360175,0.04086386204360175,0.04086386204360175,0.03794501475477305,0.03794501475477305,0.03794501475477305,0.03794501475477305,0.03794501475477305,0.03560993692371014,0.03560993692371014,0.03560993692371014,0.03502616746594435,0.03502616746594435,0.03502616746594435,0.03502616746594435,0.03502616746594435,0.03502616746594435,0.03210732017711565,0.03210732017711565,0.03210732017711565,0.03210732017711565,0.029772242346052726,0.029772242346052726,0.03210732017711565,0.03210732017711565,0.03210732017711565,0.03210732017711565,0.03210732017711565,0.03210732017711565,0.03210732017711565,0.03210732017711565,0.03210732017711565,0.032691089634881425,0.03502616746594435,0.03502616746594435,0.03502616746594435,0.03560993692371014,0.03794501475477305,0.03794501475477305,0.03794501475477305,0.04086386204360175,0.043782709332430426,0.046701556621259126,0.046701556621259126,0.046701556621259126,0.046701556621259126,0.049620403910087825,0.052539251198916524,0.052539251198916524,0.055458098487745223,0.05837694577657392,0.06129579306540261,0.0642146403542313,0.06713348764306,0.0700523349318887,0.0729711822207174,0.07880887679837478,0.07939264625614055,0.08464657137603218,0.08756541866486088,0.08756541866486088,0.09048426595368958,0.09048426595368958,0.09048426595368958,0.09340311324251828,0.09632196053134696,0.09924080782017566,0.10215965510900436,0.10215965510900436,0.10507850239783306,0.10799734968666173,0.11091619697549043,0.11383504426431913,0.11675389155314783,0.12025650829974233,0.12842928070846263,0.13426697528612003,0.14302351715260608,0.1465261338992006,0.1488612117302635,0.1576177535967496,0.16637429546323568,0.1692931427520644,0.17804968461855047,0.1809685319073791,0.1868062264850365,0.19556276835152261,0.1984816156403513,0.20140046292918,0.20782192696460328,0.2107407742534319,0.219497316119918,0.2335077831062957,0.2335077831062957,0.2434318638883134,0.25452348358586246,0.26678264219894293,0.27845803135425756,0.2918847288828696,0.3035601180381844,0.3158192766512651,0.32982974363764267,0.33917005496189456,0.3502616746594435,0.3531805219482722,0.3619370638147583,0.38003391700549627,0.39696323128070266,0.40863862043601745,0.4173951623025035,0.4203140095913322,0.42673547362675535
9512800,0.45859580512226034,0.45859580512226034,0.45859580512226034,0.45859580512226034,0.4624174368316128,0.47897784090547196,0.48534722708772565,0.49044273603352845,0.49044273603352845,0.49044273603352845,0.49044273603352845,0.49044273603352845,0.49044273603352845,0.49044273603352845,0.49044273603352845,0.49044273603352845,0.496812122215782,0.4980859994522329,0.5031815083980355,0.5031815083980355,0.5031815083980355,0.5031815083980355,0.5095508945802892,0.5095508945802892,0.5159202807625428,0.5222896669447965,0.5222896669447965,0.5235635441812473,0.5413978254915573,0.5477672116738109,0.5477672116738109,0.5477672116738109,0.5477672116738109,0.5477672116738109,0.5477672116738109,0.5541365978560646,0.5541365978560646,0.5554104750925153,0.5732447564028255,0.5808880198215297,0.5923529149495862,0.6050916873140935,0.6063655645505444,0.6178304596786007,0.6318431092795588,0.6445818816440662,0.6509512678263198,0.681524321501137,0.6840720759740385,0.727383902013363,0.745218183323673,0.745218183323673,0.745218183323673,0.7706957280526875,0.8089120451462092,0.8433067305303789,0.8726059069687453,0.8726059069687453,0.8789752931509989,0.8904401882790558,0.9362997687912815,0.9362997687912815,0.9362997687912815,0.9362997687912815,0.9362997687912815,0.9362997687912815,0.9362997687912815,0.9362997687912815,0.9362997687912815,0.994898121668015,0.9999936306138177,0.9999936306138177,0.9999936306138177,0.9999936306138177,0.9999936306138177,0.9999936306138177,0.9999936306138177,0.9999936306138177,0.9999936306138177,0.9999936306138177,0.9999936306138177,0.9885287354857614,0.9694205769390003,0.9566818045744934,0.9426691549735351,0.9375736460277324,0.9362997687912815,0.9312042598454787,0.9248348736632251,0.8764275386780979,0.8726059069687453,0.8229246947471675,0.8038165362004066,0.7464920605601238,0.745218183323673,0.7337532881956166,0.7019063572843484,0.6611422857179258,0.6433080044076152,0.6433080044076152,0.6178304596786007,0.6178304596786007,0.6050916873140935,0.5681492474570226,0.5515888433831635,0.5324806848364025,0.4929904905064306,0.47260845472321844,0.45859580512226034,0.4343921376296967,0.4203794880287386,0.39617582053617495,0.38853255711747053,0.3757937847529633,0.3592333806791041,0.3439468538416952,0.3184693091126808,0.3057305367481735,0.26878809689110267,0.25604932452659546,0.2420366749256374,0.22929790256113017,0.2165591301966229,0.20509423506856653,0.1923554627040593,0.17834281310310127,0.17324730415729844,0.1592346545563404,0.1528652683740868,0.14012649600957955,0.14012649600957955,0.13375710982732592,0.1286616008815231,0.1210183374628187,0.1210183374628187,0.11464895128056508,0.10318405615250863,0.09044528378800147,0.08407589760574785,0.07643263418704338,0.07006324800478979,0.06496773905898694,0.06369386182253615,0.058598352876733324,0.05732447564028254,0.05095508945802893,0.05095508945802893,0.04458570327577532,0.04458570327577532,0.03949019432997248,0.03821631709352169,0.03821631709352169,0.03821631709352169,0.03184693091126808,0.019108158546760845,0.019108158546760845,0.019108158546760845,0.012738772364507234,0.012738772364507234,0.012738772364507234,0.012738772364507234,0.012738772364507234,0.012738772364507234,0.012738772364507234,0.012738772364507234,0.006369386182253617,0.006369386182253617,0.006369386182253617,0.006369386182253617,0.0,0.0,0.0,0.0,0.0,0.0,0.0,0.0,0.0,0.0,0.0,0.0,0.0,0.0,0.0,0.0,0.0,0.0,0.0012738772364507861,0.0012738772364507861,0.006369386182253617,0.006369386182253617,0.006369386182253617,0.006369386182253617,0.006369386182253617,0.012738772364507234,0.012738772364507234,0.019108158546760845,0.019108158546760845,0.019108158546760845,0.025477544729014468,0.026751421965465254,0.03184693091126808,0.03184693091126808,0.03184693091126808,0.03821631709352169,0.03821631709352169,0.04458570327577532,0.04458570327577532,0.04458570327577532,0.05095508945802893,0.05095508945802893,0.05095508945802893,0.05095508945802893,0.05095508945802893,0.05095508945802893,0.05732447564028254,0.05732447564028254,0.06369386182253615,0.06369386182253615,0.06369386182253615,0.06369386182253615,0.06369386182253615,0.06369386182253615,0.06369386182253615,0.06369386182253615,0.06369386182253615,0.06369386182253615,0.06369386182253615,0.06369386182253615,0.06369386182253615,0.06496773905898694,0.07006324800478979,0.07006324800478979,0.07643263418704338,0.07643263418704338,0.07643263418704338,0.08280202036929701,0.09554079273380423,0.10827956509831148,0.11592282851701588,0.1273877236450723,0.1273877236450723,0.1273877236450723,0.1273877236450723,0.1286616008815231,0.13375710982732592,0.13375710982732592,0.13375710982732592,0.13375710982732592,0.13375710982732592,0.13375710982732592,0.13375710982732592,0.13375710982732592,0.13375710982732592,0.13375710982732592,0.13375710982732592,0.1273877236450723,0.12229221469926947,0.11464895128056508,0.10955344233476225,0.10318405615250863,0.10191017891605786,0.10191017891605786,0.08917140655155063,0.08407589760574785,0.08280202036929701,0.07643263418704338,0.07133712524124056,0.07006324800478979,0.07006324800478979,0.07006324800478979,0.07006324800478979,0.06369386182253615,0.06369386182253615,0.058598352876733324,0.05732447564028254,0.05222896669447971,0.05095508945802893,0.05095508945802893,0.05095508945802893,0.05095508945802893,0.04458570327577532,0.03821631709352169,0.03821631709352169,0.03821631709352169,0.03821631709352169,0.03821631709352169,0.03821631709352169,0.03821631709352169,0.033120808147718866,0.03821631709352169,0.03821631709352169,0.03821631709352169,0.03821631709352169,0.03821631709352169,0.03821631709352169,0.03821631709352169,0.03821631709352169,0.03821631709352169,0.03821631709352169,0.03821631709352169,0.03821631709352169,0.03821631709352169,0.03821631709352169,0.03821631709352169,0.04458570327577532,0.04458570327577532,0.04458570327577532,0.04458570327577532,0.04458570327577532,0.05095508945802893,0.05732447564028254,0.05732447564028254,0.05987223011318418,0.06496773905898694,0.07133712524124056,0.07770651142349418,0.09681466997025502,0.10191017891605786,0.10827956509831148,0.10827956509831148,0.10827956509831148,0.10827956509831148,0.14267425048248117,0.17834281310310127,0.20382035783211566,0.23057177979758103,0.2420366749256374,0.2433105521620882,0.2547754472901446,0.2547754472901446,0.2547754472901446,0.26241871070884903,0.26878809689110267,0.28025299201915904,0.28789625543786346,0.29936115056591994,0.31209992293042715,0.3184693091126808,0.3248386952949344,0.3248386952949344,0.33120808147718805,0.3388513448958925,0.3515901172603997,0.36305501238845606,0.36305501238845606,0.3694243985707097,0.3694243985707097,0.3694243985707097,0.3694243985707097,0.3694243985707097,0.3694243985707097,0.3694243985707097,0.3694243985707097,0.3694243985707097,0.3757937847529633,0.3821631709352169,0.38343704817166774,0.39617582053617495,0.4050929611913303,0.4203794880287386,0.4267488742109922,0.4267488742109922,0.4267488742109922,0.42802275144744306,0.42802275144744306
9513780,0.0,0.0,0.0,0.0,0.0,0.0,0.0,0.0,0.0,0.0,0.0,0.0,0.0,0.0,0.0,0.0,0.0,0.0,0.0,0.0,0.0,0.0,0.0,0.0,0.0,0.0,0.0,0.0,0.0,0.0,0.0,0.0,0.0,0.0,0.0,0.0,0.0,0.0,0.0,0.0,0.0,0.0,0.0,0.0,0.0,0.0,0.0,0.0,0.0,0.0,0.0,0.0,0.0,0.0,0.0,0.0,0.018749414080811537,0.4812349614074597,0.7249773444579859,0.7874753913940192,0.8124746101684323,0.8437236336364489,0.8749726571044655,0.8749726571044655,0.906221680572482,0.9374707040404987,0.9687197275085153,0.9687197275085153,0.9687197275085153,0.974969532202119,0.9999687509765319,0.9999687509765319,0.9999687509765319,0.9687197275085153,0.9687197275085153,0.9374707040404987,0.906221680572482,0.8749726571044655,0.8749726571044655,0.8499734383300527,0.8124746101684323,0.8124746101684323,0.7812255867004155,0.7499765632323989,0.7187275397643823,0.6874785162963657,0.6562294928283491,0.5999812505859194,0.5374832036498866,0.49998437548826596,0.46873535202024935,0.4124871097778197,0.37498828161619946,0.34373925814818285,0.31249023468016623,0.2812412112121496,0.24999218774413298,0.18749414080809973,0.16249492203368676,0.15624511734008312,0.12499609387206649,0.12499609387206649,0.09374707040404986,0.062498046936033246,0.062498046936033246,0.031249023468016623,0.0,0.0,0.0,0.0,0.0,0.0,0.0,0.0,0.0,0.0,0.0,0.0,0.0,0.0,0.0,0.0,0.0,0.0,0.0,0.0,0.0,0.0,0.0,0.0,0.0,0.0,0.0,0.0,0.0,0.0,0.0,0.0,0.0,0.0,0.0,0.0,0.0,0.0,0.0,0.0,0.0,0.0,0.0,0.0,0.0,0.0,0.0,0.0,0.0,0.0,0.0,0.0,0.0,0.0,0.0,0.0,0.0,0.0,0.0,0.0,0.0,0.0,0.0,0.0,0.0,0.0,0.0,0.0,0.0,0.0,0.0,0.0,0.0,0.0,0.0,0.0,0.0,0.0,0.0,0.0,0.0,0.0,0.0,0.0,0.0,0.0,0.0,0.0,0.0,0.0,0.0,0.0,0.0,0.0,0.0,0.0,0.0,0.0,0.0,0.0,0.0,0.0,0.0,0.0,0.0,0.0,0.0,0.0,0.0,0.0,0.0,0.0,0.0,0.0,0.0,0.0,0.0,0.0,0.0,0.0,0.0,0.0,0.0,0.0,0.0,0.0,0.0,0.0,0.0,0.0,0.0,0.0,0.0,0.0,0.0,0.0,0.0,0.0,0.0,0.0,0.0,0.0,0.0,0.0,0.0,0.0,0.0,0.0,0.0,0.0,0.0,0.0,0.0,0.0,0.0,0.0,0.0,0.0,0.0,0.0,0.0,0.0,0.0,0.0,0.0,0.0,0.0,0.0,0.0,0.0,0.0,0.0,0.0,0.0,0.0,0.0,0.0,0.0,0.0,0.0,0.0,0.0,0.0,0.0,0.0,0.0,0.0,0.0,0.0,0.0,0.0,0.0,0.0,0.0,0.0,0.0,0.0,0.0,0.0,0.0,0.0,0.0,0.0,0.0,0.0,0.0,0.0,0.0,0.0,0.0,0.0,0.0,0.0,0.0,0.0,0.0,0.0,0.0,0.0,0.0,0.0,0.0,0.0,0.0,0.0,0.0,0.0,0.0,0.0,0.0,0.0,0.0,0.0,0.0,0.0,0.0,0.0,0.0,0.0,0.0,0.0,0.0,0.0,0.0,0.0,0.0,0.0,0.0,0.0,0.0,0.0,0.0,0.0,0.0,0.0,0.0,0.0,0.0,0.0,0.0
10011500,0.0022988505218655055,0.0022988505218655055,0.0022988505218655055,0.0022988505218655055,0.0022988505218655055,0.0022988505218655055,0.0022988505218655055,0.0022988505218655055,0.0022988505218655055,0.0022988505218655055,0.0022988505218655055,0.0022988505218655055,0.0022988505218655055,0.0022988505218655055,0.0022988505218655055,0.0022988505218655055,0.0022988505218655055,0.0022988505218655055,0.0022988505218655055,0.0022988505218655055,0.0022988505218655055,0.0022988505218655055,0.0022988505218655055,0.0022988505218655055,0.0022988505218655055,0.0022988505218655055,0.0022988505218655055,0.0022988505218655055,0.0022988505218655055,0.0022988505218655055,0.0022988505218655055,0.0014712643339939247,0.0010114942296208336,0.0,0.0,0.0,0.0,0.0,0.0,0.0,0.0,0.0,0.0,0.0,0.0,0.0,0.0,0.0,0.0,0.0,0.0,0.0,0.0,4.5977010437317294e-05,4.5977010437317294e-05,0.0005517241252477422,0.0009655172191835162,0.001425287323556624,0.0018390804174923977,0.0020689654696789514,0.0022988505218655055,0.0022988505218655055,0.0022988505218655055,0.0022988505218655055,0.0022988505218655055,0.0022988505218655055,0.0022988505218655055,0.0022988505218655055,0.002758620626238613,0.0029885056784251505,0.004137930939357903,0.004597701043731011,0.004597701043731011,0.004597701043731011,0.005287356200290656,0.0059770113568503175,0.006896551565596517,0.006896551565596517,0.007816091774342716,0.009195402087462022,0.009195402087462022,0.009425287139648575,0.010804597452767881,0.011494252609327528,0.011494252609327528,0.011494252609327528,0.01291953993288415,0.013793103131193033,0.013793103131193033,0.014988505402563102,0.016091953653058537,0.018390804174924044,0.019816091498480667,0.021655171915973066,0.02441379254221168,0.02556321780314443,0.027586206262386066,0.030252872867750042,0.0327356314313648,0.035954022161976504,0.038390803715153944,0.041379309393579096,0.0436781599154446,0.04827586095917561,0.05360919416990358,0.05977011356850314,0.06436781461223415,0.06896551565596516,0.07370114773100811,0.08045976826529269,0.0873563198308892,0.09439080242779765,0.10519539988056553,0.11742528465689005,0.13379310037257242,0.14772413453507738,0.15632183548685435,0.16321838705245087,0.1747126396617784,0.19080459331483696,0.20689654696789547,0.2160919490553575,0.22758620166468504,0.2505747068833401,0.26666666053639865,0.28735631523318816,0.3034482688862467,0.3291953947311404,0.3471264288016913,0.3770114855859429,0.40459769184832894,0.4445976909287888,0.49931033334918773,0.5402298726383937,0.5701149294226453,0.6073563078768667,0.6418390657048492,0.6666666513409966,0.7034482596908447,0.7379310175188273,0.7563218216937513,0.7866666485823762,0.8068965331747924,0.8390804404809095,0.8712643477870265,0.9154022778068445,0.9402298634429918,0.9632183686616468,0.9793103223147053,0.9908045749240328,0.9999999770114948,0.9999999770114948,0.9981608965940026,0.9889654945065407,0.9802298625234517,0.96367813876602,0.9273563005205449,0.8928735426925622,0.8528735436121025,0.8165517053666278,0.7908045795217339,0.7406896381450659,0.6997700988558598,0.6666666513409966,0.6275861924692829,0.6004597563112701,0.5806896418232267,0.549885044830229,0.5195402179416042,0.49425286220108366,0.4735632075042941,0.4556321734337431,0.432183898110715,0.41379309393579095,0.3908045887171359,0.3793103361078084,0.36367815255912295,0.3471264288016913,0.3333333256704983,0.3222988431655439,0.3126436709737087,0.2988505678425157,0.29241378638129234,0.28505746471132265,0.2786206832500993,0.2712643615801296,0.2648275801189063,0.26022987907517525,0.2533333275095787,0.24597700583960908,0.23908045427401256,0.22988505218655053,0.22298850062095402,0.2160919490553575,0.2114942480116265,0.20689654696789547,0.19999999540229896,0.19080459331483696,0.18160919122737493,0.17057470872242053,0.16321838705245087,0.15402298496498887,0.14712643339939235,0.14022988183379584,0.13365516934126048,0.1287356292244683,0.12252873281543143,0.1168735605316423,0.11264367557140977,0.10804597452767875,0.10344827348394774,0.09977011264896295,0.09655172191835122,0.0931954001564276,0.08993103241537855,0.0873563198308892,0.08404597507940288,0.08050574527572998,0.07816091774342718,0.07586206722156168,0.07356321669969618,0.07126436617783066,0.069977009885586,0.06896551565596516,0.06666666513409966,0.06441379162267147,0.06308045831998949,0.061517239965120936,0.05977011356850314,0.05760919407794957,0.05613792974395564,0.05590804469176909,0.055402297576958685,0.05517241252477213,0.05517241252477213,0.054804596441273654,0.05314942406553049,0.052873562002906625,0.052873562002906625,0.052873562002906625,0.05158620571066195,0.05112643560628884,0.05080459653322767,0.05057471148104112,0.05039080343929188,0.048551723021799484,0.04827586095917561,0.04827586095917561,0.04694252765649362,0.046482757552120516,0.04597701043731011,0.04556321734337432,0.04464367713462812,0.0436781599154446,0.04331034383194613,0.04174712547707757,0.041379309393579096,0.04119540135182986,0.04032183815352098,0.03935632093433746,0.03908045887171359,0.03908045887171359,0.038896550829964356,0.03825287268384201,0.03701149340203464,0.03678160834984809,0.03678160834984809,0.035908045151539204,0.03485057391148105,0.03448275782798258,0.03448275782798258,0.03448275782798258,0.03448275782798258,0.033563217619236384,0.03333333256704983,0.03333333256704983,0.03333333256704983,0.03333333256704983,0.03333333256704983,0.033379309577487144,0.03333333256704983,0.03333333256704983,0.03314942452530059,0.03310344751486327,0.03310344751486327,0.03310344751486327,0.03333333256704983,0.03333333256704983,0.03448275782798258,0.03448275782798258,0.03448275782798258,0.03448275782798258,0.03448275782798258,0.03448275782798258,0.03333333256704983,0.03333333256704983,0.03314942452530059,0.03310344751486327,0.03291953947311404,0.03287356246267672,0.03291953947311404,0.03291953947311404,0.03287356246267672,0.032183907306117074,0.032183907306117074,0.032183907306117074,0.032183907306117074,0.032183907306117074,0.03199999926436784,0.030850574003435088,0.02988505678425157,0.02988505678425157,0.02988505678425157,0.029241378638129225,0.027586206262386066,0.027586206262386066,0.027586206262386066,0.026758620074514485,0.025747125844893668,0.02528735574052056,0.024183907490025122,0.023034482229092372,0.022988505218655055,0.022574712124719263,0.020689654696789548,0.020689654696789548,0.020689654696789548,0.019862068508917967,0.018390804174924044,0.018390804174924044,0.018206896133174808,0.016827585820055502,0.016091953653058537,0.016091953653058537,0.016091953653058537,0.016091953653058537,0.016091953653058537,0.016091953653058537,0.016091953653058537,0.013793103131193033,0.013793103131193033,0.013793103131193033,0.011908045703263334,0.011494252609327528,0.011494252609327528,0.011494252609327528,0.011494252609327528,0.011494252609327528,0.009195402087462022,0.009195402087462022,0.009195402087462022,0.006988505586471151,0.006896551565596517,0.006896551565596517,0.006896551565596517,0.006896551565596517,0.006896551565596517,0.006896551565596517,0.006896551565596517,0.006896551565596517,0.005333333210728006,0.004597701043731011,0.004597701043731011,0.004597701043731011,0.00280459763667593,0.0022988505218655055
10020100,0.06826838358428411,0.06826838358428411,0.06826838358428411,0.06826838358428411,0.06826838358428411,0.06826838358428411,0.06844418199694753,0.06926457458937668,0.07002636771091805,0.07119835712867398,0.07119835712867398,0.07002636771091805,0.07002636771091805,0.07026076559446924,0.06979196982736685,0.07119835712867398,0.07119835712867398,0.07119835712867398,0.07119835712867398,0.07119835712867398,0.07119835712867398,0.07119835712867398,0.07119835712867398,0.07119835712867398,0.07119835712867398,0.07119835712867398,0.07119835712867398,0.07119835712867398,0.07119835712867398,0.07119835712867398,0.07119835712867398,0.07119835712867398,0.07119835712867398,0.07119835712867398,0.07119835712867398,0.07119835712867398,0.07119835712867398,0.07119835712867398,0.07178435183755201,0.07178435183755201,0.07412833067306386,0.07412833067306386,0.07412833067306386,0.07412833067306386,0.07705830421745373,0.07705830421745373,0.07928508411119005,0.07998827776184361,0.07998827776184361,0.08244945553913112,0.08291825130623348,0.08291825130623348,0.08332844760244806,0.08584822485062336,0.08584822485062336,0.08877819839501323,0.08877819839501323,0.09170817193940312,0.09170817193940312,0.09463814548379298,0.09481394389645638,0.09756811902818285,0.09756811902818285,0.10026369468902155,0.1034280661169626,0.10635803966135249,0.10928801320574236,0.11221798675013224,0.11514796029452211,0.11690594442115607,0.12077350949975067,0.12393788092769174,0.12686785447208163,0.1297978280164715,0.13565777510525123,0.1385877486496411,0.14444769573842087,0.1503076428272006,0.15616758991598037,0.16495751054915,0.1766774047267095,0.185232927476328,0.19132727244865888,0.19718721953743862,0.20597714017060825,0.20890711371499812,0.2147670608037779,0.22068560736344542,0.22801054122442016,0.2353354750853948,0.2382068491588969,0.24406679624767663,0.25414590524037783,0.26193963486845484,0.26750658460279564,0.2733665316915754,0.2762965052359653,0.282156452324745,0.2850864258691349,0.29094637295791465,0.2968063200466944,0.30325226184435217,0.31438616131303365,0.31731613485742355,0.3231760819462033,0.3266920501994712,0.33255199728825097,0.33782594966815266,0.3436858967569324,0.3554057909344919,0.36419571156766156,0.3700556586564413,0.379431573998489,0.3964254205559502,0.4058013358979979,0.4198652089110692,0.4292411242531169,0.4433049972661882,0.4638148120769174,0.47846467979886675,0.49428653693857216,0.5136243623315453,0.542924097775444,0.5610899337506612,0.5985935951188517,0.6308233041071403,0.660123039551039,0.6812188490706461,0.707588610970155,0.7280984257808841,0.7368883464140539,0.7515382141360033,0.800761769681753,0.8247875527457502,0.8417813993032114,0.8564312670251607,0.8863169971779375,0.9121007643685684,0.9267506320905178,0.9455024627746129,0.9771461770540237,0.9824201294339254,0.9999999707002646,0.9999999707002646,0.9853501029783156,0.9824201294339254,0.9824201294339254,0.9648402881675865,0.9455024627746129,0.9273366267993959,0.9121007643685684,0.9033108437353987,0.8769410818358898,0.8452973675564793,0.7738060130733664,0.7392323252495657,0.6958687167925955,0.657779060715527,0.6191034099295808,0.5786697750170005,0.5347201718511523,0.4843246268876465,0.43920303430404256,0.378845579289611,0.3389979390859087,0.305596240679864,0.2714913486231659,0.2362144671487118,0.2121886840847148,0.18886609467137136,0.16788748409353987,0.15499560049822445,0.13067682007978854,0.11930852272755575,0.11221798675013224,0.10524464971448434,0.09932610315481681,0.08936419310389127,0.08485203384553082,0.0779958957516585,0.07412833067306386,0.07119835712867398,0.06826838358428411,0.06293583173349455,0.060709051839758235,0.056548489406724606,0.05361851586233473,0.050688542317944854,0.04775856877355498,0.04189862168477523,0.03738646242641483,0.03140931639585948,0.02929973544389876,0.027248753962825847,0.02431878041843597,0.022326398408250858,0.021388806874046092,0.019455024334748786,0.018517432800544013,0.015880456610593122,0.01552885978526634,0.012598886240876465,0.011192498939569324,0.009727512167374386,0.00887781983950133,0.0073600935435073666,0.006352182644237251,0.0058365073004246325,0.004430119999117496,0.0032288308459176413,0.0029065337560347593,0.0024494578831099345,0.002109580951960715,0.0020509814810729136,0.0015235862430827394,0.001464986772194938,0.0010547904759803562,0.0008789920633169622,0.0005742748147004226,7.6179312154144e-05,0.0,7.6179312154144e-05,0.00038675650785946264,0.0004277761374809216,0.0005742748147004226,0.0004277761374809216,0.00038675650785946264,0.0,0.0,9.961910050926302e-05,0.0005742748147004226,0.0014415469838398214,0.001464986772194938,0.001464986772194938,0.00195722232765244,0.0020509814810729136,0.0020509814810729136,0.002109580951960715,0.002109580951960715,0.002390858412222143,0.002929973544389876,0.0031057719570532828,0.003808965607706838,0.003808965607706838,0.0048989157662198924,0.005766187935359278,0.00591854655966755,0.00591854655966755,0.00591854655966755,0.006270143384994343,0.00679753862298451,0.0070319365065357005,0.007735130157189281,0.008379724336955061,0.008479343437464324,0.009598593331421235,0.009668912696486589,0.009668912696486589,0.009668912696486589,0.009786111638262198,0.012598886240876465,0.012598886240876465,0.012598886240876465,0.012598886240876465,0.01552885978526634,0.01552885978526634,0.01552885978526634,0.01552885978526634,0.01552885978526634,0.01552885978526634,0.01552885978526634,0.01552885978526634,0.01552885978526634,0.01552885978526634,0.013184880949754485,0.015294461901715156,0.01552885978526634,0.01552885978526634,0.01552885978526634,0.01552885978526634,0.01552885978526634,0.01552885978526634,0.01552885978526634,0.01552885978526634,0.01552885978526634,0.01552885978526634,0.01552885978526634,0.01552885978526634,0.016466451319471106,0.01769704020811486,0.018458833329656216,0.018458833329656216,0.018458833329656216,0.018458833329656216,0.018458833329656216,0.018458833329656216,0.018458833329656216,0.018458833329656216,0.018458833329656216,0.021095809519607107,0.021154408990494908,0.021388806874046092,0.023263989942455626,0.02431878041843597,0.02578376719063091,0.026955756608386856,0.027248753962825847,0.027248753962825847,0.027248753962825847,0.027248753962825847,0.027307353433713655,0.027248753962825847,0.027307353433713655,0.027248753962825847,0.027248753962825847,0.027248753962825847,0.028420743380581794,0.0284793428514696,0.028830939676796386,0.029358334914786566,0.030178727507215723,0.030178727507215723,0.031116319041420485,0.0331087010516056,0.0331087010516056,0.0331087010516056,0.034104892056698165,0.036038674595995475,0.036038674595995475,0.036038674595995475,0.03896864814038535,0.03920304602393655,0.04189862168477523,0.0448285952291651,0.0454731894089309,0.04775856877355498,0.04928215501663772,0.050454144434393666,0.050688542317944854,0.05139173596859842,0.05361851586233473,0.05361851586233473,0.05361851586233473,0.0542631100421005,0.055728096814295434,0.056548489406724606,0.056548489406724606,0.056548489406724606,0.058892468242236505,0.05947846295111448,0.05947846295111448,0.05947846295111448,0.05947846295111448,0.05947846295111448,0.05947846295111448,0.060533253427094875,0.06240843649550436,0.06240843649550436,0.06240843649550436,0.06240843649550436,0.06240843649550436,0.06240843649550436,0.06240843649550436,0.06240843649550436,0.06240843649550436,0.06240843649550436
10020300,0.0010086455186074123,0.0010374639619962001,0.0011815561789401156,0.0013256483958840313,0.0014409221694391618,0.0014409221694391618,0.0014409221694391618,0.0014409221694391618,0.0014409221694391618,0.0014409221694391618,0.0014409221694391618,0.0014409221694391618,0.0014409221694391618,0.0014409221694391618,0.0014409221694391618,0.0014409221694391618,0.0014409221694391618,0.0014409221694391618,0.0014409221694391618,0.0014409221694391618,0.0014409221694391618,0.0014409221694391618,0.0017291066033269932,0.0018731988202709115,0.0018731988202709115,0.0018731988202709115,0.002017291037214827,0.002017291037214827,0.002161383254158743,0.002161383254158743,0.0021902016975475255,0.0023054754711026586,0.0023054754711026586,0.0023054754711026586,0.0023054754711026586,0.0023054754711026586,0.0023054754711026586,0.0023054754711026586,0.0023054754711026586,0.0023054754711026586,0.0023054754711026586,0.0023054754711026586,0.0023054754711026586,0.0023054754711026586,0.0023054754711026586,0.0023054754711026586,0.0023054754711026586,0.002161383254158743,0.0020461094806036124,0.002017291037214827,0.002017291037214827,0.002017291037214827,0.0018731988202709115,0.0018731988202709115,0.0017291066033269932,0.0014409221694391618,0.0014409221694391618,0.0011527377355513306,0.0011527377355513306,0.0010086455186074123,0.0010086455186074123,0.0010086455186074123,0.0010086455186074123,0.0010086455186074123,0.0010086455186074123,0.0010086455186074123,0.0010086455186074123,0.0010086455186074123,0.0008645533016634966,0.0008645533016634966,0.0008645533016634966,0.0007492795281083635,0.0006051873111644504,0.0005763688677756653,0.0005763688677756653,0.00046109509422053476,0.0004322766508317496,0.0003170028772766191,0.00028818443388783135,0.00014409221694391567,0.00014409221694391567,0.00014409221694391567,2.8818443388782623e-05,0.0,0.0,0.0,0.0,0.0,0.0,2.8818443388782623e-05,0.00014409221694391567,0.0003170028772766191,0.0004322766508317496,0.0007204610847195809,0.0008645533016634966,0.0010086455186074123,0.0010086455186074123,0.0010086455186074123,0.0011527377355513306,0.0012968299524952463,0.0014409221694391618,0.002017291037214827,0.0024495676880465743,0.004322766508317486,0.005763688677756647,0.005763688677756647,0.007204610847195809,0.007204610847195809,0.007204610847195809,0.007636887498027559,0.008645533016634972,0.008645533016634972,0.010086455186074133,0.010086455186074133,0.010691642497238583,0.011527377355513294,0.011959654006345044,0.012968299524952457,0.012968299524952457,0.013256483958840314,0.015850143863830782,0.020057636598593137,0.021786743201920145,0.024495676880465753,0.026685878578013293,0.031700287727661564,0.03602305423597905,0.04132564781951517,0.057492794560622555,0.08057636771503796,0.11959654006345044,0.19538904617595043,0.24322766220133063,0.2795389008711974,0.2999999956772335,0.3550432225498095,0.41671469140180567,0.4570605121461022,0.5043227593037068,0.5521613753290869,0.6037463889950089,0.6804034484091722,0.7636887498027558,0.8158501323364535,0.8688760681718146,0.8965417738250466,0.920172897403849,0.9510086318298469,0.9757924931442004,0.9855907638963867,0.9899135304047042,0.9945244813469096,0.9988472478552269,0.9999999855907783,0.9985590634213392,0.9927953747435825,0.9884726082352651,0.980115259652518,0.9631123780531358,0.952449553999286,0.9397694389082214,0.9282420615527082,0.9152737620277557,0.8982708804283737,0.882132552130655,0.8662824082668242,0.8504322644029934,0.8299711695969573,0.8069164148859307,0.778674340364923,0.7406339950917292,0.677521604070294,0.6083573399372144,0.3818443749013779,0.2636887570073666,0.20634005466368802,0.1628242051466253,0.13342939289006644,0.10812679959471472,0.09945244813469095,0.09230547417427272,0.08789625233578888,0.08144092101670145,0.07492795281083642,0.07060518630251893,0.06818443705786115,0.06340057545532313,0.05913544583378321,0.05585014328746192,0.05216138253369766,0.05158501366592199,0.0507204603642585,0.04999999927953892,0.049452448855152036,0.04899135376093151,0.04714697338404938,0.04682997050677276,0.04567723277122143,0.0445244950356701,0.043227665083174854,0.042046108904234755,0.03893371701824616,0.03746397640541821,0.03746397640541821,0.036743515320698625,0.03487031650042774,0.03342939433098856,0.032997117680156805,0.03201729060493819,0.02783861631356463,0.026974063011901108,0.026685878578013283,0.026224783483792743,0.025936599049904915,0.025936599049904915,0.025936599049904915,0.024495676880465753,0.02397694489946766,0.02305475471102659,0.020605187022980014,0.019740633721316517,0.018789625089486676,0.018731988202709104,0.017348702920047514,0.017291066033269943,0.01700288159938211,0.016743515608883063,0.016570604948550362,0.016426512731606443,0.016311238958051314,0.015850143863830782,0.01556195942994295,0.015273774996055117,0.0151296827791112,0.014985590562167281,0.014985590562167281,0.01458213235472432,0.014409221694391619,0.013141210185285157,0.012968299524952457,0.010086455186074133,0.010086455186074133,0.00939481254474334,0.008645533016634972,0.008645533016634972,0.008645533016634972,0.008213256365803221,0.007204610847195809,0.007204610847195809,0.00677233419636406,0.005763688677756647,0.005763688677756647,0.005763688677756647,0.004783861602538018,0.004322766508317486,0.003948126744263309,0.0036023054235979047,0.003458213206653989,0.002910662782267106,0.002478386131435362,0.002334293914491441,0.0019020172636596967,0.0018731988202709115,0.0017291066033269932,0.0015850143863830775,0.0014409221694391618,0.0014409221694391618,0.0011527377355513306,0.0008645533016634966,0.0004322766508317496,0.0004322766508317496,0.00028818443388783135,0.00028818443388783135,0.00014409221694391567,0.00014409221694391567,2.8818443388782623e-05,0.0,0.00014409221694391567,0.00014409221694391567,0.00014409221694391567,0.00014409221694391567,0.00014409221694391567,0.00014409221694391567,0.00014409221694391567,0.00014409221694391567,0.00014409221694391567,0.00014409221694391567,0.00014409221694391567,0.00014409221694391567,0.00014409221694391567,0.00014409221694391567,0.00014409221694391567,2.8818443388782623e-05,2.8818443388782623e-05,0.0,0.0,0.0,0.0,0.0,0.0,0.0,0.0,0.0,0.0,2.8818443388782623e-05,0.00014409221694391567,0.00014409221694391567,0.00014409221694391567,0.0,0.0,0.0,0.0,0.0,0.0,0.0,0.0,0.0,0.0,0.0,0.0,0.0,0.0,0.0,0.0,0.0,0.0,0.0,0.0,0.00014409221694391567,0.00028818443388783135,0.0003170028772766191,0.0004322766508317496,0.0004322766508317496,0.0004322766508317496,0.0004322766508317496,0.0004322766508317496,0.0004322766508317496,0.0004322766508317496,0.0004322766508317496,0.0004322766508317496,0.0004322766508317496,0.0004322766508317496,0.0005763688677756653,0.0007204610847195809,0.0008645533016634966,0.0008645533016634966,0.0008645533016634966,0.0010662824053849851,0.0013256483958840313,0.0014409221694391618,0.0014409221694391618,0.0014409221694391618,0.0014409221694391618,0.0014409221694391618,0.0014409221694391618,0.0014409221694391618,0.0014409221694391618,0.0014409221694391618,0.0014409221694391618,0.0014409221694391618,0.0014409221694391618,0.0014409221694391618,0.0014409221694391618,0.0014409221694391618,0.0014409221694391618,0.0014409221694391618
10032000,0.0015293860050474637,0.0015293860050474637,0.0015293860050474637,0.0015293860050474637,0.0015293860050474637,0.0015293860050474637,0.0015293860050474637,0.0015293860050474637,0.0015293860050474637,0.0015293860050474637,0.0015293860050474637,0.0015293860050474637,0.0015293860050474637,0.0015293860050474637,0.0015293860050474637,0.0015293860050474637,0.0015293860050474637,0.0015293860050474637,0.0015293860050474637,0.0015293860050474637,0.0015293860050474637,0.0015293860050474637,0.0015293860050474637,0.0015293860050474637,0.0015293860050474637,0.0,0.0015293860050474637,0.0015293860050474637,0.0015293860050474637,0.0015293860050474637,0.0015293860050474637,0.0015293860050474637,0.0015293860050474637,0.0015293860050474637,0.0015293860050474637,0.0015293860050474637,0.0015293860050474637,0.0015293860050474637,0.0015293860050474637,0.0015293860050474637,0.0015293860050474637,0.0015293860050474637,0.0015293860050474637,0.0015293860050474637,0.0015293860050474637,0.0015293860050474637,0.0015293860050474637,0.0015293860050474637,0.0015293860050474637,0.0015293860050474637,0.0015293860050474637,0.0015293860050474637,0.0015293860050474637,0.0015293860050474637,0.0015293860050474637,0.0015293860050474637,0.0015293860050474637,0.0015293860050474637,0.0015293860050474637,0.0015293860050474637,0.0015293860050474637,0.0015293860050474637,0.0016022139100497362,0.0018935255300587745,0.001966353435061047,0.002330492960072332,0.002985944105092681,0.0033500836301039918,0.004442502205137898,0.004806641730149209,0.00517078125516052,0.00517078125516052,0.00553492078017183,0.007355618405228358,0.008448036980262265,0.008812176505273574,0.008812176505273574,0.01143398108535497,0.012890539185400214,0.015730827480488378,0.016094967005499686,0.019736362255612743,0.02119292035565796,0.023377757505725797,0.0252712830357846,0.027019152755838854,0.028548538760886342,0.03066054800595191,0.03364649211104462,0.03430194325606496,0.03757919898116671,0.03794333850617802,0.04049231518125717,0.04158473375629108,0.04522612900640413,0.04741096615647197,0.048940352161519464,0.0537469938916687,0.0561503147567433,0.06357876106697395,0.07610516072736291,0.08528147675764775,0.09591435088797792,0.10348845300821302,0.11441263875855219,0.12351612688383483,0.13189133595909486,0.14354380075945664,0.15446798650979582,0.1726749627603611,0.19088193901092637,0.2200131010118308,0.23822007726239605,0.2637098440131875,0.2891996107639788,0.3146893775147702,0.3365377490154486,0.365668911016353,0.3911586777671444,0.4093656540177097,0.42757263026827497,0.4494210017689533,0.47126937326963164,0.4821935590199708,0.5113247210208752,0.5339013715715761,0.5586628592723449,0.5950768117734755,0.6140120670740634,0.6533391357752845,0.6861116930263019,0.7159711340772289,0.7378195055779073,0.7625809932786761,0.7771465742791283,0.7917121552795805,0.8026363410299197,0.820843317280485,0.8390502935310502,0.8470613630812992,0.8645400602818416,0.890029827032633,0.9009540127829722,0.9155195937834244,0.9380962443341256,0.9526618253345779,0.9737819177852334,0.9890757778357082,0.9992716845360248,0.9999999635860476,0.9999999635860476,0.9992716845360248,0.9847061035355726,0.9745101968352562,0.9672274063350301,0.9490204300844648,0.9417376395842387,0.9228023842836506,0.9118781985333114,0.901682291832995,0.8805621993823393,0.8681814555319547,0.8463330840312764,0.8252129915806208,0.8026363410299197,0.7778748533291511,0.7523850865783597,0.7305367150776811,0.7159711340772289,0.693394483526528,0.6606219262755105,0.6424149500249452,0.6212948575742895,0.6023596022737017,0.5805112307730232,0.5659456497725711,0.5477386735220058,0.5331730925215535,0.5149661162709883,0.5004005352705361,0.4865632333201064,0.47855216376985776,0.4574320713192021,0.450149280818976,0.4392250950686368,0.42757263026827497,0.41737672356795846,0.4064525378176193,0.40208286351748357,0.3911586777671444,0.3875172825170313,0.3736799805666018,0.365668911016353,0.35474472526601386,0.34382053951567465,0.3365377490154486,0.3328963537653355,0.32197216801499634,0.3146893775147702,0.3074065870145441,0.30376519176443106,0.29648240126420494,0.2891996107639788,0.28191682026375275,0.27463402976352663,0.27099263451341354,0.26443812306321013,0.2600684487630744,0.25278565826284827,0.25278565826284827,0.24550286776262217,0.23822007726239605,0.23457868201228302,0.23457868201228302,0.22729589151205692,0.22365449626194386,0.2200131010118308,0.21637170576171774,0.2127303105116047,0.20908891526149165,0.2054475200113786,0.20180612476126553,0.20180612476126553,0.19816472951115247,0.1945233342610394,0.187968822810836,0.18359914851070025,0.1799577532605872,0.1763891859154764,0.17303910228537236,0.16910639541525027,0.1648095490201169,0.16109532586500155,0.15774524223489758,0.15526909346482068,0.1531570842197551,0.15082659125968276,0.1471851960095697,0.1436894565694612,0.14165027522939785,0.13990240550934357,0.1385915032193029,0.13596969863922148,0.13269244291411972,0.12977932671402928,0.12839559651898633,0.12533682450889136,0.1232248152638258,0.1216954292587783,0.12096715020875567,0.11856382934368108,0.11805403400866525,0.11805403400866525,0.11455829456855673,0.11441263875855219,0.11332022018351828,0.11077124350843913,0.11011579236341881,0.10712984825832608,0.10712984825832608,0.10509066691826281,0.10348845300821302,0.10348845300821302,0.10348845300821302,0.10064816471312484,0.09984705775809997,0.09984705775809997,0.09817201594304799,0.09627849041298916,0.09620566250798691,0.09620566250798691,0.09620566250798691,0.09620566250798691,0.09620566250798691,0.09445779278793263,0.09278275097288065,0.09256426725787385,0.09256426725787385,0.09256426725787385,0.09220012773286257,0.09125336496783316,0.08906852781776535,0.0889228720077608,0.0889228720077608,0.0889228720077608,0.0889228720077608,0.0889228720077608,0.0889228720077608,0.08790328133772914,0.08528147675764775,0.08528147675764775,0.08528147675764775,0.08426188608761609,0.08164008150753468,0.0787997932124465,0.07799868625742164,0.07799868625742164,0.07741606301740356,0.07443011891231083,0.07435729100730858,0.07435729100730858,0.07435729100730858,0.07435729100730858,0.07435729100730858,0.07326487243227467,0.07071589575719553,0.07071589575719553,0.07071589575719553,0.06707450050708247,0.06707450050708247,0.06707450050708247,0.06671036098207118,0.06343310525696941,0.06343310525696941,0.06343310525696941,0.06051998905687898,0.059791710006856354,0.0561503147567433,0.053674165986666446,0.052508919506630246,0.048867524256517185,0.047119654536462934,0.04522612900640413,0.04522612900640413,0.04493481738639509,0.04158473375629108,0.03794333850617802,0.03794333850617802,0.03794333850617802,0.03430194325606496,0.03342800839603785,0.03066054800595191,0.03066054800595191,0.03066054800595191,0.027019152755838854,0.027019152755838854,0.023377757505725797,0.023377757505725797,0.023377757505725797,0.021338576165662506,0.019736362255612743,0.019736362255612743,0.019736362255612743,0.016094967005499686,0.016094967005499686,0.013691646140425083,0.012453571755386632,0.012453571755386632,0.012453571755386632,0.012453571755386632,0.012453571755386632,0.008885004410275848,0.008812176505273574,0.008812176505273574,0.005607748685174102,0.00517078125516052,0.002257665055070137,0.0015293860050474637,0.0015293860050474637,0.0015293860050474637,0.0015293860050474637,0.0015293860050474637,0.0015293860050474637,0.0015293860050474637,0.0015293860050474637,0.0015293860050474637
10038000,0.043727010881609706,0.043727010881609706,0.043727010881609706,0.043727010881609706,0.043727010881609706,0.043727010881609706,0.043727010881609706,0.043727010881609706,0.040457701656816523,0.039640374350618145,0.03637106512582496,0.03637106512582496,0.039640374350618145,0.039640374350618145,0.039640374350618145,0.035553737819626584,0.035553737819626584,0.03146710128863502,0.03146710128863502,0.03146710128863502,0.024111155532850283,0.023293828226651905,0.023293828226651905,0.019207191695660344,0.019207191695660344,0.019207191695660344,0.019207191695660344,0.019207191695660344,0.020024519001858726,0.020024519001858726,0.023293828226651905,0.023293828226651905,0.023293828226651905,0.023293828226651905,0.023293828226651905,0.023293828226651905,0.023293828226651905,0.023293828226651905,0.023293828226651905,0.023293828226651905,0.027380464757643462,0.03146710128863502,0.0322844285948334,0.035553737819626584,0.035553737819626584,0.040457701656816523,0.043727010881609706,0.043727010881609706,0.043727010881609706,0.043727010881609706,0.043727010881609706,0.06497752084276588,0.08050673966053375,0.08459337619152531,0.08459337619152531,0.08868001272251687,0.09276664925350843,0.09685328578449998,0.10093992231549154,0.1050265588464831,0.1050265588464831,0.11319983190846622,0.12137310497044934,0.1254597415014409,0.1254597415014409,0.12954637803243246,0.13853697840061396,0.1458929241563987,0.1581528337493734,0.1663261068113565,0.17041274334234807,0.18267265293532275,0.19084592599730585,0.19901919905928897,0.2071924721212721,0.2071924721212721,0.21536574518325521,0.22026970902044515,0.2276256547762299,0.23579892783821302,0.2480588374311877,0.25214547396217923,0.2644053835551539,0.2733959839233354,0.2889252027411033,0.30118511233407796,0.3093583853960611,0.3175316584580442,0.32161829498903577,0.32570493152002733,0.3297915680510189,0.3297915680510189,0.3346955318882087,0.3420514776439936,0.34613811417498513,0.34613811417498513,0.34613811417498513,0.3502247507059767,0.35431138723696826,0.3583980237679598,0.3592153510741581,0.36657129682994294,0.3673886241361412,0.3706579333609345,0.37801387911671935,0.3788312064229176,0.3829178429539092,0.3853698248725041,0.3910911160158923,0.39844706177167716,0.403351025608867,0.40743766213985855,0.41969757173283323,0.4286881721010146,0.4442173909187826,0.4646505735737404,0.48917039275968976,0.505516938883656,0.5300367580696053,0.5537392499493564,0.5766244145229092,0.5831630329724956,0.5913363060344787,0.6044135429336516,0.6199427617514196,0.6526358539993521,0.6608091270613352,0.6689824001233183,0.686146273553483,0.7008581650650525,0.7033101469836474,0.7057621289022423,0.7245606569448036,0.7351859119253817,0.7458111669059597,0.7670616768671158,0.8030240783398416,0.8120146787080229,0.8283612248319892,0.8561503532427318,0.8814874997348794,0.8970167185526474,0.9060073189208288,0.922353865044795,0.937883083862563,0.9501429934555377,0.9583162665175208,0.9705761761104955,0.9836534130096685,0.98774004954066,0.9950959952964449,0.9999999591336347,0.9999999591336347,0.9999999591336347,0.9999999591336347,0.9991826318274364,0.9910093587654533,0.9918266860716516,0.9950959952964449,0.9999999591336347,0.9999999591336347,0.9999999591336347,0.9999999591336347,0.9983653045212382,0.9836534130096685,0.9705761761104955,0.9550469572927275,0.9460563569245461,0.9387004111687612,0.9297098108005799,0.909276628145622,0.9060073189208288,0.8929300820216558,0.8814874997348794,0.8602369897737234,0.8406211344249639,0.820187951770006,0.8071107148708331,0.7915814960530652,0.783408222991082,0.7588884038051327,0.7384552211501748,0.7245606569448036,0.6975888558402592,0.6730690366543098,0.644462580937369,0.6223947436700147,0.6035962156274534,0.5831630329724956,0.5545565772555546,0.5096035754146475,0.4850837562286982,0.4523906639807657,0.42787084479481635,0.40988964405845346,0.39517775254688386,0.3706579333609345,0.34532078686878687,0.3093583853960611,0.29301183927209484,0.28075192967912016,0.2644053835551539,0.251328146655981,0.23988556436920458,0.23171229130722146,0.22353901824523834,0.21536574518325521,0.20310583559028053,0.19901919905928897,0.19084592599730585,0.1818553256291245,0.1695954160361498,0.15406619721838183,0.1458929241563987,0.13363301456342402,0.12954637803243246,0.12137310497044934,0.11646914113325946,0.11319983190846622,0.10911319537747466,0.10093992231549154,0.09685328578449998,0.08868001272251687,0.08459337619152531,0.08050673966053375,0.08050673966053375,0.07642010312954219,0.07642010312954219,0.07233346659855062,0.0641601935365675,0.06007355700557594,0.05598692047458438,0.05190028394359282,0.05190028394359282,0.047813647412601266,0.047813647412601266,0.043727010881609706,0.043727010881609706,0.039640374350618145,0.035553737819626584,0.03146710128863502,0.03146710128863502,0.028197792063841844,0.027380464757643462,0.023293828226651905,0.023293828226651905,0.02247650092045358,0.019207191695660344,0.019207191695660344,0.015120555164668783,0.015120555164668783,0.011033918633677224,0.011033918633677224,0.011033918633677224,0.011033918633677224,0.006947282102685664,0.006947282102685664,0.006947282102685664,0.006947282102685664,0.0028606455716941037,0.0028606455716941037,0.002533714649214786,0.002125050996115595,0.0016346546123966472,0.0008990600368181385,8.173273061981494e-05,0.0,8.173273061981494e-05,0.0004903963837190058,0.0004903963837190058,8.173273061981494e-05,0.0,8.173273061981494e-05,0.0008990600368181385,0.0013077236899173294,0.0016346546123966472,0.0018798528042561502,0.006947282102685664,0.006947282102685664,0.011033918633677224,0.011851245939875606,0.015120555164668783,0.019207191695660344,0.019207191695660344,0.019207191695660344,0.023293828226651905,0.023293828226651905,0.027380464757643462,0.03146710128863502,0.035553737819626584,0.039640374350618145,0.043727010881609706,0.047813647412601266,0.05598692047458438,0.05598692047458438,0.0641601935365675,0.06824683006755906,0.07233346659855062,0.07642010312954219,0.08050673966053375,0.08459337619152531,0.08459337619152531,0.08949734002871525,0.09276664925350843,0.09685328578449998,0.09685328578449998,0.10093992231549154,0.1050265588464831,0.10993052268367304,0.11319983190846622,0.1140171592146646,0.11728646843945778,0.11728646843945778,0.11728646843945778,0.12137310497044934,0.1254597415014409,0.1254597415014409,0.1254597415014409,0.1254597415014409,0.1254597415014409,0.1254597415014409,0.1254597415014409,0.1254597415014409,0.1254597415014409,0.1254597415014409,0.1254597415014409,0.1254597415014409,0.1254597415014409,0.1254597415014409,0.1254597415014409,0.1254597415014409,0.1254597415014409,0.1254597415014409,0.12219043227664772,0.11728646843945778,0.11728646843945778,0.11319983190846622,0.10993052268367304,0.1050265588464831,0.1050265588464831,0.1050265588464831,0.1050265588464831,0.1050265588464831,0.1050265588464831,0.1050265588464831,0.09685328578449998,0.09276664925350843,0.09276664925350843,0.08868001272251687,0.08459337619152531,0.08459337619152531,0.08459337619152531,0.08132406696673213,0.07642010312954219,0.07233346659855062,0.07233346659855062,0.06824683006755906,0.06824683006755906,0.06497752084276588,0.0641601935365675,0.0641601935365675,0.0641601935365675,0.06089088431177433,0.052717611249791206,0.05190028394359282,0.047813647412601266
10068500,0.0011542012793836418,0.0011542012793836418,0.0011542012793836418,0.0011542012793836418,0.0011542012793836418,0.0011542012793836418,0.0011542012793836418,0.0011542012793836418,0.0011542012793836418,0.0011542012793836418,0.0011542012793836418,0.0011542012793836418,0.0011542012793836418,0.0011542012793836418,0.0011542012793836418,0.0011542012793836418,0.0011542012793836418,0.0011542012793836418,0.0011542012793836418,0.0011542012793836418,0.0011542012793836418,0.0011542012793836418,0.0011542012793836418,0.0011542012793836418,0.0011542012793836418,0.0011542012793836418,0.0011542012793836418,0.0014542936120233946,0.0019159741237768414,0.0023084025587672835,0.0023084025587672835,0.0023084025587672835,0.0025392428146440316,0.0034626038381509253,0.0034626038381509253,0.0034626038381509253,0.0034626038381509253,0.0034626038381509253,0.0034626038381509253,0.0034626038381509253,0.0034626038381509253,0.004616805117534567,0.004616805117534567,0.005771006396918209,0.005771006396918209,0.005771006396918209,0.005771006396918209,0.007710064546282735,0.008079408955685492,0.008079408955685492,0.009233610235069134,0.010387811514452776,0.010387811514452776,0.010433979565628129,0.011542012793836418,0.01269621407322006,0.01269621407322006,0.013850415352603701,0.015004616631987343,0.017313019190754626,0.018467220470138268,0.01962142174952191,0.02119113548948368,0.02243767287121801,0.024238226867056477,0.02654662942582376,0.027700830705207402,0.028855031984591044,0.030794090133955572,0.031163434543358327,0.03347183710212561,0.03506463486767505,0.036934440940276536,0.03924284349904382,0.04039704477842746,0.042705447337194745,0.04390581666775374,0.04653739558474843,0.05078485629288024,0.05424746013103116,0.05424746013103116,0.056555862689798446,0.05886426524856573,0.06001846652794937,0.06117266780733301,0.0634810703661003,0.0634810703661003,0.06463527164548394,0.06578947292486759,0.06578947292486759,0.06578947292486759,0.06578947292486759,0.06578947292486759,0.06578947292486759,0.06578947292486759,0.06578947292486759,0.06578947292486759,0.06694367420425122,0.06602031318074433,0.06694367420425122,0.06578947292486759,0.06578947292486759,0.06578947292486759,0.06578947292486759,0.06578947292486759,0.06486611190136068,0.06486611190136068,0.06578947292486759,0.06578947292486759,0.06578947292486759,0.06602031318074433,0.06717451446012797,0.0692520767630185,0.07040627804240215,0.07156047932178579,0.07271468060116944,0.07386888188055307,0.07617728443932036,0.07756232597458075,0.07871652725396439,0.08194829083623857,0.08425669339500585,0.08771929723315677,0.0911819010713077,0.09349030363007499,0.09579870618884227,0.10156971258576047,0.10641735795917179,0.11195752410021326,0.11680516947362457,0.12234533561466603,0.1260387797086937,0.13157894584973517,0.13734995224665336,0.14542936120233887,0.15004616631987344,0.157202214252052,0.16735918551062806,0.17682363600157391,0.18928900981891725,0.19644505775109583,0.20775623028905552,0.21722068078000137,0.22506924947981016,0.23684210252952334,0.24838411532335977,0.2587719268378125,0.26708217604937473,0.2793167096108413,0.28924284061354066,0.30032317289562366,0.30586333903666507,0.3127885467129669,0.32225299720391287,0.32894736462433793,0.3347183710212561,0.3393351761387907,0.3474145850944762,0.3531855914913944,0.3635734030058472,0.37303785349679314,0.379963061173095,0.3889658311522873,0.396121879084466,0.40304708676076784,0.408818093157686,0.4132040580193438,0.4217451474867827,0.43305632002474254,0.441135728980428,0.4566020261241687,0.481071093247102,0.5025392370436376,0.5170821731638715,0.5302400677488451,0.554016614104148,0.5775623202035743,0.6050323106529051,0.6361957451962634,0.6765927899746909,0.7086795855415561,0.746999068017093,0.7816251063986022,0.805632493009782,0.8294090393650851,0.8635733972348408,0.899122796639857,0.9268236273450644,0.9579870618884228,0.9725299980086567,0.9856878925936301,0.992613100269932,0.9986149469227269,0.9999999884579872,0.9999999884579872,0.9999999884579872,0.9986149469227269,0.9974607456433433,0.9974607456433433,0.9983841066668502,0.9999999884579872,0.9986149469227269,0.9983841066668502,0.9986149469227269,0.9986149469227269,0.9983841066668502,0.9972299053874665,0.9949215028286993,0.9785318446614515,0.97229915775278,0.9639889085412177,0.9591412631678063,0.9570637008649157,0.9482917711416001,0.9429824452564354,0.9316712727184757,0.9249769052980507,0.9132040522483375,0.9055863238044054,0.8915050681959249,0.8762696113080609,0.8559556687909088,0.8464912182999629,0.8287165185974548,0.8197137486182625,0.8104801383831933,0.7920129179130551,0.7818559466544789,0.7663896495107382,0.7527700744140112,0.7433056239230653,0.7296860488263384,0.7098337868209397,0.695983371468336,0.6835179976509927,0.651892882595881,0.6244228921465502,0.6140350806320974,0.5900276940209177,0.57363803585367,0.5491689687307368,0.5016158760201308,0.46583563635923786,0.4376731251422771,0.41135733597232993,0.39935364266674006,0.35341643174727116,0.3199445946451456,0.2901662016370476,0.27354570321392313,0.2539242814644012,0.22668513127094728,0.18374884367787575,0.15489381169328473,0.11334256563547364,0.0902585400478008,0.07502308315993672,0.06578947292486759,0.05216989782814063,0.04046629685519049,0.03347183710212561,0.02848568757518829,0.02539242814644012,0.023084025587672835,0.02077562302890555,0.01860572462366431,0.017682363600157402,0.015258540913451744,0.012834718226746103,0.012488457842931004,0.010387811514452776,0.008079408955685492,0.0069252076763018505,0.005771006396918209,0.004847645373411299,0.004039704477842746,0.003485687863738602,0.002908587224046781,0.0019852262005398626,0.001500461663198731,0.0011542012793836418,0.0008310249211562208,0.0003462603838150893,0.00011542012793836582,0.0,0.0,0.0,0.0,0.0,2.3084025587676446e-05,0.0002539242814643999,0.0005078485629288079,0.0011542012793836418,0.0011772853049713183,0.001869806072601505,0.0023084025587672835,0.00300092332639747,0.0034626038381509253,0.003831948247553691,0.004616805117534567,0.0052169897828140644,0.005771006396918209,0.0061403508063209745,0.00660203131807443,0.0069252076763018505,0.0069252076763018505,0.008079408955685492,0.008541089467438947,0.009233610235069134,0.010041551130637687,0.010387811514452776,0.010387811514452776,0.011103416307670639,0.011542012793836418,0.011888273177651508,0.012119113433528238,0.01269621407322006,0.01269621407322006,0.01269621407322006,0.012811634201158417,0.013180978610561207,0.013850415352603701,0.013850415352603701,0.013850415352603701,0.013665743147902323,0.013180978610561207,0.01285780225233377,0.012811634201158417,0.012719298098807728,0.01269621407322006,0.01269621407322006,0.01269621407322006,0.01269621407322006,0.01269621407322006,0.01269621407322006,0.01269621407322006,0.01202677733117755,0.011565096819424095,0.011542012793836418,0.010618651770329517,0.010387811514452776,0.010387811514452776,0.010387811514452776,0.009233610235069134,0.008079408955685492,0.008079408955685492,0.008079408955685492,0.008079408955685492,0.007779316623045748,0.00710987988100323,0.0069252076763018505,0.0069252076763018505,0.0069252076763018505,0.00650969521572374,0.005771006396918209,0.005771006396918209,0.005771006396918209,0.005771006396918209,0.005771006396918209,0.005771006396918209,0.0054939980898661405,0.00491689745017432,0.0034626038381509253,0.0034626038381509253,0.0034626038381509253,0.0034626038381509253
10092700,0.3180211901759297,0.3180211901759297,0.3180211901759297,0.3180211901759297,0.3180211901759297,0.3180211901759297,0.3180211901759297,0.3144876213961971,0.3151943351521436,0.3180211901759297,0.3180211901759297,0.3180211901759297,0.3180211901759297,0.3180211901759297,0.3180211901759297,0.3180211901759297,0.32932861027107385,0.33568903407459244,0.33992931661027187,0.3462897404137901,0.34982330919352267,0.34982330919352267,0.35053002294946956,0.3533568779732552,0.3533568779732552,0.34982330919352267,0.3533568779732552,0.34982330919352267,0.34982330919352267,0.3533568779732552,0.3533568779732552,0.3533568779732552,0.3533568779732552,0.36042401553272035,0.3681978668481323,0.371024721871918,0.3681978668481323,0.371024721871918,0.371024721871918,0.3752650044075974,0.38162542821111567,0.38869256577058076,0.38869256577058076,0.38586571074679465,0.38869256577058076,0.38869256577058076,0.38939927952652764,0.3992932721097784,0.3999999858657249,0.3999999858657249,0.41060069220492296,0.4212013985441206,0.42473496732385313,0.42473496732385313,0.4282685361035853,0.43180210488331827,0.4424028112225155,0.4600706551211787,0.473498216484162,0.47703178526389456,0.48409892282335965,0.49611305667445027,0.5123674730612201,0.5236748931563646,0.5406360232990804,0.5512367296382782,0.5590105809536902,0.5724381423166734,0.5936395549950688,0.6014134063104808,0.622614818988876,0.6360423803518594,0.6501766554707896,0.6650176443456667,0.686219057024062,0.710247324726243,0.7356890199403178,0.749116581303301,0.7597172876424987,0.7773851315411615,0.7985865442195568,0.8106006780706474,0.8197879568979521,0.8310953769930964,0.856537072207171,0.8770317711296196,0.8911660462485499,0.9017667525877475,0.9088338901472126,0.9229681652661428,0.9265017340458753,0.9159010277066777,0.9194345964864102,0.9229681652661428,0.9229681652661428,0.9123674589269452,0.9088338901472126,0.9081271763912659,0.9045936076115334,0.886925763712871,0.883392194933138,0.866431064790422,0.8593639272309569,0.8487632208917593,0.8303886632371498,0.8070671092909149,0.7844522691006266,0.7611307151543921,0.7349823061843709,0.7314487374046383,0.7279151686249058,0.7003533321429922,0.6961130496073128,0.6819787744883826,0.6692579268813453,0.6607773618099873,0.6572437930302547,0.6367490941078063,0.6268551015245547,0.6014134063104808,0.5901059862153363,0.5865724174356036,0.5837455624118176,0.5830388486558711,0.575971711096406,0.575971711096406,0.575971711096406,0.5724381423166734,0.5696112872928873,0.5724381423166734,0.5533568709061177,0.5335688857396154,0.5166077555968995,0.5067137630136483,0.5130741868171665,0.505300335501755,0.5024734804779692,0.5067137630136483,0.5166077555968995,0.5130741868171665,0.4954063429185042,0.4699646477044295,0.4600706551211787,0.4565370863414457,0.4565370863414457,0.45583037258549924,0.4282685361035853,0.4282685361035853,0.4219081123000671,0.4212013985441206,0.4212013985441206,0.42473496732385313,0.45583037258549924,0.4565370863414457,0.44664309375819455,0.43392224615115765,0.4310953911273714,0.43392224615115765,0.4310953911273714,0.42756182234763884,0.433215532395211,0.4424028112225155,0.4565370863414457,0.4664310789246969,0.4742049302401089,0.47703178526389456,0.4784452127757879,0.48480563657930614,0.48480563657930614,0.48904591911498513,0.5342755994955622,0.5583038671977433,0.5731448560726203,0.5985865512866942,0.6254416740126617,0.6325088115721269,0.6416960903994315,0.6643109305897198,0.6961130496073128,0.7243815998451733,0.742049443743836,0.7604240013984456,0.7710247077376433,0.7816254140768405,0.7950529754398242,0.805653681779022,0.8134275330944339,0.8353356595287756,0.8480565071358126,0.8812720536652985,0.8946996150282824,0.9194345964864102,0.9328621578493937,0.9583038530634683,0.9406360091648056,0.9363957266291264,0.9328621578493937,0.927208447801822,0.9335688716053405,0.9583038530634683,0.970317986914559,0.9809186932537566,0.9795052657418637,0.9837455482775429,0.9901059720810613,0.9971731096405264,0.9837455482775429,0.990812685837008,0.9999999646643123,0.9971731096405264,0.990812685837008,0.9837455482775429,0.9823321207656496,0.9823321207656496,0.9823321207656496,0.9936395408607939,0.9936395408607939,0.9901059720810613,0.9999999646643123,0.9936395408607939,0.9901059720810613,0.9901059720810613,0.9865724033013288,0.9901059720810613,0.9823321207656496,0.9823321207656496,0.9646642768669867,0.9575971393075217,0.9477031467242707,0.9371024403850731,0.9300353028256079,0.9222614515101961,0.8946996150282824,0.8770317711296196,0.8621907822547428,0.8445229383560799,0.8303886632371498,0.8162543881182196,0.7816254140768405,0.7674911389579103,0.7498232950592479,0.7314487374046383,0.7067137559465104,0.6784452057086501,0.6268551015245547,0.5816254211439782,0.5484098746144924,0.5159010418409526,0.473498216484162,0.4353356736630508,0.3922261345503133,0.3533568779732552,0.30035334627726695,0.25865723467642276,0.20918727176016724,0.17879858025446724,0.16325087762364407,0.13427561362983698,0.11307420095144168,0.10247349461224402,0.08480565071358126,0.06360423803518594,0.05300353169598829,0.04593639413652318,0.03886925657705807,0.03533568779732552,0.03180211901759297,0.021201412678395315,0.01766784389866276,0.010600706339197657,0.007067137559465105,0.0035335687797325523,0.0035335687797325523,0.0035335687797325523,0.0,0.0,0.0,0.0,0.0,0.0,0.0035335687797325523,0.0,0.0035335687797325523,0.0035335687797325523,0.0035335687797325523,0.0035335687797325523,0.010600706339197657,0.01766784389866276,0.02826855023786042,0.02826855023786042,0.02826855023786042,0.02897526399380709,0.04664310789246985,0.04664310789246985,0.04946996291625573,0.04664310789246985,0.04946996291625573,0.05371024545193496,0.05653710047572084,0.06007066925545339,0.06007066925545339,0.06713780681491849,0.07773851315411615,0.08480565071358126,0.09257950202899302,0.10388692212413715,0.11307420095144168,0.1272084760703719,0.13074204485010443,0.13427561362983698,0.13780918240956955,0.14204946494524875,0.1554770263082323,0.1554770263082323,0.15901059508796486,0.16607773264742995,0.16961130142716252,0.1773851527425743,0.18727914532582526,0.1915194278615045,0.20494698922448804,0.20494698922448804,0.20494698922448804,0.20494698922448804,0.21201412678395315,0.21625440931963216,0.2296819706826159,0.236749108242081,0.24098939077776022,0.24734981458127867,0.24734981458127867,0.2544169521407438,0.26148408970020887,0.26148408970020887,0.26219080345615553,0.26148408970020887,0.2650176584799414,0.2650176584799414,0.2650176584799414,0.272791509795353,0.27915193359887164,0.2826855023786042,0.2826855023786042,0.2826855023786042,0.2826855023786042,0.2862190711583367,0.2862190711583367,0.28975263993806927,0.29045935369401615,0.29045935369401615,0.2968197774975344,0.2939929224737487,0.30035334627726695,0.30035334627726695,0.30035334627726695,0.30742048383673204,0.3144876213961971,0.31166076637241147,0.31166076637241147,0.3109540526164646,0.3151943351521436,0.3180211901759297,0.3180211901759297,0.3180211901759297,0.3180211901759297,0.3180211901759297
10109000,0.005838057118281683,0.005838057118281683,0.005499619024468258,0.004315085696121241,0.0038074285554010744,0.002030628562880609,0.001607580945613783,0.001607580945613783,0.001607580945613783,0.001607580945613783,0.001607580945613783,0.0038074285554010744,0.004145866649214499,0.004991961883748091,0.005076571407201492,0.005076571407201492,0.004991961883748091,0.0038074285554010744,0.002030628562880609,0.001607580945613783,0.001607580945613783,0.001607580945613783,0.001607580945613783,0.0012691428518003581,0.000423047617266766,0.0003384380938134248,0.000423047617266766,0.0011845333283470169,0.0011845333283470169,0.0011845333283470169,0.0011845333283470169,0.0005076571407201673,0.0005076571407201673,0.0005076571407201673,0.0005076571407201673,0.0003384380938134248,0.0,0.00016921904690674245,0.001607580945613783,0.001607580945613783,0.001607580945613783,0.001607580945613783,0.001607580945613783,0.005499619024468258,0.005838057118281683,0.005838057118281683,0.005838057118281683,0.006345714259001851,0.009391657103322733,0.010153142814402924,0.011337676142749942,0.014299009463617484,0.015145104698151076,0.018529485636285384,0.01903714277700555,0.021152380863339502,0.022759961808953285,0.026144342747087594,0.026990437981621186,0.027667314169248093,0.030459428443208893,0.031305523677742426,0.033759199857889804,0.03545139032695699,0.03545139032695699,0.037651237936744276,0.03925881888235812,0.04137405696869207,0.043912342672292784,0.04611219028208008,0.0487350855091342,0.052373295017628586,0.05541923786194947,0.059142056893897205,0.06083424736296439,0.0650647235356323,0.06929519970830018,0.07098739017736737,0.07733310443636922,0.08012521871033003,0.08621710439897179,0.0904475805716397,0.09467805674430758,0.09890853291697549,0.1031390090896434,0.11159996143497919,0.1158304376076471,0.11667653284218074,0.12429138995298289,0.12852186612565078,0.1369828184709866,0.14205938987818814,0.1496742469889903,0.1581351993343261,0.162365675506994,0.1665961516796619,0.17167272308686346,0.18013367543219924,0.1919790087156693,0.204670437233673,0.2131313895790088,0.2258228180970125,0.2342837704423483,0.2512056751330199,0.2681275798236915,0.2808190083416952,0.2935104368596989,0.30704796061223627,0.3273542462410421,0.3442761509317137,0.3569675794497174,0.3696590079677211,0.38658091265839273,0.4077332935217322,0.43396224579227316,0.458499007593747,0.4711904361117507,0.4838818646297544,0.4965732931477581,0.5134951978384297,0.5261866263564334,0.5473390072197729,0.5600304357377767,0.5684913880831124,0.5981047212917877,0.6167188164515266,0.6361790068457989,0.6531009115364704,0.6750993876343435,0.7038666256084852,0.726711196940892,0.7554784349150339,0.7800151967165074,0.8223199584431864,0.8519332916518617,0.8730856725152013,0.8900075772058729,0.9077755771310783,0.9280818627598839,0.9458498626850893,0.9576951959685592,0.970386624486563,0.9754631958937646,0.9830780530045666,0.9957694815225704,0.9966155767571041,0.9999999576952383,0.9999999576952383,0.9966155767571041,0.9957694815225704,0.9839241482391005,0.9746171006592309,0.9661561483138951,0.9323123389325518,0.9069294818965444,0.8942380533785408,0.8730856725152013,0.8400879583683918,0.8180894822705186,0.7808612919510413,0.7504018635078321,0.7207885302991568,0.6877908161523472,0.6590235781782057,0.6361790068457989,0.6107961498097915,0.5896437689464519,0.5769523404284482,0.5473390072197729,0.5261866263564334,0.5016498645549595,0.47965138845708655,0.4542685314210791,0.43396224579227316,0.41196376969440013,0.39588796023826217,0.3823504364857248,0.36627462702958685,0.3485066271043816,0.33243081764824367,0.3231237700683742,0.3146628177230384,0.3019713892050347,0.289279960687031,0.2765885321690273,0.2681275798236915,0.2596666274783557,0.2512056751330199,0.23936034184954985,0.2300532942696804,0.2215923419243446,0.2173618657516767,0.2004399610610051,0.1962094848883372,0.18859462777753505,0.1835180563703335,0.1750571040249977,0.1708266278523298,0.1665961516796619,0.162365675506994,0.1581351993343261,0.1496742469889903,0.1454437708163224,0.14121329464365448,0.1327523422983187,0.12852186612565078,0.12429138995298289,0.120060913780315,0.11667653284218074,0.1158304376076471,0.10821558049684495,0.10736948526231128,0.1031390090896434,0.09890853291697549,0.09467805674430758,0.09467805674430758,0.0904475805716397,0.08621710439897179,0.08283272346083755,0.08198662822630388,0.077756152053636,0.07538708539694196,0.0724257520760744,0.06929519970830018,0.06633386638743265,0.0650647235356323,0.06261104735548491,0.05964971403461737,0.056603771190296484,0.05415009501014911,0.052373295017628586,0.051104152165828226,0.04814281884496069,0.04687367599316033,0.043912342672292784,0.043912342672292784,0.04095100935142525,0.036974361749117425,0.03545139032695699,0.03545139032695699,0.03164396177155585,0.031220914154289084,0.02876723797414171,0.02741348559888795,0.026990437981621186,0.026567390364354418,0.025298247512554002,0.022759961808953285,0.022083085621326434,0.01954479991772572,0.018529485636285384,0.018191047542471958,0.015568152315417841,0.01472205708088425,0.014299009463617484,0.014299009463617484,0.0126068189945503,0.011337676142749942,0.01049158090821635,0.01049158090821635,0.01049158090821635,0.01049158090821635,0.01049158090821635,0.01049158090821635,0.010068533290949583,0.010068533290949583,0.010068533290949583,0.010068533290949583,0.010068533290949583,0.010153142814402924,0.01049158090821635,0.01049158090821635,0.01049158090821635,0.01049158090821635,0.01049158090821635,0.010914628525483175,0.011845333283470108,0.012268380900736875,0.0126068189945503,0.014299009463617484,0.015229714221604417,0.017260342784485027,0.018529485636285384,0.019883238011539142,0.022844571332406624,0.024875199895287234,0.026990437981621186,0.031220914154289084,0.03502834270969022,0.03545139032695699,0.037397409366384256,0.039681866499624886,0.039681866499624886,0.039681866499624886,0.04018952364034505,0.042304761726679005,0.04357390457847936,0.04433539028955955,0.044758437906826376,0.04526609504754649,0.04560453314135997,0.046027580758626736,0.04619679980553348,0.04771977122769392,0.04814281884496069,0.04814281884496069,0.04898891407949428,0.05034266645474798,0.0506811045485614,0.05118876168928157,0.0506811045485614,0.05034266645474798,0.05034266645474798,0.051104152165828226,0.051104152165828226,0.05076571407201481,0.050258056931294634,0.04814281884496069,0.04712750456352041,0.04526609504754649,0.04433539028955955,0.042304761726679005,0.039681866499624886,0.03892038078854469,0.03722819031947751,0.035959047467677155,0.03545139032695699,0.03545139032695699,0.03545139032695699,0.03545139032695699,0.03350537128752978,0.031220914154289084,0.030544037966662236,0.029359504638315218,0.027498095122341353,0.026990437981621186,0.026990437981621186,0.026990437981621186,0.026990437981621186,0.026990437981621186,0.026567390364354418,0.024959809418740576,0.023352228473126794,0.022759961808953285,0.022759961808953285,0.02123699038679284,0.020729333246072675,0.020644723722619333,0.018529485636285384,0.018529485636285384,0.01810643801901862,0.015991199932684667,0.01472205708088425,0.014299009463617484,0.014299009463617484,0.014299009463617484,0.014299009463617484,0.014299009463617484,0.014299009463617484,0.014299009463617484,0.014299009463617484,0.011337676142749942,0.010153142814402924,0.010068533290949583,0.010068533290949583,0.010068533290949583
10109001,0.0035587187345651698,0.0035587187345651698,0.0035587187345651698,0.0035587187345651698,0.0035587187345651698,0.0035587187345651698,0.0035587187345651698,0.0035587187345651698,0.0035587187345651698,0.0035587187345651698,0.0035587187345651698,0.0035587187345651698,0.0035587187345651698,0.0035587187345651698,0.0035587187345651698,0.0035587187345651698,0.0035587187345651698,0.0035587187345651698,0.0035587187345651698,0.0035587187345651698,0.0035587187345651698,0.0035587187345651698,0.0,0.0,0.0,0.0,0.0,0.0,0.0,0.0,0.0,0.0,0.0,0.0,0.0,0.0,0.0,0.0,0.0,0.0,0.0,0.0,0.0,0.0,0.0035587187345651698,0.0035587187345651698,0.0035587187345651698,0.0035587187345651698,0.0035587187345651698,0.0036298931092564593,0.0071174374691303395,0.0071174374691303395,0.0071174374691303395,0.01067615620369551,0.01067615620369551,0.01067615620369551,0.014234874938260679,0.014234874938260679,0.01779359367282585,0.01779359367282585,0.01779359367282585,0.019928824913564982,0.02135231240739102,0.02135231240739102,0.02135231240739102,0.02491103114195619,0.02491103114195619,0.028469749876521358,0.02854092425121265,0.032028468611086526,0.03423487422651695,0.0355871873456517,0.03914590608021687,0.04270462481478204,0.04626334354934721,0.04626334354934721,0.04982206228391238,0.05338078101847755,0.056939499753042716,0.06049821848760789,0.06405693722217305,0.06761565595673823,0.0711743746913034,0.07473309342586856,0.08185053089499891,0.08540924962956407,0.09252668709869442,0.09323843084560751,0.09964412456782476,0.10320284330238992,0.1067615620369551,0.11387899950608543,0.12099643697521578,0.12455515570978094,0.1281138744443461,0.13523131191347645,0.1423487493826068,0.14946618685173713,0.16014234305543265,0.16725978052456297,0.17437721799369332,0.18505337419738885,0.19572953040108435,0.20996440533934502,0.21779358655538847,0.23202846149364914,0.24270461769734464,0.26334518635782256,0.27758006129608326,0.2953736549689091,0.3096085299071698,0.3309608423145608,0.34875443598738665,0.377224185863908,0.39501777953673384,0.41992881067869003,0.4384341480984289,0.4626334354934721,0.4804270291662979,0.4946619041045586,0.5124554977773844,0.52313165398108,0.5373665289193407,0.5551601225921665,0.566548022542775,0.5800711537341227,0.5943060286723834,0.6120996223452092,0.6377223972340786,0.687544459517991,0.7046263094439036,0.7338078030673382,0.7629892966907725,0.8007117152771632,0.8263344901660327,0.8540924962956408,0.8683273712339015,0.8868327086536403,0.900355839844988,0.9117437397955966,0.9288255897215093,0.940213489672118,0.9608540583325959,0.9686832395486394,0.9822063707399868,0.9829181144869001,0.9857650894745521,0.9943060144375088,0.9999999644128127,0.9999999644128127,0.9943060144375088,0.9864768332214651,0.9822063707399868,0.9651245208140743,0.9466191833943352,0.9153024585301617,0.8939501461227708,0.8754448087030318,0.8647686524993363,0.8540924962956408,0.8298932089005978,0.8149465902154239,0.7900355590734677,0.7615658091969464,0.7409252405364686,0.7188611843821643,0.7017793344562516,0.690391434505643,0.6654804033636867,0.6548042471599913,0.6306049597649482,0.6156583410797744,0.5978647474069485,0.5836298724686879,0.5622775600612968,0.5516014038576014,0.5274021164625582,0.5195729352465148,0.501779341573689,0.4875444666354283,0.46975087296260243,0.45551599802434173,0.44839856055521143,0.43131671062929855,0.4163700919441249,0.40925265447499454,0.39857649827129904,0.3886120858145165,0.37366546712934284,0.3665480296602125,0.35943059219108214,0.34590746099973446,0.3416369985182563,0.3309608423145608,0.32740212357999565,0.3202846861108653,0.31316724864173495,0.3060498111726046,0.29893237370347425,0.29181493623434396,0.28825621749977876,0.2811387800306484,0.2747330863084312,0.2704626238269529,0.26690390509238776,0.2597864676232574,0.2597864676232574,0.25266903015412706,0.2491103114195619,0.24199287395043156,0.2391458989627795,0.23487543648130121,0.22775799901217086,0.22419928027760572,0.22064056154304054,0.21708184280847537,0.2135231240739102,0.20996440533934502,0.20640568660477984,0.2028469678702147,0.2028469678702147,0.19928824913564952,0.19644127414799745,0.19217081166651917,0.188612092931954,0.18505337419738885,0.1786476804751716,0.17437721799369332,0.17081849925912815,0.16725978052456297,0.16725978052456297,0.16370106178999783,0.16014234305543265,0.16014234305543265,0.15658362432086748,0.1537366493332154,0.1530249055863023,0.14946618685173713,0.14590746811717198,0.14590746811717198,0.1423487493826068,0.13879003064804163,0.13879003064804163,0.13523131191347645,0.13523131191347645,0.13523131191347645,0.13167259317891128,0.13167259317891128,0.1281138744443461,0.12455515570978094,0.12455515570978094,0.12455515570978094,0.12170818072212887,0.12099643697521578,0.11743771824065061,0.11743771824065061,0.11743771824065061,0.11743771824065061,0.11387899950608543,0.11387899950608543,0.11032028077152027,0.11032028077152027,0.11032028077152027,0.10391458704930302,0.10320284330238992,0.10320284330238992,0.09964412456782476,0.09964412456782476,0.09964412456782476,0.09964412456782476,0.09964412456782476,0.09608540583325959,0.09608540583325959,0.09252668709869442,0.09252668709869442,0.09252668709869442,0.09252668709869442,0.08896796836412925,0.08896796836412925,0.08896796836412925,0.08540924962956407,0.08540924962956407,0.08540924962956407,0.08185053089499891,0.08185053089499891,0.07900355590734683,0.07829181216043374,0.07829181216043374,0.07829181216043374,0.07829181216043374,0.07473309342586856,0.07473309342586856,0.0711743746913034,0.0711743746913034,0.06761565595673823,0.06761565595673823,0.06761565595673823,0.06761565595673823,0.06405693722217305,0.06405693722217305,0.06405693722217305,0.06405693722217305,0.06405693722217305,0.06049821848760789,0.06049821848760789,0.06049821848760789,0.06049821848760789,0.056939499753042716,0.056939499753042716,0.056939499753042716,0.056939499753042716,0.056939499753042716,0.05338078101847755,0.05338078101847755,0.05338078101847755,0.04982206228391238,0.04982206228391238,0.04982206228391238,0.04626334354934721,0.04626334354934721,0.04626334354934721,0.04270462481478204,0.04270462481478204,0.04270462481478204,0.04270462481478204,0.039857649827129964,0.03914590608021687,0.03914590608021687,0.03914590608021687,0.0355871873456517,0.0355871873456517,0.032028468611086526,0.032028468611086526,0.028469749876521358,0.028469749876521358,0.02491103114195619,0.02491103114195619,0.02491103114195619,0.02491103114195619,0.02491103114195619,0.02135231240739102,0.02135231240739102,0.02135231240739102,0.02135231240739102,0.01779359367282585,0.01779359367282585,0.01779359367282585,0.014946618685173774,0.014234874938260679,0.014234874938260679,0.014234874938260679,0.011387899950608604,0.01067615620369551,0.01067615620369551,0.01067615620369551,0.01067615620369551,0.01067615620369551,0.01067615620369551,0.01067615620369551,0.01067615620369551,0.01067615620369551,0.0071174374691303395,0.0071174374691303395,0.0071174374691303395,0.0071174374691303395,0.0071174374691303395
10126000,0.5760598455855375,0.5800498704900261,0.5827098870930184,0.5800498704900261,0.5800498704900261,0.5800498704900261,0.5773898538870337,0.5773898538870337,0.5828761381307055,0.5837073933191406,0.5843723974698887,0.5845386485075758,0.5855361547336979,0.5871986651105681,0.5871986651105681,0.5890274265251254,0.5926849493542399,0.5926849493542399,0.5926849493542399,0.5926849493542399,0.5983374846355988,0.6063175344445758,0.6093100531229422,0.6128013249143698,0.6176226050072934,0.6169576008565454,0.6176226050072934,0.6177888560449805,0.6177888560449805,0.6197838684972248,0.6259351568916446,0.6259351568916446,0.6329177004744997,0.6365752233036143,0.6482127959417058,0.6591853644290494,0.6641728955596601,0.6758104681977517,0.6758104681977517,0.6758104681977517,0.6832917648936678,0.6841230200821029,0.684621773195164,0.6901080574388359,0.691770567815706,0.6926018230041412,0.6984206093231871,0.7007481238508053,0.7070656632829122,0.712551947526584,0.7173732276195077,0.7193682400717519,0.7256857795038588,0.73399833138821,0.7383208583680727,0.7423108832725612,0.7433083894986834,0.7491271758177293,0.7589359870412636,0.7589359870412636,0.7589359870412636,0.7672485389256148,0.775561090809966,0.7772236011868364,0.7921861945786683,0.7921861945786683,0.8004987464630196,0.8088112983473708,0.817123850231722,0.8254364021160732,0.8420615058847756,0.8520365681459972,0.8586866096534779,0.8686616719146993,0.8836242653065315,0.8919368171908827,0.9085619209595851,0.9251870247282874,0.9334995766126386,0.9418121284969898,0.9434746388738602,0.9584372322656922,0.9667497841500434,0.9684122945269136,0.9750623360343945,0.9750623360343945,0.9833748879187457,0.9916874398030969,0.9916874398030969,0.9933499501799674,0.9933499501799674,0.9999999916874481,0.9999999916874481,0.9999999916874481,0.9999999916874481,0.9916874398030969,0.9916874398030969,0.9916874398030969,0.9916874398030969,0.9833748879187457,0.9833748879187457,0.976724846411265,0.9833748879187457,0.9750623360343945,0.9667497841500434,0.950124680381341,0.9251870247282874,0.9168744728439362,0.8919368171908827,0.8852867756834019,0.8669991615378291,0.8420615058847756,0.8337489540004244,0.8004987464630196,0.775561090809966,0.7509559372322865,0.7293433023329734,0.7025768852653625,0.6751454640470037,0.6382377336804845,0.614297584253553,0.57256857379411,0.5489609264425527,0.5112219408875982,0.4922693225912775,0.44571903203891083,0.43241894902394895,0.41845386185823896,0.39052368752681893,0.3604322497054677,0.33100581603486434,0.31005818528629936,0.293433081517597,0.279135492276513,0.2611803802063144,0.25187032209584104,0.2433915191738029,0.2410640046461845,0.23374895898795553,0.22892767889503174,0.22892767889503174,0.22493765399054322,0.20399002324197824,0.1905236891893293,0.1777223592874285,0.1625935148579093,0.15577722231274133,0.14812967457913825,0.1389858675063519,0.12718204383057322,0.11903574298390902,0.11055694006187082,0.10274314129058075,0.08595178648419133,0.07248545243154239,0.062676641208008,0.05735660800202321,0.053200332059847616,0.04987531130610714,0.045054031213183465,0.042560265647878105,0.04156275942175595,0.03990024904488571,0.03740648347958035,0.034912717914275,0.033250207537404756,0.03092269300978644,0.029093931595229165,0.027431421218358926,0.026600166029923808,0.02410640046461845,0.022443890087748213,0.020781379710877974,0.01911886933400774,0.0174563589571375,0.01512884442951918,0.013300083014961904,0.013300083014961904,0.012468827826526785,0.011637572638091665,0.011637572638091665,0.010806317449656547,0.010806317449656547,0.009975062261221428,0.009143807072786309,0.00867830416726264,0.008312551884351189,0.007697423044909206,0.006832917648936677,0.006650041507480952,0.006650041507480952,0.005985037356732871,0.0058187863190458326,0.0058187863190458326,0.004987531130610714,0.004987531130610714,0.004754779677848879,0.004172901045944294,0.0036907730366519263,0.003374896065046585,0.003325020753740476,0.003325020753740476,0.003374896065046585,0.0041562759421755946,0.004222776357250403,0.004222776357250403,0.004222776357250403,0.0041562759421755946,0.002493765565305357,0.001745635895713757,0.0012967580939587874,0.000831255188435119,4.987531130610903e-05,4.987531130610903e-05,0.00031587697160535323,0.0006151288394419956,0.000831255188435119,0.0007647547733603109,0.0006151288394419956,0.00031587697160535323,0.00031587697160535323,0.00031587697160535323,0.00024937655653053335,4.987531130610903e-05,0.0,0.0,0.0,4.987531130610903e-05,0.00031587697160535323,0.00031587697160535323,0.0003657522829114623,0.000831255188435119,0.000914380707278638,0.001662510376870238,0.0023607647351557405,0.002493765565305357,0.003325020753740476,0.0041562759421755946,0.004987531130610714,0.006417290054719117,0.006650041507480952,0.0074812966959160706,0.009143807072786309,0.009991687364990127,0.011803823675778704,0.012635078864213823,0.01429758924108406,0.017622609994824536,0.019950124522442856,0.02177888593700013,0.02410640046461845,0.026600166029923808,0.028262676406794047,0.03258520338665668,0.03591022414039716,0.03823773866801548,0.04073150423332083,0.042394014610191065,0.04571903536393154,0.04904405611767202,0.051537821682977374,0.053200332059847616,0.056525352813588094,0.05818786319045833,0.06068162875576369,0.06317539432106904,0.06899418064011488,0.07248545243154239,0.07913549393902332,0.08395677403194701,0.08661679063493939,0.09093931761480205,0.09393183629316844,0.09725685704690892,0.1007481288383364,0.10324189440364177,0.10806317449656547,0.11487946704173344,0.13067331562200069,0.1459684110892069,0.15710723061423748,0.16791354806389402,0.17971737173967275,0.1938487099430698,0.20881130333490192,0.22111388012374164,0.24123025568387152,0.2535328324727113,0.26600166029923805,0.27697422878658173,0.2892768055754214,0.3002493740627651,0.31421446122847496,0.3193682433967728,0.32518702971581864,0.3325020753740476,0.3459684094266966,0.3592684924416585,0.3665835380998875,0.3719035713058723,0.3775561065872311,0.3850374032831472,0.3916874447906281,0.3999999966749793,0.40565253195633805,0.41163756931307094,0.41845386185823896,0.4249376523280329,0.43142144279782674,0.4347464635515672,0.4405652498706131,0.4447215258127887,0.44655028722734597,0.44837904864190326,0.4513715673202696,0.45486283911169717,0.45985037024230785,0.46217788476992616,0.46633416071210176,0.4673316669382239,0.47132169184271244,0.4743142105210789,0.47381545740801784,0.47414795948339183,0.47381545740801784,0.4721529470311476,0.4721529470311476,0.4714879428803995,0.47414795948339183,0.4774729802371323,0.4812967541039339,0.4849542769330485,0.4871155404229797,0.48794679561141485,0.48960930598828506,0.4914380674028424,0.49210307155359045,0.49293432674202553,0.4945968371188958,0.5015793807017508,0.5055694056062394,0.5095594305107279,0.5180382334327662,0.5228595135256899,0.5320033205984761,0.5428096380481326,0.5436408932365678,0.5477971691787434,0.5537822065354763,0.5551122148369724,0.5587697376660871,0.5594347418168351,0.5579384824776519,0.5586034866284,0.5586034866284,0.5622610094575146,0.5670822895504382,0.5680797957765603,0.5695760551157436,0.5719035696433619,0.5760598455855375,0.5760598455855375,0.5760598455855375,0.5760598455855375,0.5760598455855375,0.5760598455855375
10128500,0.0,0.0,0.0,0.0,0.0,0.0,0.0010120481683843856,0.002168674646537957,0.0024096384961532894,0.0024096384961532894,0.0024096384961532894,0.0024096384961532894,0.0024096384961532894,0.0024096384961532894,0.0024096384961532894,0.0024096384961532894,0.0024096384961532894,0.0024096384961532894,0.0024096384961532894,0.0024096384961532894,0.0024096384961532894,0.0024096384961532894,0.0024096384961532894,0.0024096384961532894,0.0024096384961532894,0.0024096384961532894,0.0024096384961532894,0.002457831266076363,0.0027469878856147515,0.003228915584845416,0.003228915584845416,0.0027469878856147515,0.004385542062998987,0.0046265059126143196,0.0046265059126143196,0.0045783131426912465,0.0046265059126143196,0.004385542062998987,0.003614457744229934,0.0031807228149223427,0.0031807228149223427,0.002698795115691695,0.003132530044999269,0.0031807228149223427,0.003759036053999137,0.0046265059126143196,0.004819276992306579,0.004819276992306579,0.004819276992306579,0.004819276992306579,0.004819276992306579,0.004819276992306579,0.004819276992306579,0.005108433611844984,0.005638554080998706,0.006746987789229203,0.007228915488459868,0.007228915488459868,0.007807228727536662,0.009638553984613158,0.009638553984613158,0.01060240938307447,0.012048192480766447,0.012048192480766447,0.01228915633038178,0.014457830976919736,0.014457830976919736,0.016867469473073025,0.016867469473073025,0.018072288721149687,0.019277107969226315,0.020240963367687628,0.021686746465379606,0.021686746465379606,0.02197590308491801,0.022939758483379324,0.024096384961532893,0.02510843312991728,0.026506023457686184,0.02751807162607057,0.02891566195383947,0.03132530044999276,0.03228915584845408,0.03373493894614605,0.03614457744229934,0.03855421593845263,0.04096385443460592,0.04337349293075921,0.04819276992306579,0.05060240841921908,0.05301204691537237,0.05431325170329516,0.05783132390767894,0.060240962403832234,0.06293975751952394,0.06530120324575413,0.07065060070721446,0.07445782953113665,0.07710843187690526,0.07951807037305855,0.08433734736536513,0.0891566243576717,0.09431325073943979,0.1014457806880535,0.11084337082305132,0.12212047898504873,0.1349397557845842,0.14506023746842805,0.1566265022499638,0.17349397172303685,0.18313252570764998,0.19325300739149384,0.21204818766148947,0.23132529563071577,0.2554216805922487,0.26506023457686184,0.2771084270576283,0.28674698104224144,0.29397589653070133,0.30843372750762105,0.3204819199883875,0.33734938946146054,0.35421685893453353,0.3763855330991438,0.39999999036144607,0.419759026029903,0.44096384479605194,0.4727710729452754,0.49927709640296153,0.5257831198606479,0.5590361311075631,0.6028915517375532,0.6530120324575415,0.6746987789229211,0.7161445610567577,0.7426505845144439,0.766265041776746,0.8077108239105826,0.8385541966613447,0.8602409431267243,0.8877108219828718,0.9161445562374809,0.9412047965974749,0.9638553984613157,0.9783132294382355,0.9831325064305421,0.9879517834228486,0.9884337111220796,0.9942168435128472,0.9999999759036151,0.9908433496182326,0.9879517834228486,0.9831325064305421,0.9672288923559306,0.9277108210190164,0.9012047975613302,0.8602409431267246,0.8293975703759625,0.7836144389490499,0.735421669025984,0.6992770915836847,0.6462650446683124,0.6028915517375532,0.5566264926114098,0.5253011921614171,0.48433733772681115,0.4559036034722023,0.42409637532297895,0.39614456876760085,0.3783132438960664,0.35228914813761086,0.32578312467992476,0.30409637821454516,0.28963854723762544,0.27951806555378156,0.2674698730730151,0.25783131908840196,0.25060240359994207,0.23855421111917566,0.23373493412686908,0.2289156571345625,0.2240963801422559,0.21927710314994933,0.21253011536072017,0.20963854916533617,0.20963854916533617,0.2072289106691829,0.202891561376107,0.19999999518072303,0.19759035668456973,0.19518071818841645,0.19277107969226315,0.19036144119610987,0.18795180269995657,0.18795180269995657,0.18602409190303398,0.1855421642038033,0.18313252570764998,0.18313252570764998,0.1807228872114967,0.1783132487153434,0.17590361021919013,0.17397589942226754,0.17349397172303685,0.16867469473073027,0.16626505623457696,0.16144577924227038,0.1590361407461171,0.1566265022499638,0.1566265022499638,0.15421686375381052,0.15180722525765722,0.14939758676150394,0.14457830976919736,0.14216867127304408,0.13975903277689078,0.13638553888227617,0.13228915343881562,0.12771084029612434,0.12289156330381776,0.12173493682566416,0.11807228631151118,0.11566264781535789,0.1132530093192046,0.11204819007112796,0.1074698769284367,0.10361445533459145,0.10120481683843816,0.09879517834228486,0.09638553984613157,0.09397590134997828,0.09180722670344031,0.08992770867644077,0.08698794971113373,0.08433734736536513,0.08192770886921184,0.07951807037305855,0.07787951619567433,0.07710843187690526,0.07527710661982878,0.07469879338075197,0.06968674530875317,0.06515662493598497,0.06269879366990858,0.060240962403832234,0.05884337207606337,0.05628915527014084,0.05330120353491074,0.05233734813644944,0.05065060118914215,0.05060240841921908,0.04819276992306579,0.045783131426912496,0.04337349293075921,0.0424096375322979,0.04096385443460592,0.04077108335491366,0.03855421593845263,0.03614457744229934,0.03614457744229934,0.034939758194222695,0.03373493894614605,0.03373493894614605,0.03132530044999276,0.03132530044999276,0.030120481201916117,0.02891566195383947,0.028192770404993493,0.026843372847147644,0.026506023457686184,0.026506023457686184,0.026024095758455518,0.025060240359994206,0.024626505430686615,0.024096384961532893,0.024096384961532893,0.024096384961532893,0.024096384961532893,0.02342168618260997,0.02342168618260997,0.023373493412686915,0.023373493412686915,0.023373493412686915,0.023373493412686915,0.023710842802148375,0.024096384961532893,0.024096384961532893,0.024096384961532893,0.024096384961532893,0.024096384961532893,0.024096384961532893,0.024096384961532893,0.024096384961532893,0.024096384961532893,0.024096384961532893,0.024096384961532893,0.024096384961532893,0.024096384961532893,0.024096384961532893,0.024096384961532893,0.024096384961532893,0.024096384961532893,0.024096384961532893,0.024096384961532893,0.024096384961532893,0.024096384961532893,0.024096384961532893,0.024096384961532893,0.024096384961532893,0.024096384961532893,0.024096384961532893,0.024096384961532893,0.024096384961532893,0.02279518017361014,0.02178313200522575,0.021686746465379606,0.021493975385687345,0.02072289106691829,0.019277107969226315,0.019277107969226315,0.018554216420380337,0.016867469473073025,0.016867469473073025,0.015759035764842527,0.014457830976919736,0.014457830976919736,0.014457830976919736,0.014457830976919736,0.013060240649150833,0.012048192480766447,0.012048192480766447,0.011855421401074187,0.010120481683843822,0.009638553984613158,0.009638553984613158,0.007759035957613589,0.007228915488459868,0.007228915488459868,0.007228915488459868,0.007228915488459868,0.006313252859921629,0.005831325160690964,0.004819276992306579,0.004819276992306579,0.004819276992306579,0.004819276992306579,0.0040481926735375425,0.0024096384961532894,0.0024096384961532894,0.0024096384961532894,0.0024096384961532894,0.0024096384961532894,0.0024096384961532894,0.0024096384961532894,0.0024096384961532894,0.0022168674164610306,0.001975903566845698,0.0022168674164610306,0.001975903566845698,0.0013493975578458474,0.0008192770886921267,0.0008192770886921267,9.638553984614665e-05,0.0005301204691537209,0.0005301204691537209,0.00048192769923066474
10130500,0.0,0.0,0.0,0.0,0.0,0.0,0.0,0.0,0.0,0.0,0.0,0.0,0.0,0.0,0.0,0.0,0.0,0.0,0.0,0.0,0.0,0.0,0.005035970860721541,0.007194244086745029,0.007194244086745029,0.007194244086745029,0.007194244086745029,0.007338128968479953,0.008057553377154466,0.008920862667563902,0.008920862667563902,0.010359711484912878,0.014388488173490059,0.014388488173490059,0.014388488173490059,0.014388488173490059,0.014388488173490059,0.014388488173490059,0.014388488173490059,0.014388488173490059,0.014388488173490059,0.014388488173490059,0.014388488173490059,0.014388488173490059,0.014388488173490059,0.017410070689922983,0.021582732260235087,0.021582732260235087,0.02446042989493309,0.028776976346980117,0.028776976346980117,0.028776976346980117,0.028776976346980117,0.03597122043372515,0.03597122043372515,0.03597122043372515,0.03755395413280905,0.039712227358832584,0.043165464520470175,0.043165464520470175,0.043165464520470175,0.0433093494022051,0.0446043133378192,0.04474819821955407,0.04834532026292659,0.050359708607215205,0.050359708607215205,0.0519424423062991,0.055107909704466905,0.057553952693960235,0.057553952693960235,0.057553952693960235,0.05769783757569516,0.05827337710263475,0.05827337710263475,0.05971222591998372,0.06258992355468178,0.06273380843641665,0.06345323284509116,0.06474819678070527,0.06474819678070527,0.06474819678070527,0.06647481536152408,0.0684892037058127,0.07079136181357111,0.0742445989752087,0.07856114542725573,0.08287769187930276,0.08633092904094035,0.08992805108431287,0.09294963360074579,0.09568344635370887,0.10071941721443041,0.10086330209616534,0.10330934508565867,0.10676258224729626,0.10877697059158488,0.11050358917240376,0.11510790538792047,0.11510790538792047,0.10805754618291037,0.10676258224729626,0.10676258224729626,0.10791366130117544,0.10992804964546417,0.11755394837741381,0.11755394837741381,0.1155395600331252,0.1155395600331252,0.11510790538792047,0.11510790538792047,0.11510790538792047,0.1155395600331252,0.11755394837741381,0.12172660994772591,0.1223021494746655,0.1223021494746655,0.12316545876507494,0.12949639356141054,0.1371222922933603,0.1438848817349006,0.15107912582164562,0.15165466534858527,0.15611509668236717,0.1585611396718605,0.16057552801614905,0.16546761399513568,0.17985610216862574,0.1942445903421158,0.21597120748408577,0.22719422825940813,0.23741005486258598,0.2529496220899553,0.2661870312095661,0.2814388286734656,0.2949640075565462,0.3223021350861773,0.328633069882513,0.3453237161637614,0.3608632833911308,0.37784169943584894,0.39309349689974843,0.406762560664564,0.4172661570312117,0.43899277417318167,0.4690647144557761,0.5237409695150388,0.5913668639304416,0.6258992355468176,0.6474819678070527,0.6834531882407778,0.7223021063092012,0.7496402338388322,0.7856114542725573,0.8215826747062825,0.8848920226696386,0.9136689990166188,0.9280574871901088,0.9424459753635989,0.9496402194503439,0.9568344635370889,0.9568344635370889,0.964028707623834,0.964028707623834,0.971222951710579,0.971222951710579,0.978417195797324,0.978417195797324,0.9856114398840691,0.9856114398840691,0.992805683970814,0.992805683970814,0.992805683970814,0.992805683970814,0.9999999280575591,0.9999999280575591,0.9999999280575591,0.9999999280575591,0.9999999280575591,0.9999999280575591,0.9999999280575591,0.9999999280575591,0.992805683970814,0.992805683970814,0.992805683970814,0.992805683970814,0.9856114398840691,0.9856114398840691,0.9798560446146731,0.978417195797324,0.978417195797324,0.978417195797324,0.971222951710579,0.971222951710579,0.971222951710579,0.9654675564411831,0.964028707623834,0.958273312354438,0.9568344635370889,0.9568344635370889,0.9568344635370889,0.9568344635370889,0.9568344635370889,0.9568344635370889,0.9568344635370889,0.9568344635370889,0.9496402194503439,0.9496402194503439,0.9496402194503439,0.9496402194503439,0.9496402194503439,0.9496402194503439,0.9496402194503439,0.9496402194503439,0.9496402194503439,0.9496402194503439,0.9496402194503439,0.9496402194503439,0.9496402194503439,0.9496402194503439,0.9424459753635989,0.9424459753635989,0.9424459753635989,0.9424459753635989,0.9366905800942029,0.9366905800942029,0.9352517312768538,0.9352517312768538,0.9352517312768538,0.9352517312768538,0.9352517312768538,0.9352517312768538,0.9280574871901088,0.9280574871901088,0.9208632431033638,0.9208632431033638,0.9208632431033638,0.9151078478339679,0.9136689990166188,0.9064747549298737,0.9064747549298737,0.8992805108431287,0.8992805108431287,0.8920862667563837,0.8920862667563837,0.8920862667563837,0.8920862667563837,0.8848920226696386,0.8791366274002428,0.8776977785828937,0.8776977785828937,0.8776977785828937,0.8776977785828937,0.8705035344961486,0.8705035344961486,0.8633092904094035,0.8561150463226586,0.8561150463226586,0.8489208022359135,0.8417265581491684,0.8345323140624235,0.8273380699756784,0.7999999424460474,0.7640287220123223,0.713669013405107,0.6906474323275228,0.6618704559805427,0.6417265725376567,0.6258992355468176,0.6115107473733276,0.5985611080171865,0.5841726198436965,0.5568344923140656,0.5251798183323871,0.4834532026292661,0.4676258656384269,0.45323737746493686,0.44057550787226557,0.42503594064489636,0.4031654386211915,0.3884891806842316,0.3716546495212483,0.3528057300139763,0.3428776731742682,0.33467623491537873,0.3224460199679123,0.31050357478391544,0.18374099397546825,0.1250359622276287,0.09568344635370897,0.09079136037472231,0.08489208022359133,0.08273380699756784,0.07712229660990672,0.07625898731949732,0.07266186527612481,0.0719424408674503,0.06834531882407778,0.06690647000672875,0.06489208166244019,0.06417265725376567,0.06258992355468178,0.05971222591998372,0.05827337710263475,0.05582733411314147,0.05539567946793675,0.05395683065058772,0.05395683065058772,0.05266186671497362,0.051223017897624644,0.0490647446716011,0.04834532026292659,0.046330931918638026,0.04604316215516818,0.04604316215516818,0.04604316215516818,0.043165464520470175,0.043165464520470175,0.043165464520470175,0.043165464520470175,0.043165464520470175,0.043165464520470175,0.043165464520470175,0.043165464520470175,0.043165464520470175,0.043165464520470175,0.043165464520470175,0.043165464520470175,0.04100719129444669,0.03956834247709766,0.03812949365974864,0.03812949365974864,0.03597122043372515,0.03597122043372515,0.033525177444231814,0.032517983272087554,0.028776976346980117,0.028776976346980117,0.028776976346980117,0.028776976346980117,0.028776976346980117,0.028776976346980117,0.028776976346980117,0.028776976346980117,0.028776976346980117,0.028057551938305603,0.026762588002691552,0.02661870312095663,0.0238848903679935,0.022446041550644526,0.0223021566689096,0.021726617141970012,0.021582732260235087,0.021582732260235087,0.020863307851560577,0.020863307851560577,0.018705034625537086,0.017410070689922983,0.016546761399513547,0.015827336990839085,0.014676257936959905,0.014388488173490059,0.014388488173490059,0.014388488173490059,0.014388488173490059,0.014388488173490059
10131000,0.06716635756023133,0.06794713474779576,0.06794713474779576,0.06794713474779576,0.06794713474779576,0.06794713474779576,0.06794713474779576,0.06794713474779576,0.06794713474779576,0.06794713474779576,0.06794713474779576,0.06814232904468687,0.06814232904468687,0.06892310623225131,0.06892310623225131,0.06989907771670686,0.07087504920116243,0.071851020685618,0.07204621498250911,0.07282699217007355,0.07282699217007355,0.07282699217007355,0.07282699217007355,0.07282699217007355,0.07282699217007355,0.07282699217007355,0.07282699217007355,0.07282699217007355,0.07282699217007355,0.07282699217007355,0.07282699217007355,0.07282699217007355,0.07282699217007355,0.07282699217007355,0.07282699217007355,0.07282699217007355,0.0738029636545291,0.07477893513898465,0.07673087810789576,0.07868282107680687,0.080634764045718,0.08161073553017355,0.0825867070146291,0.0825867070146291,0.0825867070146291,0.0825867070146291,0.0825867070146291,0.08278190131152025,0.08473384428043135,0.09234642185918465,0.09234642185918465,0.09234642185918465,0.09234642185918465,0.09722627928146244,0.10210613670374022,0.10210613670374022,0.10210613670374022,0.10620521693845357,0.11088988006384021,0.11186585154829577,0.11381779451720687,0.12064959490839576,0.12162556639285133,0.12474867514310911,0.1313852812374069,0.13236125272186247,0.13938824740994246,0.14114499608196246,0.14622004780113138,0.150904710926518,0.15597976264568694,0.16066442577107357,0.16359234022444025,0.16691064327158917,0.17042414061562913,0.17627996952236247,0.18018385546018467,0.18818682163272024,0.18994357030474024,0.1977513421803847,0.1997032851492958,0.20575430835292025,0.20946299999385135,0.2135620802285647,0.21961310343218918,0.22820165249539806,0.23386228710524026,0.23893733882440918,0.24850185937207359,0.25162496812233137,0.25826157421662915,0.26509337460781807,0.27133959210833364,0.2809041126559981,0.2916397989850092,0.29827640507930697,0.30706014843940693,0.3168198632839625,0.32657957812851807,0.3375104587544203,0.3494173108647781,0.3656184375067403,0.375573346648187,0.394897582040407,0.419492063448687,0.44369615626318476,0.4696569977497025,0.49327550767352707,0.5120141601750736,0.5362182529895714,0.5510530195532959,0.5610079286947426,0.5824793013527648,0.6100016972144116,0.6291307383097403,0.6486501679988514,0.6785148954231914,0.7072084570661847,0.7267278867552959,0.7437097905848227,0.7560070312889625,0.7755264609780737,0.7973882222298783,0.8292048926231292,0.8578984542661225,0.8694149177826982,0.8862016273153337,0.8932286220034137,0.9121624688018515,0.9219221836464071,0.9414416133355181,0.9609610430246293,0.9707207578691849,0.9824324156826517,0.990240187558296,0.990240187558296,0.9999999024028515,0.9999999024028515,0.990240187558296,0.9726727008380961,0.9707207578691849,0.9433935563044294,0.9219221836464071,0.9043546969262072,0.8877631816904626,0.8637542831728561,0.8358414987174274,0.8001209423863538,0.776112043868747,0.746247316444407,0.7247759437863849,0.6912025247211138,0.658409882843407,0.6291307383097403,0.5949717363537961,0.5697916720548427,0.5299720354890559,0.48898123314192254,0.45931170001447374,0.42495750376163816,0.40465729688496255,0.3878705873523271,0.3656184375067403,0.3468797850051937,0.33633929297307363,0.30725534273629806,0.29730043359485137,0.26860687195185806,0.2533817167943514,0.23874214452751805,0.2192227148384069,0.1997032851492958,0.18018385546018467,0.16066442577107357,0.150904710926518,0.14114499608196246,0.1313852812374069,0.11440337740788027,0.10210613670374022,0.09234642185918465,0.07321738076385581,0.06911830052914242,0.06306727732551798,0.053307562480962425,0.05252678529339799,0.04491420771464468,0.043547847636406865,0.033788132791851305,0.033788132791851305,0.032812161307395754,0.027932303885117974,0.02402841794729575,0.022076474978384643,0.02012453200947352,0.018289705618697086,0.01641584036854242,0.013331770477662855,0.011770216102533981,0.010364817164917963,0.010364817164917963,0.009408365110151527,0.007436902711551305,0.005484959742640183,0.00435283282067175,0.004704182555075755,0.004704182555075755,0.00435283282067175,0.0030840698908795204,0.0030840698908795204,0.0030840698908795204,0.0030840698908795204,0.0021471372658021944,0.001581073804817965,0.0015029960860615291,0.0,0.001581073804817965,0.001581073804817965,0.0016786709532635273,0.0025570452892735174,0.004313793961293524,0.004860337992588627,0.005484959742640183,0.006363334078650182,0.006460931227095736,0.007436902711551305,0.008412874196006857,0.008412874196006857,0.008842301649167307,0.009466923399218863,0.009857311993001078,0.009779234274244625,0.010716166899321975,0.010716166899321975,0.01153598294626464,0.01153598294626464,0.012316760133829084,0.01237531842289642,0.012609551579165745,0.013292731618284637,0.013409848196419308,0.014620052837144185,0.014971402571548182,0.015244674587195741,0.015420349454397766,0.016220646071651294,0.017196617556106863,0.017977394743671344,0.01926567710315264,0.019499910259421965,0.020612517751701306,0.020866270337659747,0.021978877829939073,0.021978877829939073,0.022076474978384643,0.02256446072061241,0.022740135587814417,0.023559951634757097,0.02402841794729575,0.02402841794729575,0.0250043894317513,0.027932303885117974,0.02890827536957353,0.02988424685402908,0.033788132791851305,0.033788132791851305,0.033788132791851305,0.033788132791851305,0.03671604724521798,0.03769201872967353,0.043547847636406865,0.043547847636406865,0.043547847636406865,0.044523819120862416,0.046670956386664665,0.04842770505868464,0.053307562480962425,0.05350275677785353,0.057406642715675776,0.06306727732551798,0.06306727732551798,0.06794713474779576,0.07204621498250911,0.07282699217007355,0.07282699217007355,0.0738029636545291,0.07575490662344021,0.07770684959235132,0.0825867070146291,0.0825867070146291,0.0825867070146291,0.0825867070146291,0.0825867070146291,0.0825867070146291,0.0845386499835402,0.08668578724934245,0.08844253592136245,0.09058967318716465,0.09234642185918465,0.09234642185918465,0.09234642185918465,0.09234642185918465,0.09234642185918465,0.09234642185918465,0.09234642185918465,0.09234642185918465,0.09234642185918465,0.09234642185918465,0.09234642185918465,0.09332239334364023,0.09332239334364023,0.09234642185918465,0.09234642185918465,0.09234642185918465,0.09234642185918465,0.09234642185918465,0.09234642185918465,0.09137045037472909,0.09039447889027355,0.08961370170270913,0.08766175873379801,0.08668578724934245,0.08473384428043135,0.08356267849908466,0.0825867070146291,0.0825867070146291,0.0825867070146291,0.0825867070146291,0.08161073553017355,0.080634764045718,0.07965879256126242,0.07868282107680687,0.07868282107680687,0.07673087810789576,0.07595010092033135,0.0738029636545291,0.07282699217007355,0.07282699217007355,0.07282699217007355,0.07282699217007355,0.07282699217007355,0.07282699217007355,0.07204621498250911,0.07107024349805356,0.07087504920116243,0.07087504920116243,0.07087504920116243,0.07087504920116243,0.07009427201359801,0.06989907771670686,0.06989907771670686,0.06989907771670686,0.06892310623225131,0.06892310623225131,0.06794713474779576,0.06794713474779576,0.06794713474779576,0.06794713474779576,0.06794713474779576,0.06794713474779576,0.06794713474779576,0.06794713474779576,0.06794713474779576,0.06794713474779576,0.06794713474779576,0.06794713474779576,0.06892310623225131
10134500,0.0,0.0,0.0,0.0,0.0,0.0,0.0,0.0,0.0,0.0,0.0,0.0,0.0,0.0,0.0,0.0,0.0,0.0,0.0,0.00012233910908500975,0.00012233910908500975,0.00012233910908500975,0.0002446782181700195,0.0004893564363400498,0.0006361633672420594,0.0012233910908501192,0.0013457301999351288,0.0016393440617391804,0.0024467821817002492,0.0024467821817002492,0.0024467821817002492,0.002569121290785259,0.002715928221687268,0.003278688123478339,0.0036701732725503682,0.004183997530707418,0.004893564363400487,0.005113774759753529,0.0061169554542506175,0.0073403465451007364,0.0073403465451007364,0.0073403465451007364,0.0073403465451007364,0.0073403465451007364,0.0073403465451007364,0.0073403465451007364,0.0073403465451007364,0.0073403465451007364,0.0073403465451007364,0.0073403465451007364,0.0073403465451007364,0.0073403465451007364,0.008049913377793818,0.009077561894107926,0.009175433181375927,0.009175433181375927,0.009787128726800987,0.009787128726800987,0.009787128726800987,0.011034987639468115,0.011132858926736126,0.011132858926736126,0.011132858926736126,0.011132858926736126,0.011132858926736126,0.011132858926736126,0.012233910908501235,0.013457301999351355,0.013506237642985364,0.014680693090201483,0.015904084181051603,0.015904084181051603,0.015904084181051603,0.015904084181051603,0.017127475271901723,0.018350866362751853,0.018350866362751853,0.018350866362751853,0.018350866362751853,0.018350866362751853,0.018350866362751853,0.018350866362751853,0.01859554458092187,0.01932957923543195,0.019941274780857013,0.019941274780857013,0.019941274780857013,0.019941274780857013,0.020357227751746063,0.0207976485444521,0.0207976485444521,0.02094445547535412,0.02121360151534114,0.021458279733511172,0.02170295795168119,0.02202103963530222,0.02202103963530222,0.02324443072615234,0.02324443072615234,0.023489108944322393,0.02446782181700247,0.02446782181700247,0.02446782181700247,0.02446782181700247,0.02446782181700247,0.02446782181700247,0.02446782181700247,0.02576461637330361,0.027893316871382818,0.02804012380228483,0.028137995089552836,0.028137995089552836,0.028137995089552836,0.028137995089552836,0.028137995089552836,0.028137995089552836,0.028137995089552836,0.028137995089552836,0.028137995089552836,0.028137995089552836,0.029141175784049938,0.02923904707131795,0.02923904707131795,0.02926351489313495,0.030095420834913036,0.03185710400573721,0.03303155945295334,0.03303155945295334,0.033153898562038354,0.036383651041882695,0.03780278470726881,0.03792512381635382,0.03878149757994891,0.03878149757994891,0.04149742580163619,0.04308783421974136,0.048103737692226874,0.04820160897949487,0.04822607680131188,0.04881330452491992,0.04881330452491992,0.051382425815705186,0.0514558292811562,0.0574993812699558,0.0605333911752641,0.06454611395325252,0.06483972781505654,0.06483972781505654,0.06753118821492685,0.07585024763270766,0.07707363872355778,0.08000977734159812,0.08979690606839912,0.12600928235756273,0.1504771041745652,0.17274282202803745,0.2850501241680788,0.3097626242032513,0.34328354009254475,0.34621967871058495,0.39515532234458983,0.4196231441615923,0.4455590352876151,0.4807926987040985,0.5138242581570519,0.5674087879362874,0.5913872533169497,0.6031318077891108,0.6266209167334332,0.6562269811320063,0.6887691841486195,0.713237005965622,0.7377048277826245,0.7511621297819757,0.7707363872355778,0.7744065605081282,0.7793001248715287,0.7912893575618599,0.8071934417429115,0.8233422041421331,0.8355761150506343,0.8478100259591356,0.852214233886196,0.8600439368676368,0.8600439368676368,0.8600439368676368,0.8600439368676368,0.862490719049337,0.8703204220307779,0.872277847776138,0.872277847776138,0.8783948032303888,0.8845117586846393,0.8889159666116997,0.8933201745387601,0.900660521083861,0.9089795805016417,0.9143625013013824,0.9459259914453154,0.9701491350441479,0.980425620207289,0.9848298281343494,0.9862978974433696,0.9887446796250697,0.9933935657703004,0.9946169568611504,0.9946169568611504,0.9946169568611504,0.999510521224551,0.9999998776608908,0.9999998776608908,0.9955956697338306,0.9946169568611504,0.9946169568611504,0.9946169568611504,0.9946169568611504,0.9936382439884703,0.9924148528976202,0.99119146180677,0.9924148528976202,0.9924148528976202,0.9924148528976202,0.98996807071592,0.9872766103160497,0.9860532192251995,0.9850745063525194,0.9850745063525194,0.9850745063525194,0.9823830459526491,0.961585397408197,0.9603620063173469,0.9579152241356467,0.9456813132271454,0.9456813132271454,0.9358941845003445,0.9236602735918432,0.9190113874466128,0.9070221547562816,0.8600439368676368,0.8235868823603031,0.7988743823251306,0.7988743823251306,0.7873745060711395,0.7670662139630274,0.7377048277826245,0.713237005965622,0.7010030950571208,0.6765352732401183,0.6293123771333037,0.5911425750987797,0.5749938126995581,0.5541961641551059,0.5541961641551059,0.5192071789567926,0.49302660961259975,0.4541227729235658,0.43185705507009353,0.4117934411801517,0.4000488867079903,0.3905064361993595,0.3706875005275874,0.34621967871058495,0.3339857678020837,0.33202834205672355,0.3217518568935825,0.30951794598508126,0.29728403507658,0.2789331687138282,0.2483483914425751,0.20968923297171121,0.17641299530058788,0.15072178239273526,0.1309028467209632,0.1137753714490615,0.09297772290460939,0.0809884902142782,0.07707363872355778,0.06973329217845704,0.05896745057897595,0.04942500007034499,0.03914851490720395,0.03425495054380345,0.031808168362103206,0.030584777271253086,0.02850501241680788,0.027893316871382818,0.02368485151885839,0.019941274780857013,0.019843403493589012,0.01859554458092187,0.018350866362751853,0.018350866362751853,0.018350866362751853,0.016075358933770635,0.015904084181051603,0.015904084181051603,0.015659405962881585,0.014460482693848453,0.013457301999351355,0.011010519817651105,0.009787128726800987,0.009787128726800987,0.009175433181375927,0.008955222785022907,0.0073403465451007364,0.0073403465451007364,0.0073403465451007364,0.0073403465451007364,0.006655247534224667,0.005627599017910579,0.0036701732725503682,0.002569121290785259,0.0019574257453601994,0.0007340346545100694,0.0004893564363400498,0.0004893564363400498,0.0004893564363400498,2.4467821816999775e-05,0.0,0.0,0.0,0.0,0.0,0.0,0.0,0.0,0.0,0.0,0.0,0.0,0.0,0.0,0.0,0.0,0.0,0.0,0.0,0.0,0.0,0.0,0.0,0.0,0.0,0.0,0.0,0.0,0.0,0.0,0.0,0.0,0.0,0.0,0.0,0.0,0.0,0.0,0.0,0.0,0.0,0.0,0.0,0.0,0.0,0.0,0.0,0.0
10136500,7.117437469131452e-05,0.0,0.0,0.0,0.0,0.0,0.0,0.0,0.0,0.0,0.0,0.00035587187345652207,0.0014946618685173774,0.0022064056154304217,0.003202846861108648,0.0035587187345651698,0.005053380603082547,0.0057651243499955915,0.006832739970365132,0.0071174374691303395,0.009323843084560761,0.010391458704930303,0.010747330578386824,0.01252668994566941,0.014234874938260679,0.014234874938260679,0.014946618685173723,0.017081849925912804,0.01800711679689977,0.021067614908625812,0.021850533030230147,0.02491103114195619,0.026405693010473567,0.028469749876521358,0.02882562174997788,0.032028468611086526,0.033807827978369114,0.03523131547219518,0.0355871873456517,0.0355871873456517,0.0374377210876256,0.03921708045490818,0.04135231169564729,0.04270462481478204,0.04277579918947335,0.04569394855181679,0.04704626167095154,0.04982206228391238,0.05352312976786018,0.05800711537341226,0.06149465973328614,0.06654804033636869,0.0708185028178469,0.07416369842833816,0.07843416090981636,0.08441280838388583,0.0886832708653641,0.09672597520548135,0.10320284330238992,0.11387899950608543,0.12099643697521578,0.12889679256595046,0.13708184565545037,0.14590746811717198,0.16284696929370218,0.17081849925912815,0.18149465546282367,0.188612092931954,0.19288255541343227,0.2028469678702147,0.20996440533934502,0.2135231240739102,0.21708184280847537,0.22419928027760572,0.23202846149364914,0.2391458989627795,0.249822055166475,0.2597864676232574,0.27402134256151806,0.2811387800306484,0.2854092425121267,0.2960853987158222,0.3096085299071698,0.3209964298577784,0.32740212357999565,0.3430604860120825,0.3665480296602125,0.3886120858145166,0.3992882420182121,0.4113878857157338,0.4412811230860811,0.45907471675890693,0.4740213354440806,0.4875444666354283,0.4946619041045586,0.5096085227897323,0.52313165398108,0.5302490914502103,0.5409252476539058,0.5622775600612968,0.5850533599625141,0.6021352098884267,0.629893216018035,0.6555159909069043,0.6797152783019474,0.6975088719747733,0.7138789781537732,0.7366547780549901,0.7651245279315115,0.7829181216043374,0.790747302820381,0.812099615227772,0.8298932089005978,0.8434163400919452,0.8505337775610756,0.8690391149808147,0.879003527437597,0.8825622461721622,0.8932384023758576,0.8967971211104229,0.9046263023264663,0.918861177264727,0.9323843084560746,0.9330960522029877,0.9359430271906397,0.9359430271906397,0.9323843084560746,0.9323843084560746,0.9359430271906397,0.9359430271906397,0.9359430271906397,0.9359430271906397,0.9359430271906397,0.9359430271906397,0.9359430271906397,0.9359430271906397,0.9359430271906397,0.9295373334684225,0.9288255897215093,0.9295373334684225,0.9295373334684225,0.9288255897215093,0.9288255897215093,0.9288255897215093,0.9323843084560746,0.9359430271906397,0.9395017459252049,0.94306046465977,0.9437722084066832,0.9501779021289004,0.9537366208634656,0.9544483646103787,0.9537366208634656,0.9501779021289004,0.9501779021289004,0.9537366208634656,0.9508896458758136,0.9537366208634656,0.9544483646103787,0.9544483646103787,0.9544483646103787,0.9572953395980307,0.9572953395980307,0.9572953395980307,0.9572953395980307,0.9572953395980307,0.9580070833449439,0.9679714958017263,0.9686832395486394,0.9715302145362914,0.9750889332708566,0.9750889332708566,0.9750889332708566,0.9750889332708566,0.9758006770177697,0.9786476520054217,0.9786476520054217,0.9786476520054217,0.9786476520054217,0.9786476520054217,0.9829181144869001,0.9793593957523348,0.9857650894745521,0.9864768332214653,0.9893238082091173,0.9893238082091173,0.9893238082091173,0.9928825269436824,0.9928825269436824,0.9928825269436824,0.9928825269436824,0.9964412456782475,0.9971529894251607,0.9964412456782475,0.9964412456782475,0.9935942706905954,0.9935942706905954,0.9935942706905954,0.9935942706905954,0.9999999644128127,0.9999999644128127,0.9999999644128127,0.9999999644128127,0.9999999644128127,0.9999999644128127,0.9999999644128127,0.9999999644128127,0.9999999644128127,0.9928825269436824,0.9893238082091173,0.9864768332214653,0.9822063707399868,0.9793593957523348,0.9758006770177697,0.9715302145362914,0.9686832395486394,0.9679714958017263,0.9679714958017263,0.961565802079509,0.9572953395980307,0.9537366208634656,0.9473309271412484,0.9466191833943352,0.9395017459252049,0.9359430271906397,0.9259786147338573,0.921708152252379,0.9117437397955966,0.9074732773141183,0.9039145585795532,0.8939501461227708,0.8861209649067273,0.8825622461721622,0.8754448087030318,0.8654803962462495,0.8540924962956408,0.8469750588265105,0.8398576213573801,0.8327401838882498,0.8291814651536846,0.8185053089499891,0.8149465902154239,0.8078291527462935,0.790747302820381,0.7765124278821203,0.7686832466660767,0.754448371727816,0.7437722155241205,0.7366547780549901,0.7302490843327728,0.7259786218512947,0.7160142093945121,0.7081850281784688,0.6939501532402081,0.6804270220488604,0.6725978408328172,0.6626334283760346,0.6483985534377739,0.6227757785489048,0.6049821848760789,0.5978647474069485,0.5907473099378182,0.5765124349995575,0.5622775600612968,0.5516014038576014,0.5380782726662536,0.5266903727156451,0.5124554977773844,0.4982206228391238,0.48398574790086313,0.4733095916971676,0.4626334354934721,0.4412811230860811,0.42348752941325524,0.4021352170058642,0.36298931092564735,0.31743771112321323,0.27758006129608326,0.2455515926849967,0.21708184280847537,0.19288255541343227,0.18149465546282367,0.1674733036486369,0.157651239941237,0.1423487493826068,0.12996440818632,0.12028469322830274,0.11530248699991152,0.11032028077152027,0.10320284330238992,0.09729537020301175,0.09288255897215092,0.08704626024746409,0.08206405401907282,0.07829181216043374,0.07409252405364686,0.0711743746913034,0.06412811159686435,0.062419926604273104,0.060569392862299176,0.057437720375881844,0.05338078101847755,0.05167259602588625,0.0478291797925559,0.04626334354934721,0.04455515855675594,0.04056939357404293,0.03914590608021687,0.03814946483453862,0.03736654671293428,0.03665480296602124,0.0355871873456517,0.0355871873456517,0.0332384329808387,0.032028468611086526,0.032028468611086526,0.03131672486417349,0.03032028361849526,0.028612098625903987,0.028469749876521358,0.02811387800306484,0.027046262382695297,0.02633451863578225,0.025338077390104026,0.02491103114195619,0.02491103114195619,0.02491103114195619,0.023558718022821442,0.02320284614936492,0.022135230528995353,0.021779358655538855,0.02170818428084754,0.02135231240739102,0.02135231240739102,0.019644127414799747,0.018861209293195392,0.01814946554628237,0.01814946554628237,0.01779359367282585,0.01750889617406064,0.01715302430060412,0.017081849925912804,0.016156583054925892,0.015658362432086743,0.015373664933321535,0.014661921186408517,0.013950177439495472,0.012597864320360724,0.012099643697521572,0.011814946198756365,0.01174377182406505,0.010747330578386824,0.010391458704930303,0.01003558683147378,0.007829181216043384,0.007188611843821654,0.0071174374691303395,0.006049821848760799,0.005693949975304277,0.005693949975304277,0.005338078101847755,0.005053380603082547,0.004341636856169504,0.003914590608021692,0.003914590608021692,0.004270462481478214
10137500,0.024882184271236205,0.026955699627172577,0.026955699627172577,0.029217716379103087,0.029217716379103087,0.029217716379103087,0.029217716379103087,0.029217716379103087,0.029217716379103087,0.029217716379103087,0.029217716379103087,0.029217716379103087,0.03336474709097583,0.03506125965492371,0.03581526523890055,0.03506125965492371,0.03600376663489476,0.03864278617881376,0.03864278617881376,0.03864278617881376,0.03864278617881376,0.03864278617881376,0.03864278617881376,0.03864278617881376,0.03864278617881376,0.03864278617881376,0.03864278617881376,0.041470307118726964,0.043355321078669094,0.044486329454634384,0.0461828420185823,0.04806785597852443,0.04806785597852443,0.04806785597852443,0.04901036295849551,0.05108387831443185,0.05278039087837976,0.05466540483832189,0.05579641321428718,0.056550418798264016,0.057492925778235095,0.057492925778235095,0.057492925778235095,0.057492925778235095,0.057492925778235095,0.058435432758206174,0.06239396207408467,0.06503298161800361,0.06691799557794577,0.07276153885376642,0.07634306537765644,0.07653156677365068,0.08105560027751177,0.0857681351773671,0.08765314913730926,0.09519320497707777,0.10461827477678845,0.10461827477678845,0.10744579571670161,0.11404334457649912,0.11404334457649912,0.11404334457649912,0.11988688785231977,0.12346841437620978,0.12761544508808254,0.13383599115589154,0.13949103303571794,0.14231855397563112,0.15004711121139389,0.15287463215130712,0.16116869357505245,0.16908575220680946,0.17926482759049697,0.18944390297418448,0.19736096160594147,0.20829404257360581,0.21771911237331648,0.23656925197273782,0.25541939157215915,0.2712535088356731,0.2838831023672854,0.2968896986908861,0.3110273033904521,0.320640874586157,0.32836943182191974,0.3500470923612543,0.3590951593689765,0.3677662235847105,0.38473134922418956,0.3924599064599523,0.39981146090372666,0.4156455781672405,0.42337413540300334,0.43072568984677767,0.44392078756637254,0.45334585736608324,0.4620169215818172,0.4693684760255914,0.4884071170210069,0.5004712063646366,0.5076342594124167,0.5232798752799364,0.5383599869594734,0.5459000427992421,0.5506125776990974,0.562676667042727,0.5779452801182583,0.5950989071537317,0.6229971137608752,0.6418472533602966,0.6795475325591392,0.6983976721585605,0.7285578955176348,0.7756832445161882,0.8039584539153202,0.8435437470741052,0.8774739983530633,0.8982091519124269,0.9359094311112696,0.9528745567507486,0.9641846405104015,0.97172469635017,0.9811497661498806,0.9830347801098229,0.9905748359495913,0.999999905749302,0.999999905749302,0.999999905749302,0.999999905749302,0.9924598499095336,0.9830347801098229,0.9811497661498806,0.9622996265504593,0.9434494869510379,0.9245993473516166,0.8963241379524846,0.8774739983530633,0.8586238587536419,0.8303486493545099,0.8020734399553779,0.7832233003559566,0.7474080351170562,0.7191328257179241,0.6889726023588498,0.6627709083156542,0.6395852366083662,0.6229971137608752,0.5898208680658937,0.561734160062756,0.5387369897514619,0.5193213459640579,0.5004712063646366,0.4825635737451862,0.47144199138152787,0.4627709271657939,0.45334585736608324,0.4508953392181585,0.44392078756637254,0.43449571776666185,0.42846367309484706,0.4250706479669512,0.4156455781672405,0.40848252511946054,0.40150797346767453,0.3967954385678192,0.3901978897080217,0.38737036876810854,0.38737036876810854,0.3826578338682532,0.3809613213043053,0.37907630734436304,0.37888780594836885,0.37907630734436304,0.3800188143243342,0.3809613213043053,0.3830348366602417,0.38661636318413184,0.38661636318413184,0.38850137714407373,0.38944388412404485,0.3920829036679639,0.394910424607877,0.3967954385678192,0.39698393996381337,0.4016964748636687,0.4043354944075877,0.4062205083675299,0.40810552232747205,0.40923653070343735,0.4148915725832638,0.4156455781672405,0.4156455781672405,0.416022580959229,0.41903860329513637,0.4224316284230322,0.4224316284230322,0.4224316284230322,0.42224312702703803,0.42148912144306105,0.42148912144306105,0.4184730991071537,0.4156455781672405,0.4156455781672405,0.4156455781672405,0.41168704885136215,0.40923653070343735,0.4062205083675299,0.4026389818436397,0.4007539678836978,0.3967954385678192,0.3967954385678192,0.3905748925000102,0.38737036876810854,0.38737036876810854,0.37888780594836885,0.37719129338442114,0.3715362515045947,0.3685202291686872,0.36475020124880286,0.3590951593689765,0.3534401174891501,0.348916083985289,0.3404335211655494,0.337417498829642,0.3308199499698445,0.32139488017013385,0.31196981037042315,0.3025447405707125,0.2934966735629903,0.28557961493123335,0.2836946009712912,0.27521203815155165,0.26352495159991046,0.25278037202824016,0.24599432177244848,0.24071628268461057,0.23110271148890565,0.22092363610521815,0.21771911237331648,0.20829404257360581,0.20829404257360581,0.20188499510980257,0.19886897277389515,0.19151741833012081,0.18680488343026547,0.18001883317447379,0.17360978571067054,0.17059376337476312,0.17059376337476312,0.16795474383084413,0.1658812284749078,0.16211120055502354,0.16116869357505245,0.16116869357505245,0.16116869357505245,0.15852967403113347,0.15174362377534178,0.15174362377534178,0.1508011167953707,0.14439206933156745,0.1406220414116832,0.13289348417592045,0.12346841437620978,0.11875587947635445,0.11404334457649912,0.11404334457649912,0.10461827477678845,0.10461827477678845,0.09707821893701994,0.09519320497707777,0.09519320497707777,0.08878415751327452,0.0857681351773671,0.08482562819739603,0.07634306537765644,0.07068802349783002,0.06691799557794577,0.05598491461028142,0.0461828420185823,0.042412814098698015,0.03864278617881376,0.029217716379103087,0.02752120381515517,0.024505181479247753,0.02092365495535771,0.01979264657939242,0.016211120055502373,0.010744579571670201,0.01036757677968175,0.01036757677968175,0.01036757677968175,0.008671064215733833,0.005655041879826415,0.004712534899855334,0.0037700279198842877,0.00207351535593637,0.0018850139599421608,0.0009425069799710804,0.0009425069799710804,0.0009425069799710804,0.0009425069799710804,0.0009425069799710804,0.0009425069799710804,0.0009425069799710804,0.0009425069799710804,0.0009425069799710804,0.0009425069799710804,0.0009425069799710804,0.0009425069799710804,0.0009425069799710804,0.0009425069799710804,0.0009425069799710804,0.00018850139599424287,0.0,0.0,0.00018850139599424287,0.0,0.00018850139599424287,0.0009425069799710804,0.0009425069799710804,0.0009425069799710804,0.0009425069799710804,0.0011310083759653233,0.0018850139599421608,0.0028275209399132076,0.0037700279198842877,0.004712534899855334,0.004712534899855334,0.004712534899855334,0.004712534899855334,0.005655041879826415,0.005655041879826415,0.006597548859797495,0.008482562819739622,0.009613571195704912,0.01036757677968175,0.01036757677968175,0.01036757677968175,0.01131008375965283,0.012252590739623877,0.013195097719594958,0.014137604699566004,0.015268613075531328,0.01696512563947921,0.017907632619450293,0.018850139599421337,0.01979264657939242,0.01979264657939242,0.01979264657939242,0.01979264657939242,0.01979264657939242,0.01979264657939242,0.02092365495535771,0.022808668915299837,0.023562674499276674,0.023562674499276674,0.023751175895270916,0.024505181479247753,0.023751175895270916,0.02639019543918988,0.029217716379103087,0.029217716379103087,0.029217716379103087,0.029217716379103087,0.029217716379103087,0.029217716379103087
10141000,0.22874929226457855,0.2284785830429637,0.2284785830429637,0.22712503693488933,0.2176502141783683,0.21521383118383422,0.2149431219622194,0.21115319285961098,0.20979964675153642,0.20844610064346208,0.2014076608814751,0.20194907932470496,0.20194907932470496,0.2014076608814751,0.2014076608814751,0.2014076608814751,0.2014076608814751,0.2014076608814751,0.2014076608814751,0.2014076608814751,0.2014076608814751,0.2014076608814751,0.1924742565681839,0.18787219980073078,0.18029234159551405,0.17433673871998648,0.17433673871998648,0.17027610039576324,0.16350836985539116,0.15619922087178906,0.1529507102124105,0.14834865344495748,0.14834865344495748,0.1583648946447082,0.16350836985539116,0.17433673871998648,0.1754195756064461,0.18787219980073078,0.20032482399501558,0.2014076608814751,0.2014076608814751,0.20763397297861758,0.2149431219622194,0.2149431219622194,0.2230643986106659,0.2284785830429637,0.23010283837265288,0.2338927674752615,0.242014044123708,0.2504060299937693,0.2555495052044523,0.2598808527502906,0.26394149107451365,0.2680021293987373,0.2690849662851966,0.26935567550681144,0.270438512393271,0.270438512393271,0.270438512393271,0.270438512393271,0.2690849662851966,0.26773142017712226,0.26773142017712226,0.26773142017712226,0.26773142017712226,0.2655657464042032,0.26394149107451365,0.2655657464042032,0.2680021293987373,0.2690849662851966,0.2690849662851966,0.2690849662851966,0.2690849662851966,0.2609636896367501,0.25961014352867556,0.256361632869297,0.2555495052044523,0.2555495052044523,0.254466668317993,0.2504060299937693,0.2474282285560058,0.242014044123708,0.22902000148619356,0.2284785830429637,0.22631290927004466,0.22360581705389576,0.2284785830429637,0.2284785830429637,0.23280993058880198,0.242014044123708,0.2501353207721545,0.2555495052044523,0.2680021293987373,0.27801837059848783,0.2826204273659409,0.2899295763495429,0.2961558884466852,0.2961558884466852,0.2961558884466852,0.29723872533314494,0.3086085126409702,0.3226853921649442,0.3286409950404716,0.3394693639050672,0.3502977327696624,0.3546290803155007,0.36843525061785987,0.37736865493115107,0.38576064080121236,0.39090411601189534,0.39090411601189534,0.41418510907077555,0.432593336140588,0.4409853220106493,0.45749858452915737,0.48565234357710546,0.48565234357710546,0.48592305279872033,0.5005413507659241,0.5016241876523838,0.5016241876523838,0.5070383720846816,0.5127232657385941,0.5127232657385941,0.5127232657385941,0.5129939749602089,0.5027070245388435,0.49621000322008607,0.49621000322008607,0.49404432944716703,0.49404432944716703,0.4894422726797139,0.49404432944716703,0.5116404288521346,0.5048726983117626,0.49675142166331593,0.5048726983117626,0.49999993232269446,0.49404432944716703,0.48565234357710546,0.4761775208205846,0.48565234357710546,0.4761775208205846,0.463454187404685,0.4721168824963612,0.46020567674530627,0.4542500738697788,0.45858142141561686,0.45858142141561686,0.4542500738697788,0.44396312344841304,0.41797503817338394,0.38007574714730014,0.3651867399584811,0.33676227168891815,0.3102327679706594,0.2826204273659409,0.242014044123708,0.21900376028644264,0.2070925545353879,0.18868432746557548,0.16161340530408685,0.12019489439700927,0.10557659642980544,0.09312397223552066,0.08229560337092526,0.07092581606310008,0.06605305007403205,0.06497021318757253,0.05251758899328774,0.05251758899328774,0.04466702156645617,0.03898212791254344,0.02571737605341406,0.024363829945339612,0.023010283837265163,0.012452624194284686,0.01191120575105483,0.01191120575105483,0.010828368864595308,0.0,0.007309148983601721,0.010828368864595308,0.010828368864595308,0.008391985870061338,0.01191120575105483,0.01191120575105483,0.01191120575105483,0.01191120575105483,0.01191120575105483,0.01191120575105483,0.01515971641043349,0.025446666831799136,0.03898212791254344,0.04195992935030717,0.04195992935030717,0.04195992935030717,0.05251758899328774,0.05278829821490267,0.05441255354459195,0.060638865641734443,0.057119645760740856,0.05278829821490267,0.05251758899328774,0.05251758899328774,0.04520844000968593,0.04195992935030717,0.03898212791254344,0.03898212791254344,0.033838652701860664,0.028153759047948035,0.025446666831799136,0.025446666831799136,0.017325390183352628,0.014889007188818562,0.013535461080744209,0.01218191497266976,0.01191120575105483,0.01191120575105483,0.01191120575105483,0.013535461080744209,0.017325390183352628,0.025446666831799136,0.025446666831799136,0.024363829945339612,0.017325390183352628,0.017325390183352628,0.025446666831799136,0.025446666831799136,0.025446666831799136,0.025446666831799136,0.025446666831799136,0.028965886712792724,0.036816454139624394,0.03898212791254344,0.04872765989067932,0.06605305007403205,0.08500269558707416,0.11234432697017759,0.12994042637514516,0.14618297967203836,0.16080127763924218,0.18787219980073078,0.20925822830830695,0.22874929226457855,0.242014044123708,0.2501353207721545,0.2555495052044523,0.2652950371825882,0.27206276772296034,0.28397397347401526,0.2950730515602259,0.30698425731128065,0.3210611368352548,0.3356794348024588,0.3502977327696624,0.37520298115823203,0.39090411601189534,0.40443957709263967,0.4158093644004649,0.42609631482183047,0.43151049925412827,0.4450459603348726,0.45858142141561686,0.4694097902802123,0.47698964848542913,0.48456950669064597,0.48565234357710546,0.4981049677713903,0.4991878046578498,0.4991878046578498,0.5064969536414518,0.5127232657385941,0.5224687977167299,0.5387113510136232,0.553329648980827,0.5646994362886523,0.5804005711423156,0.5939360322230599,0.6023280180931214,0.617487734503555,0.6215483728277784,0.6429344013353544,0.6551163163080241,0.6618840468483963,0.6740659618210663,0.6913913520044191,0.7049268130851635,0.7428261041112473,0.7428261041112473,0.7698970262727359,0.7834324873534801,0.7969679484342245,0.8105034095149688,0.8375743316764575,0.8511097927572017,0.8511097927572017,0.8781807149186904,0.8917161759994348,0.8917161759994348,0.905251637080179,0.9323225592416676,0.945858020322412,0.945858020322412,0.945858020322412,0.9593934814031563,0.9621005736193053,0.9729289424839005,0.9864644035646448,0.9864644035646448,0.9864644035646448,0.9864644035646448,0.9864644035646448,0.9864644035646448,0.9999998646453891,0.9999998646453891,0.9999998646453891,0.9999998646453891,0.9999998646453891,0.9999998646453891,0.9864644035646448,0.9729289424839005,0.945858020322412,0.9187870981609233,0.905251637080179,0.8944232682155838,0.8781807149186904,0.8781807149186904,0.864645253837946,0.8511097927572017,0.8240388705957131,0.7969679484342245,0.7563615651919916,0.7157551819497586,0.6886842597882701,0.6618840468483963,0.6304817771410696,0.6115321316280274,0.5917703584501409,0.5674065285048012,0.5522468120943674,0.5073090813062965,0.48159170525288225,0.46128851363176576,0.44585808799971727,0.41959929350307335,0.38278283936344887,0.3646453215152514,0.3519219880993516,0.3408229100131416,0.324851065937863,0.3129398601868083,0.3040064558735171,0.2926366685656918,0.28153759047948157,0.2680021293987373,0.2555495052044523,0.2555495052044523,0.24634539166954628,0.23984837035078896,0.23443418591849136,0.23280993058880198,0.23253922136718697,0.23145638448072745,0.2284785830429637,0.2284785830429637
10146400,0.35181819245751483,0.35181819245751483,0.35181819245751483,0.35343864472574305,0.35703964976624974,0.36010050405068056,0.3608207050587819,0.3608207050587819,0.3622611070749846,0.3682027653918209,0.3689229663999222,0.3689229663999222,0.3700032679120743,0.3710835694242264,0.3752247252208091,0.38098633328562004,0.39593050420372333,0.413215328398156,0.41573603192651065,0.4186168359589161,0.42383829326765093,0.4268991475520818,0.43590166015334886,0.441843318470185,0.4467046752748692,0.4526463335917054,0.45462688636398424,0.4623690472010738,0.47353216282664495,0.4832548764360134,0.504860906679054,0.5221457308734868,0.5318684444828552,0.5318684444828552,0.5408709570841221,0.5518540224576679,0.5703991984162783,0.5869638216026093,0.5948860326917242,0.6038885452929912,0.6227938217556521,0.6398985956980593,0.6398985956980593,0.6507016108195797,0.6759086461031274,0.7029161839069283,0.7299237217107295,0.7677342746360512,0.8199488477233996,0.8235498527639067,0.8739639233310015,0.8829664359322686,0.9099739737360698,0.9099739737360698,0.9099739737360698,0.92077698885759,0.9297795014588575,0.9459840241411377,0.9567870392626582,0.965789551863925,0.965789551863925,0.9747920644651925,0.9999990997487399,0.9999990997487399,0.9999990997487399,0.9999990997487399,0.9999990997487399,0.9927970896677264,0.965789551863925,0.9549865367424049,0.940582516580378,0.9297795014588575,0.92077698885759,0.9099739737360698,0.9099739737360698,0.9099739737360698,0.9099739737360698,0.9099739737360698,0.9099739737360698,0.9099739737360698,0.9099739737360698,0.8919689485335358,0.8757644258512549,0.8739639233310015,0.8577594006487212,0.8559588981284676,0.8469563855272008,0.8379538729259336,0.8199488477233996,0.8199488477233996,0.8199488477233996,0.8199488477233996,0.7497292494335172,0.7317242242309828,0.7299237217107295,0.7299237217107295,0.7299237217107295,0.7029161839069283,0.6543026158600869,0.6398985956980593,0.6398985956980593,0.6398985956980593,0.6310761333488175,0.6150516609185623,0.6087499020976754,0.5948860326917242,0.5858835200904572,0.5858835200904572,0.5849832688303306,0.5694989471561512,0.5588759822866561,0.5500535199374146,0.5349292987672859,0.529707841458551,0.522865931881588,0.5156639218005744,0.5090020624756368,0.4951381930696858,0.4872159819805709,0.47371221307867023,0.468850856273986,0.45984834367271904,0.4510258813234774,0.43914256468980484,0.4292398008284112,0.4250986450318284,0.42311809225954955,0.41051457461777596,0.40241231327663546,0.3943100519354952,0.38782824286258294,0.37720527799308784,0.3698232176600489,0.3633414085871367,0.3599204537986551,0.34893738842510946,0.3419154285961212,0.3338131672549808,0.32535080540978983,0.31688844356459894,0.3140076395321934,0.3068056294511798,0.30590537819105307,0.2952824133215581,0.27979809164737873,0.27979809164737873,0.2707955790461118,0.2666544232495289,0.25963246342054064,0.25297060409560307,0.251890302583451,0.24378804124231065,0.2374862824214238,0.23478552864104368,0.23028427234041027,0.2189411064628138,0.20849819184534402,0.20129618176433048,0.1987754782359756,0.19697497571572223,0.19229366916306342,0.18653206109825252,0.18077045303344164,0.17987020177331486,0.17392854345647873,0.17176794043217458,0.17014748816394654,0.16276542783090758,0.15376291522964053,0.15124221170128588,0.14584070414052555,0.14476040262837356,0.14223969910001882,0.13575789002710656,0.13323718649875177,0.1267553774258395,0.1267553774258395,0.122254121125206,0.120093518100902,0.11793291507659784,0.11775286482457252,0.11775286482457252,0.11775286482457252,0.11703266381647116,0.11253140751583766,0.11163115625571099,0.11073090499558423,0.10875035222330547,0.1080301512152041,0.09974783962203848,0.0972271360936837,0.09110542752482213,0.08570391996406193,0.08282311593165648,0.07850190988304831,0.07274030181823746,0.0658983922412746,0.062117336948742385,0.059236532916336904,0.05491532686772873,0.05473527661570341,0.05041407056709524,0.04573276401443639,0.04573276401443639,0.04573276401443639,0.04573276401443639,0.04573276401443639,0.04411231174620842,0.043032010234056305,0.04231180922595494,0.03853075393342277,0.036730251413169365,0.027727738811902387,0.024306784023420937,0.02142597999101545,0.018725226210635364,0.018725226210635364,0.018725226210635364,0.018725226210635364,0.0162045226822806,0.014584070414052555,0.010803015121520387,0.00792221108911494,0.0054015075607601725,0.0052214573087348524,0.004321206048608131,0.003420954788481448,0.0016204522682280438,0.0007202010081013218,0.0007202010081013218,0.0007202010081013218,0.0007202010081013218,0.0007202010081013218,0.0007202010081013218,0.0,0.0,0.0007202010081013218,0.0007202010081013218,0.0,0.0007202010081013218,0.0007202010081013218,0.0007202010081013218,0.0007202010081013218,0.0007202010081013218,0.0007202010081013218,0.0007202010081013218,0.0007202010081013218,0.0007202010081013218,0.0016204522682280438,0.0027007537803800863,0.004501256300633491,0.007021959828988257,0.009722713609368343,0.01278356789379911,0.015484321674179277,0.021966130747091573,0.026827487551775664,0.03042849259228247,0.03583000015304268,0.036730251413169365,0.039431005193549494,0.04141155796582826,0.04483251275430971,0.046813065526588475,0.05491532686772873,0.05707592989203281,0.06409788972102111,0.06805899526557868,0.07274030181823746,0.07274030181823746,0.0801223621512764,0.0819228646715298,0.08912487475254349,0.09074532702077145,0.09074532702077145,0.0956066838254557,0.09974783962203848,0.10172839239431716,0.10622964869495082,0.10785010096317878,0.10875035222330547,0.10965060348343222,0.11145110600368559,0.11325160852393903,0.11523216129621772,0.11793291507659784,0.11955336734482588,0.12153392011710473,0.12333442263735801,0.12405462364545938,0.12405462364545938,0.12405462364545938,0.12711547792989022,0.13035638246634632,0.1314366839784983,0.13431748801090385,0.13575789002710656,0.13935889506761337,0.14115939758786675,0.14313995036014557,0.14584070414052555,0.1489015584249564,0.1548432167417926,0.15916442279040077,0.15916442279040077,0.16042477455457818,0.16906718665179443,0.17410859370850407,0.17806969925306151,0.17806969925306151,0.180410352529391,0.18275100580572032,0.18599191034217658,0.18905276462660733,0.18995301588673402,0.19337397067521542,0.19373407117926614,0.1953545234474941,0.19697497571572223,0.19697497571572223,0.19733507621977286,0.198955528488001,0.2025565335285078,0.20633758882103992,0.209578493357496,0.2131794983980029,0.21678050343850963,0.21678050343850963,0.21948125721888975,0.2223620612512952,0.22416256377154858,0.23244487536471428,0.23478552864104368,0.23478552864104368,0.23784638292547453,0.25315065434762846,0.2545910563638311,0.2560314583800339,0.25927236291649,0.27295618207041594,0.27979809164737873,0.28339909668788565,0.2920415087851019,0.29960361937016616,0.30194427264649565,0.3068056294511798,0.31580814205244684,0.317968745076751,0.32301015213346046,0.32301015213346046,0.32301015213346046,0.32319020238548585,0.3239104033935871,0.32481065465371384,0.32481065465371384,0.32481065465371384,0.32481065465371384,0.32481065465371384,0.32481065465371384,0.32517075515776445,0.3276914586861193,0.3338131672549808,0.3338131672549808,0.33669397128738626,0.3374141722954876,0.3377742727995383
10150500,0.042997116916509606,0.043227664460297854,0.043227664460297854,0.043227664460297854,0.04328530134624491,0.043227664460297854,0.04328530134624491,0.0452449554684451,0.04530259235439215,0.04564841367007455,0.046109508757651047,0.04564841367007455,0.04564841367007455,0.046109508757651047,0.046109508757651047,0.046109508757651047,0.046109508757651047,0.046109508757651047,0.046685877617121695,0.04755043090632764,0.04801152599390419,0.04876080551121599,0.04899135305500424,0.04899135305500424,0.04899135305500424,0.050432275203680835,0.05100864406315148,0.05187319735235743,0.05187319735235743,0.05244956621182807,0.05279538752751047,0.05337175638698108,0.05452449410592237,0.054755041649710616,0.054755041649710616,0.05579250559675777,0.05763688594706381,0.05763688594706381,0.057925070376799115,0.05902017120979335,0.060518730244417,0.060518730244417,0.06184437862119949,0.06340057454177019,0.06570604997965274,0.06806916230348237,0.06916426313647657,0.07020172708352372,0.0734293926965593,0.0761383263360713,0.0778674329144832,0.08023054523831283,0.08080691409778348,0.08184437804483062,0.08265129444808952,0.08357348462324253,0.08616714449086041,0.08697406089411931,0.08858789370063706,0.08985590519147255,0.09221901751530209,0.09423630852344933,0.09463976672507879,0.09855907496947916,0.10086455040736167,0.10374639470471486,0.10374639470471486,0.10662823900206805,0.10662823900206805,0.10951008329942123,0.10951008329942123,0.10951008329942123,0.10951008329942123,0.11239192759677442,0.11239192759677442,0.11239192759677442,0.11239192759677442,0.11239192759677442,0.11239192759677442,0.11239192759677442,0.11239192759677442,0.11239192759677442,0.11239192759677442,0.11296829645624512,0.11815561619148081,0.11815561619148081,0.11873198505095149,0.121037460488834,0.121037460488834,0.12391930478618719,0.12391930478618719,0.12737751794301108,0.13025936224036425,0.13256483767824676,0.13544668197559995,0.13602305083507063,0.13832852627295314,0.14121037057030633,0.14178673942977701,0.14409221486765952,0.14697405916501272,0.1527377477597191,0.1556195920570723,0.1556195920570723,0.15850143635442548,0.16138328065177868,0.16426512494913187,0.16714696924648506,0.17002881354383823,0.1757925021385446,0.1786743464358978,0.18443803503060419,0.18731987932795738,0.19596541222001695,0.19884725651737015,0.20749278940942972,0.21037463370678292,0.22478385519354885,0.23112391264772592,0.24265128983713868,0.2507204538697276,0.2593659867617871,0.2685878885133174,0.2956772249084375,0.31181555297361524,0.32910661875773434,0.3665705946233258,0.38962534900215134,0.4178674231162126,0.44668586608974453,0.46109508757651047,0.48184436651745344,0.5072045963341615,0.5158501292262211,0.5244956621182807,0.530259350712987,0.5504322607944594,0.5619596379838722,0.5734870151732849,0.5850143923626977,0.5878962366600509,0.5965417695521105,0.60518730244417,0.6138328353362296,0.6224783682282892,0.6311239011203487,0.6397694340124083,0.6489913357639386,0.6541786554991742,0.6605187129533514,0.669164245845411,0.6801152541753529,0.6829970984727062,0.6858789427700593,0.694524475662119,0.7037463774136492,0.7181555989004152,0.7291066072303571,0.7406339844197699,0.761383263360713,0.7729106405501258,0.7896253374747741,0.8097982475562465,0.8270893133403656,0.847262223421838,0.8731988220980167,0.9048991093689018,0.9291066014666686,0.9469740361102584,0.9631123641754366,0.9688760527701429,0.9798270611000848,0.9855907496947911,0.9948126514463217,0.9976944957436749,0.9976944957436749,0.9999999711815571,0.9919308071489684,0.9861671185542621,0.9769452168027316,0.9659942084727894,0.9596541510186124,0.9538904624239061,0.9481267738291996,0.9423630852344933,0.9394812409371401,0.9308357080450805,0.920461068574609,0.9164264865583146,0.8962535764768422,0.8904898878821359,0.8847261992874295,0.8818443549900763,0.8760806663953699,0.8731988220980167,0.8680115023627812,0.8651296580654281,0.8616714449086039,0.8616714449086039,0.8616714449086039,0.8616714449086039,0.8616714449086039,0.8616714449086039,0.8587896006112508,0.8564841251733685,0.8530259120165444,0.8530259120165444,0.8507204365786618,0.8501440677191912,0.847262223421838,0.847262223421838,0.847262223421838,0.847262223421838,0.8386166905297784,0.8357348462324252,0.8299711576377189,0.8242074690430125,0.8242074690430125,0.8184437804483061,0.8126800918535997,0.8069164032588934,0.7953890260694806,0.7896253374747741,0.7809798045827147,0.7608068945012423,0.7435158287171232,0.7319884515277104,0.7175792300409445,0.6974063199594721,0.6829970984727062,0.6576368686559982,0.6374639585745259,0.608645515600994,0.5850143923626977,0.5682996954380493,0.559077793686519,0.5475504164971062,0.5331411950103402,0.5244956621182807,0.5106628094909853,0.49913543230157253,0.484149841955336,0.46974062046857007,0.4495677103870977,0.4293948003056254,0.40922189022415306,0.3976945130347403,0.3780979718127386,0.3665705946233258,0.35446684857444244,0.34293947138502967,0.3319884630550875,0.32276656130355735,0.31700287270885097,0.3031700200815557,0.28818442973531905,0.277233421405377,0.26801151965384673,0.25360229816708074,0.242074920977668,0.22536022405301956,0.21037463370678292,0.19365993678213445,0.1786743464358978,0.16138328065177868,0.14697405916501272,0.13544668197559995,0.12391930478618719,0.11008645215889193,0.10374639470471486,0.08997117896336661,0.07227665497761801,0.06628241883912338,0.06057636713036405,0.05273775064156342,0.046109508757651047,0.04034582016294467,0.03475504222607948,0.025936598676178715,0.02386167078208442,0.022017290431778375,0.017348702670066194,0.014409221486765952,0.01037463947047151,0.005763688594706381,0.002997118069247336,0.0026512967535649813,0.0,0.0,0.0,0.0,5.763688594705234e-05,0.0028818442973531904,0.0028818442973531904,0.004034582016294483,0.005763688594706381,0.005763688594706381,0.006570604997965278,0.009221901751530218,0.01256484113645991,0.014409221486765952,0.014409221486765952,0.015043227232183652,0.017291065784119142,0.020172910081472335,0.020172910081472335,0.020172910081472335,0.020230546967419386,0.021325647800413627,0.02138328468636072,0.02276656994909022,0.023054754378825523,0.023285301922613817,0.024380402755608016,0.024380402755608016,0.025187319158866912,0.025994235562125767,0.02628241999186107,0.0276080683686436,0.028818442973531904,0.028818442973531904,0.028818442973531904,0.029452448718949604,0.03170028727088509,0.03170028727088509,0.03170028727088509,0.03170028727088509,0.03170028727088509,0.03170028727088509,0.03170028727088509,0.030778097095732093,0.030317002008155552,0.030317002008155552,0.030778097095732093,0.030547549551943803,0.030547549551943803,0.030547549551943803,0.03170028727088509,0.03170028727088509,0.03170028727088509,0.030778097095732093,0.030778097095732093,0.030778097095732093,0.03170028727088509,0.03170028727088509,0.03170028727088509,0.03170028727088509,0.030547549551943803,0.030317002008155552,0.029682996262737855,0.028991353631373104,0.028991353631373104,0.028818442973531904,0.028818442973531904,0.028818442973531904,0.028818442973531904,0.028818442973531904,0.028818442973531904,0.028818442973531904,0.028818442973531904,0.029855906920579052,0.03170028727088509,0.03319884630550874,0.034582131568238285,0.034582131568238285,0.034582131568238285
10154200,0.01902622952188165,0.01902622952188165,0.01902622952188165,0.018856730817900527,0.018432984057947698,0.018432984057947698,0.018221110677971303,0.018221110677971303,0.018009237297994887,0.017754989242023185,0.017754989242023185,0.01758549053804206,0.01716174377808925,0.016949870398112837,0.016949870398112837,0.016907495722117548,0.016907495722117548,0.016907495722117548,0.016907495722117548,0.016907495722117548,0.016907495722117548,0.016907495722117548,0.016907495722117548,0.016907495722117548,0.016907495722117548,0.01673799701813642,0.016695622342141135,0.01673799701813642,0.016907495722117548,0.016526123638160008,0.016526123638160008,0.016695622342141135,0.016907495722117548,0.016907495722117548,0.016907495722117548,0.016907495722117548,0.016907495722117548,0.016907495722117548,0.016907495722117548,0.016907495722117548,0.016907495722117548,0.016907495722117548,0.016907495722117548,0.016907495722117548,0.016907495722117548,0.01716174377808925,0.017797363918018474,0.018009237297994887,0.018390609381952427,0.01902622952188165,0.01902622952188165,0.01949235095782975,0.020297469801740117,0.02072121656169293,0.021144963321645754,0.021144963321645754,0.021144963321645754,0.021187337997641043,0.02182295813757027,0.02288232503745232,0.02326369712140986,0.023475570501386274,0.02517055754119755,0.025382430921173964,0.025424805597169253,0.02665367120103243,0.027501164720938068,0.027501164720938068,0.028772405000796534,0.029619898520702174,0.0302555186606314,0.03173863232046628,0.03199288037643798,0.03364549274025397,0.03385736612023038,0.03597609991999449,0.038094833719758595,0.040213567519522694,0.04029831687151327,0.0423323013192868,0.04423916173907449,0.04555277669492824,0.04682401697478671,0.048688502718579114,0.05080723651834322,0.051697104714244144,0.053561590458036545,0.055510825553819525,0.059282171717399634,0.06140090551716374,0.0647908795967863,0.06805372964842303,0.07118945567207388,0.0752150498916257,0.07835077591527657,0.08046950971504067,0.08470697731456889,0.08648671370637075,0.0891986929700688,0.09530064631338941,0.10165684771268173,0.11191151930354,0.1190304648707474,0.1292003871096151,0.1419127899081997,0.15504893946673717,0.17369379690466127,0.18852493350301,0.20166108306154748,0.21606847289994335,0.22708588865871673,0.24403575905682956,0.26056188269498953,0.2732742854935742,0.2881054220919229,0.3050552924900357,0.3198864290883845,0.3347175656867332,0.34531123468555375,0.35802363748413835,0.3686173064829589,0.3881096574407886,0.40887324867847685,0.4385355218751743,0.45336665847352303,0.48811389278965445,0.5109962178271068,0.5470146924230966,0.5766769656197941,0.6165091610553591,0.6491376615717265,0.6889698570072917,0.7377007344018661,0.7838891312367234,0.817788872032949,0.8419424373502601,0.8792321522261081,0.9135556397822866,0.9283867763806355,0.9436416597389371,0.9580490495773331,0.9690664653361063,0.9766939070152569,0.97711765377521,0.9834738551745023,0.988135069533983,0.9966100047330394,0.999999978812662,0.9940675241733228,0.9834738551745023,0.969913958856012,0.9436416597389371,0.9224543217412958,0.8953345291043153,0.8393999567905431,0.7864316117964403,0.7393957214416772,0.6699012528094147,0.616932907815312,0.57455823182003,0.5347260363844647,0.4944700941889468,0.45760412607305123,0.4287893463962595,0.3944658588400809,0.3686173064829589,0.3482774620052235,0.33048009808720497,0.30717402628979984,0.28852916885187574,0.2652230970544706,0.24615449285659366,0.22284842105918853,0.20801728446083978,0.18682994646319875,0.16945632930513305,0.15886266030631252,0.14657400426768075,0.1376753223086715,0.1292003871096151,0.12267468700634164,0.1140302531033041,0.10644518610014861,0.10165684771268173,0.09881774442099785,0.09326666186561589,0.0908513053338848,0.08775795398622922,0.08517309875051698,0.08390185847065851,0.08199499805087083,0.08046950971504067,0.07885927202721998,0.07835077591527657,0.07750328239537092,0.07623204211551247,0.0754269232716021,0.07411330831574836,0.07356243752780972,0.07241832127593709,0.07140132905205031,0.06987584071622016,0.06881647381633811,0.06775710691645605,0.06678248936856458,0.06563837311669195,0.06483325427278157,0.06351963931692785,0.06351963931692785,0.06330776593695145,0.0629263938529939,0.06182465227711657,0.06076528537723452,0.059282171717399634,0.058010931437541186,0.05762955935358363,0.057163437917635535,0.05635831907372515,0.05568032425780065,0.05504470411787143,0.05296834499410261,0.050976735222324356,0.049196998830522504,0.04771388517068764,0.046357895538838595,0.04445103511905091,0.04199330391132455,0.040213567519522694,0.03597609991999449,0.03368786741624926,0.03173863232046628,0.028179159536862584,0.027501164720938068,0.025890927033117354,0.025382430921173964,0.021144963321645754,0.01902622952188165,0.018009237297994887,0.014788761922353443,0.012712402798584627,0.010551294322825233,0.007881689735122465,0.0063138267232970245,0.004406966303509334,0.00419509292353292,0.003135726023650868,0.002076359123768816,0.002076359123768816,0.001525488335830168,0.0008474935199056388,0.0004237467599528269,0.0,0.00021187337997641346,0.0005932454639339366,0.0011017415758773409,0.0014407389838395905,0.002076359123768816,0.0021187337997641046,0.00419509292353292,0.005974829315334775,0.0063138267232970245,0.008220687143084715,0.00843256052306113,0.010551294322825233,0.011737785250693137,0.01419551645841949,0.014788761922353443,0.016526123638160008,0.016907495722117548,0.017331242482070373,0.017966862621999598,0.018432984057947698,0.018644857437924114,0.01881435614190524,0.01881435614190524,0.01902622952188165,0.01902622952188165,0.01902622952188165,0.019238102901858064,0.020127971097758993,0.020339844477735406,0.02093308994166934,0.021144963321645754,0.021144963321645754,0.022034831517546698,0.02330607179740515,0.023941691937334374,0.025382430921173964,0.025721428329136216,0.026484172497051307,0.027501164720938068,0.028136784860867296,0.028984278380772947,0.028984278380772947,0.028984278380772947,0.02902665305676822,0.029238526436744634,0.029619898520702174,0.029619898520702174,0.029619898520702174,0.02945039981672105,0.029619898520702174,0.02945039981672105,0.029238526436744634,0.02945039981672105,0.028984278380772947,0.02902665305676822,0.029238526436744634,0.028984278380772947,0.02856053162082012,0.027543539396933357,0.027501164720938068,0.027501164720938068,0.027501164720938068,0.027077417960985242,0.026229924441079605,0.02601805106110319,0.025636678977145666,0.025382430921173964,0.025382430921173964,0.02521293221719284,0.02478918545724001,0.0241111906413155,0.023517945177381563,0.02326369712140986,0.02326369712140986,0.02288232503745232,0.022246704897523097,0.021780583461574982,0.02135683670162217,0.021144963321645754,0.021144963321645754,0.021144963321645754,0.021144963321645754,0.02072121656169293,0.020551717857711805,0.02072121656169293,0.020551717857711805,0.020127971097758993,0.020085596421763705,0.019661849661810876,0.019873723041787292,0.019873723041787292,0.019873723041787292,0.019873723041787292,0.019873723041787292,0.019916097717782577,0.020127971097758993,0.019873723041787292,0.019873723041787292,0.019704224337806164,0.01902622952188165,0.01902622952188165,0.01902622952188165,0.01902622952188165,0.01902622952188165,0.01902622952188165,0.01902622952188165,0.01902622952188165,0.01902622952188165,0.01902622952188165,0.01902622952188165,0.01902622952188165,0.01902622952188165,0.01902622952188165,0.01902622952188165
10155000,0.05641799769572355,0.05641799769572355,0.05641799769572355,0.05641799769572355,0.055105187976218675,0.054776985546342416,0.054776985546342416,0.054776985546342416,0.054776985546342416,0.054776985546342416,0.054776985546342416,0.054776985546342416,0.054776985546342416,0.054776985546342416,0.054776985546342416,0.054776985546342416,0.054776985546342416,0.055105187976218675,0.05641799769572355,0.05641799769572355,0.05641799769572355,0.05641799769572355,0.054776985546342416,0.054776985546342416,0.054776985546342416,0.054776985546342416,0.054776985546342416,0.054776985546342416,0.054776985546342416,0.054776985546342416,0.054776985546342416,0.054776985546342416,0.054776985546342416,0.054776985546342416,0.054776985546342416,0.054776985546342416,0.054776985546342416,0.054776985546342416,0.055105187976218675,0.05641799769572355,0.05641799769572355,0.05641799769572355,0.05641799769572355,0.057468245471327485,0.058059009845104696,0.058059009845104696,0.058059009845104696,0.058059009845104696,0.058059009845104696,0.058059009845104696,0.05970002199448583,0.05970002199448583,0.06094719122801551,0.06134103414386697,0.06134103414386697,0.06134103414386697,0.06203025924660708,0.0629820462932481,0.06331024872312437,0.0646886989286045,0.0662640705920104,0.06790508274139152,0.06954609489077267,0.07118710704015381,0.07118710704015381,0.07446913133891608,0.0751583564416562,0.07775115563767837,0.0793921677870595,0.0813613823663169,0.08431520423520292,0.08595621638458406,0.0875972285339652,0.08923824068334633,0.09087925283272748,0.09416127713148975,0.09744330143025204,0.09997046014029899,0.10072532572901431,0.10400735002777658,0.10728937432653887,0.11057139862530115,0.11221241077468229,0.11418162535393968,0.1171354472228257,0.12041747152158798,0.12205848367096912,0.12698152011911254,0.13026354441787483,0.13190455656725594,0.13682759301539937,0.1404378197440379,0.14503265376230506,0.14831467806106735,0.1515967023598296,0.1548787266585919,0.15816075095735418,0.16177097768599272,0.16636581170425987,0.17292986030178442,0.1781810991798041,0.1876989696462147,0.19787324497237777,0.20936033001804574,0.2172371883350752,0.2290524758106194,0.24513439487455455,0.25859069449947986,0.2782828402920535,0.29469296178586496,0.30749285655103786,0.32062095374608696,0.3340772533710123,0.35015917243494743,0.36656929392875887,0.37805637897442684,0.39118447616947594,0.4095638122425448,0.4240047191570987,0.43713281635214785,0.4535429378459592,0.4669992374708846,0.4817683468153149,0.5080245412054131,0.5277166869979868,0.5605369299856097,0.5867931243757079,0.6186287600737018,0.6639206953966212,0.7082280234299122,0.7423610761370397,0.7751813191246625,0.8080015621122852,0.8391807929505269,0.8674062019198826,0.8972726230386194,0.9218878052793364,0.9481439996694347,0.9658669308827509,0.9806360402271812,0.9954051495716114,0.9999999835898785,0.9973743641508689,0.9967179592911163,0.9927795301326016,0.9885128985442105,0.9816206475168099,0.9816206475168099,0.9714463721906468,0.9491286069590634,0.9396107364926527,0.9245134247183462,0.8775804772460457,0.8398371978102795,0.7843709871611969,0.7423610761370399,0.6760641853020417,0.6048442580189002,0.5457678206411796,0.48833239541283946,0.44697888924843465,0.3993895369163816,0.3600052453312343,0.33210803879175493,0.3009288079535133,0.2763136257127962,0.25366765805133645,0.22970888067037193,0.20443729356990234,0.18146312347856638,0.16472479955487873,0.1499556902104485,0.13682759301539937,0.12041747152158798,0.10866782453201904,0.0969509977854377,0.08405264229130197,0.07775115563767837,0.06790508274139152,0.05838721227498095,0.05064163492990194,0.04493091265005558,0.03882634745435777,0.036397649473273654,0.03180281545500647,0.028750532857157552,0.02687977900686305,0.025107485885531425,0.022613147418472087,0.021956742558719634,0.019823426764524157,0.018215234858130636,0.015884997606009414,0.01444090691455402,0.014112704484677788,0.012963995980110997,0.011552725531643207,0.010305556298113545,0.009156847793546754,0.008106600017942823,0.007187633214289382,0.006564048597524556,0.005546621064908243,0.00521841863503201,0.004397912560341441,0.0039056089155271034,0.002461518224071709,0.0022645967661459646,0.0022645967661459646,0.00196921457925736,0.0016081919063935112,0.0011158882615791624,0.0008205060746905695,0.0007876858317029416,0.0006235846167648254,0.0006235846167648254,0.00036102267286384875,0.00016410121493811623,0.0,0.0006235846167648254,0.0011158882615791624,0.002002034822244988,0.0022645967661459646,0.0033148445417498945,0.0037743279435766153,0.00406971013046522,0.005054317420093906,0.005546621064908243,0.005743542522833987,0.005874823494784475,0.005743542522833987,0.005874823494784475,0.005874823494784475,0.00639994738258644,0.00685943078441315,0.007187633214289382,0.007056352242338894,0.007187633214289382,0.007187633214289382,0.007187633214289382,0.007187633214289382,0.007187633214289382,0.007515835644165614,0.007548655887153242,0.007844038074041835,0.008270701232880928,0.008664544148732405,0.008697364391720032,0.00882864536367052,0.00882864536367052,0.00882864536367052,0.008697364391720032,0.00882864536367052,0.00886146560665815,0.009977353868237324,0.011848107718531823,0.013456299624925333,0.013751681811813939,0.01490039031638074,0.01549115469015795,0.017952672914229657,0.018838819474895473,0.020676753082202345,0.02218648425963302,0.023597754708100774,0.02523876685748191,0.02687977900686305,0.027372082651677388,0.02852079115624419,0.028750532857157552,0.029866421118736726,0.03085102840836541,0.03180281545500647,0.03199973691293221,0.032656141772684666,0.033443827604387605,0.03495355878181826,0.03508483975376875,0.036069447043397436,0.036725851903149885,0.03836686405253102,0.03958121304307307,0.040007876201912165,0.0416488883512933,0.04171452883726856,0.043289900500674446,0.043289900500674446,0.04493091265005558,0.04657192479943672,0.04778627378997877,0.04831139767778073,0.049853949098199,0.049985230070149496,0.051494961247580136,0.052020085135382116,0.05264366975214694,0.054776985546342416,0.05586005356493396,0.05694312158352553,0.058059009845104696,0.058059009845104696,0.058059009845104696,0.05809183008809231,0.05809183008809231,0.05927335883564675,0.05970002199448583,0.05970002199448583,0.05970002199448583,0.059798482723448704,0.059896943452411575,0.059896943452411575,0.05970002199448583,0.060422067340213555,0.06101283171399074,0.061078472199966,0.061078472199966,0.06134103414386697,0.06134103414386697,0.06134103414386697,0.06120975317191651,0.06101283171399074,0.060422067340213555,0.05970002199448583,0.05970002199448583,0.05970002199448583,0.05970002199448583,0.05956874102253537,0.0592077183496715,0.058059009845104696,0.058059009845104696,0.058059009845104696,0.058059009845104696,0.057566706200290356,0.057632346686265615,0.05792772887315423,0.058059009845104696,0.05792772887315423,0.057566706200290356,0.05641799769572355,0.05641799769572355,0.05641799769572355,0.05641799769572355,0.05641799769572355,0.05641799769572355,0.05641799769572355,0.05641799769572355,0.05641799769572355,0.05641799769572355,0.05641799769572355,0.05641799769572355,0.05536774992011963,0.054776985546342416,0.054776985546342416,0.054776985546342416,0.054776985546342416,0.054776985546342416,0.054776985546342416,0.054776985546342416,0.054776985546342416,0.054776985546342416,0.054776985546342416,0.054776985546342416,0.054776985546342416,0.054776985546342416,0.054776985546342416,0.054776985546342416
10163000,0.76283452553787,0.757165235092089,0.7559053927708043,0.7559053927708043,0.7559053927708043,0.7559053927708043,0.7559053927708043,0.7559053927708043,0.7559053927708043,0.76283452553787,0.7716534217868627,0.7716534217868627,0.7716534217868627,0.7716534217868627,0.7716534217868627,0.7716534217868627,0.7716534217868627,0.7716534217868627,0.7716534217868627,0.7716534217868627,0.7716534217868627,0.7716534217868627,0.7716534217868627,0.7716534217868627,0.7716534217868627,0.7716534217868627,0.7744880670097534,0.7874014508029211,0.7874014508029211,0.7874014508029211,0.7874014508029211,0.7874014508029211,0.7874014508029211,0.7874014508029211,0.7874014508029211,0.7886612931242059,0.798425071114162,0.8031494798189796,0.8031494798189796,0.8031494798189796,0.8031494798189796,0.8031494798189796,0.8031494798189796,0.8148030212908628,0.818897508835038,0.818897508835038,0.8333856955298119,0.8346455378510964,0.8362203407527024,0.8447242764213737,0.8503935668671547,0.8529132515097241,0.8623620689193593,0.8661415958832132,0.8661415958832132,0.876850255614133,0.8900785999876222,0.8985825356562935,0.9070864713249652,0.9137006435117095,0.9307085148490528,0.9411022139996513,0.9502360708289652,0.9593699276582793,0.9606297699795637,0.9606297699795637,0.9612596911402062,0.9713384297104836,0.9763777989956222,0.9826770106020456,0.9921258280116806,0.9921258280116806,0.9921258280116806,0.9921258280116806,0.9921258280116806,0.9763777989956222,0.9763777989956222,0.964724257523739,0.9606297699795637,0.9606297699795637,0.9606297699795637,0.9606297699795637,0.9606297699795637,0.9606297699795637,0.9606297699795637,0.9606297699795637,0.9606297699795637,0.9606297699795637,0.9606297699795637,0.9606297699795637,0.9763777989956222,0.9763777989956222,0.9606297699795637,0.9606297699795637,0.9451967015438264,0.9448817409635053,0.9307085148490528,0.9196848945378119,0.89763765391533,0.89763765391533,0.89763765391533,0.8963778115940456,0.8963778115940456,0.89763765391533,0.89763765391533,0.89763765391533,0.89763765391533,0.89763765391533,0.9007872597185418,0.9083463136462498,0.9133856829313884,0.914330564672352,0.9184250522165273,0.921574658019739,0.9291337119474469,0.9291337119474469,0.9291337119474469,0.9307085148490528,0.9307085148490528,0.938897489937403,0.9373226870357972,0.9307085148490528,0.9373226870357972,0.938897489937403,0.9373226870357972,0.9307085148490528,0.9291337119474469,0.9307085148490528,0.9373226870357972,0.9436218986422209,0.9486612679273595,0.957480164176352,0.9612596911402062,0.9707085085498411,0.9779526018972281,0.9921258280116806,0.9987400001984253,0.9999998425197097,0.9987400001984253,0.9921258280116806,0.9848817346642939,0.9703935479695198,0.9581100853369945,0.9401573322586878,0.9262990667245565,0.9074014319052861,0.8834644278008774,0.8585825419555053,0.8472439610639431,0.7921258595077386,0.7735431852687897,0.7508660234856657,0.7244093347386874,0.708661305722629,0.6929132767065705,0.6850392621985414,0.6771652476905121,0.6708660360840888,0.6614172186744537,0.648818795461607,0.6299211606423368,0.6103936046624245,0.5833069947548041,0.551495976142366,0.5307085778411689,0.5042518890941907,0.4881888994978111,0.4409448124496358,0.409448754417519,0.3625196279496649,0.33070860933722684,0.29921255130511004,0.2677164932729932,0.25196846425693475,0.2204724062248179,0.2047243772087595,0.17354327975696385,0.16094485654411705,0.14992123623287634,0.12598423212846738,0.10425195208630682,0.0900787259718542,0.0787401450802921,0.0787401450802921,0.06299211606423369,0.06299211606423369,0.047244087048175266,0.031496058032116844,0.031496058032116844,0.015748029016058422,0.015748029016058422,0.015748029016058422,0.0018897634819269983,0.0003149605803211617,0.0,0.0,0.0,0.0,0.0,0.0,0.0,0.0,0.0,0.0,0.0,0.0,0.0,0.0,0.0,0.003149605803211673,0.003149605803211673,0.003149605803211673,0.0,0.0003149605803211617,0.003149605803211673,0.007244093347386943,0.015748029016058422,0.015748029016058422,0.015748029016058422,0.015748029016058422,0.015748029016058422,0.022047240622481798,0.029921255130511006,0.031496058032116844,0.031496058032116844,0.031496058032116844,0.033385821514043845,0.03779526963854022,0.03779526963854022,0.04472440240560597,0.047244087048175266,0.047244087048175266,0.047244087048175266,0.05354329865459864,0.06141731316262785,0.06299211606423369,0.06299211606423369,0.06299211606423369,0.07086613057226301,0.0787401450802921,0.0787401450802921,0.08818896248992719,0.09448817409635053,0.09480313467667174,0.10078738570277387,0.10425195208630682,0.10614171556823374,0.11023620311240895,0.1165354147188323,0.11999998110236525,0.12598423212846738,0.1341732072168178,0.1392125765019565,0.1417322611445258,0.14519682752805863,0.1574802901605842,0.16755902873086168,0.17322831917664264,0.18362201832724126,0.18897634819270107,0.20346453488747485,0.2047243772087595,0.21259839171678868,0.22078736680513913,0.2283464207328471,0.23338579001798582,0.23464563233927047,0.23622043524087633,0.23622043524087633,0.23622043524087633,0.2475590161324384,0.25196846425693475,0.2620472028272122,0.2677164932729932,0.2743306654597377,0.2834645222890516,0.2913385367970808,0.29921255130511004,0.3137007379998838,0.3294487670159422,0.34236215080911025,0.35307081054002987,0.36566923375287663,0.37795269638540213,0.39370072540146056,0.409448754417519,0.42393694111229274,0.4409448124496358,0.4566928414656942,0.47275583106207386,0.504881810254833,0.5511810155620448,0.5937006939054026,0.6078739200198551,0.6299211606423368,0.6485038348812859,0.6686613120218408,0.6922833555459283,0.7244093347386874,0.7559053927708043,0.7716534217868627,0.7874014508029211,0.8053542038812277,0.8141731001302205,0.8207872723169648,0.8346455378510964,0.8352754590117388,0.8503935668671547,0.8538581332506876,0.8664565564635343,0.8818896248992716,0.8840943489615198,0.8925982846301914,0.9014171808791842,0.9133856829313884,0.9140156040920309,0.9291337119474469,0.9291337119474469,0.9291337119474469,0.9291337119474469,0.9291337119474469,0.9291337119474469,0.9190549733771697,0.9291337119474469,0.9190549733771697,0.9278738696261625,0.9133856829313884,0.912125840610104,0.8979526144956511,0.89763765391533,0.8913384423089066,0.8885037970860165,0.8818896248992716,0.8806297825779872,0.8733856892306002,0.8683463199454614,0.871180965168352,0.8683463199454614,0.8664565564635343,0.8683463199454614,0.8661415958832132,0.8661415958832132,0.8661415958832132,0.8661415958832132,0.8601573448571108,0.8519683697687606,0.8503935668671547,0.8503935668671547,0.8503935668671547,0.8466140399033009,0.8349604984314175,0.8346455378510964,0.8346455378510964,0.8255116810217827,0.8214171934776072,0.818897508835038,0.818897508835038,0.8031494798189796,0.800314834596089,0.798425071114162,0.7937006624093444,0.7883463325438846,0.7874014508029211,0.7861416084816365,0.7795274362948919,0.7732282246884686
10171000,0.6961400634902729,0.6961400634902729,0.6961400634902729,0.6824526851282935,0.6824526851282935,0.6824526851282935,0.6824526851282935,0.6715027824387102,0.6687653067663141,0.6687653067663141,0.6687653067663141,0.6687653067663141,0.6687653067663141,0.6687653067663141,0.6687653067663141,0.6687653067663141,0.6687653067663141,0.6687653067663141,0.6550779284043347,0.6550779284043347,0.6550779284043347,0.6550779284043347,0.6413905500423552,0.6413905500423552,0.6277031716803758,0.6140157933183964,0.6030658906288131,0.600328414956417,0.600328414956417,0.600328414956417,0.5866410365944376,0.5609087652739163,0.5485901247481347,0.5455789015084993,0.5428414258361034,0.5160141642466238,0.5020530383174047,0.49082938806058163,0.4839856988795919,0.4801532329382377,0.4634546313366228,0.4497672529746434,0.4404598356884973,0.35997805092005897,0.3128934693548492,0.28551871263089035,0.26663013049135864,0.21708182082099328,0.20339444245901386,0.1650697830454717,0.13495755064911677,0.11470023067338736,0.10758279392515793,0.10758279392515793,0.09389541556317851,0.09389541556317851,0.08185052260463649,0.07363809558744902,0.042157125354896685,0.01615110646713571,0.0,0.0,0.007664931882708311,0.01615110646713571,0.03859840698078177,0.05310702804447998,0.06734190154093847,0.07500683342364697,0.0854092409787514,0.09389541556317851,0.0980016290717723,0.10758279392515793,0.11387898797166857,0.14919242414557546,0.1699972392557841,0.19682450084526368,0.20613191813140977,0.21680807325375392,0.2307691991829727,0.2595126937431296,0.3128934693548492,0.3432794493184435,0.35395560444078744,0.36654799253380854,0.3816041087319858,0.3952914870939652,0.4229399913851638,0.4497672529746434,0.4634546313366228,0.4683820875469354,0.4719408059210501,0.4716670583538104,0.4719408059210501,0.4716670583538104,0.4664658545762583,0.4634546313366228,0.4634546313366228,0.45633719458839356,0.45168348594532054,0.4497672529746434,0.4497672529746434,0.4497672529746434,0.45168348594532054,0.45168348594532054,0.46126465079870616,0.45633719458839356,0.4497672529746434,0.4371748648816223,0.42841494272995545,0.42239249625068453,0.39885020546808014,0.3950177395267257,0.38571032224057983,0.3821516038664651,0.3821516038664651,0.36764298280276686,0.35970430335281883,0.3380782455408914,0.3265808477168286,0.313714712056568,0.31070348881693255,0.30687102287557827,0.30057482882906783,0.29920609099286977,0.2901724212739634,0.2901724212739634,0.2814124991222966,0.2789487710171402,0.2814124991222966,0.27758003318094254,0.2663563829241191,0.2581439559069315,0.2543114899655773,0.24582531538115018,0.24336158727599397,0.23514916025880622,0.21708182082099328,0.20777440353484739,0.20421568516073266,0.18888582139531584,0.1850533554539614,0.1850533554539614,0.1850533554539614,0.1850533554539614,0.18998081166427397,0.20421568516073266,0.21105937434172237,0.21489184028307662,0.23816038349844165,0.25184776186042107,0.26088143157932747,0.2789487710171402,0.29126741154292196,0.33561451743573517,0.36381051686141264,0.3939227492577676,0.4664658545762583,0.5516013479877703,0.6140157933183964,0.6413905500423552,0.6687653067663141,0.6961400634902729,0.7235148202142317,0.7235148202142317,0.7372021985762112,0.7372021985762112,0.7372021985762112,0.7508895769381906,0.76457695530017,0.7782643336621494,0.7919517120241288,0.8056390903861083,0.8056390903861083,0.8193264687480877,0.8330138471100671,0.8467012254720465,0.8603886038340259,0.8740759821960054,0.8877633605579849,0.9014507389199643,0.9151381172819437,0.9288254956439231,0.9425128740059026,0.9425128740059026,0.956200252367882,0.9698876307298614,0.9835750090918408,0.9863124847642369,0.9972623874538202,0.9972623874538202,0.9972623874538202,0.9972623874538202,0.9972623874538202,0.9972623874538202,0.9972623874538202,0.9972623874538202,0.9972623874538202,0.9972623874538202,0.9972623874538202,0.9972623874538202,0.9972623874538202,0.9972623874538202,0.9999998631262164,0.9999998631262164,0.9972623874538202,0.9972623874538202,0.9972623874538202,0.9835750090918408,0.9835750090918408,0.9835750090918408,0.9835750090918408,0.9698876307298614,0.9589377280402781,0.9425128740059026,0.9425128740059026,0.9425128740059026,0.9425128740059026,0.9315629713163193,0.9288254956439231,0.9288254956439231,0.9288254956439231,0.9151381172819437,0.9151381172819437,0.9014507389199643,0.9014507389199643,0.9014507389199643,0.9014507389199643,0.8877633605579849,0.8877633605579849,0.8877633605579849,0.8877633605579849,0.8877633605579849,0.8740759821960054,0.8740759821960054,0.8631260795064221,0.8603886038340259,0.8603886038340259,0.8467012254720465,0.8467012254720465,0.8467012254720465,0.8467012254720465,0.8467012254720465,0.8467012254720465,0.8467012254720465,0.8467012254720465,0.8467012254720465,0.8740759821960054,0.8740759821960054,0.8877633605579849,0.890500836230381,0.9014507389199643,0.9041882145923604,0.9151381172819437,0.9288254956439231,0.9288254956439231,0.9288254956439231,0.9288254956439231,0.9288254956439231,0.9288254956439231,0.9288254956439231,0.9288254956439231,0.9288254956439231,0.9288254956439231,0.9288254956439231,0.9288254956439231,0.9288254956439231,0.9288254956439231,0.9288254956439231,0.9288254956439231,0.9288254956439231,0.9288254956439231,0.9288254956439231,0.9288254956439231,0.9151381172819437,0.9151381172819437,0.9151381172819437,0.9041882145923604,0.9014507389199643,0.9014507389199643,0.8877633605579849,0.8877633605579849,0.8740759821960054,0.8603886038340259,0.8603886038340259,0.8494387011444426,0.8467012254720465,0.8330138471100671,0.8193264687480877,0.8193264687480877,0.8193264687480877,0.8056390903861083,0.7919517120241288,0.7919517120241288,0.7782643336621494,0.7782643336621494,0.7782643336621494,0.76457695530017,0.76457695530017,0.76457695530017,0.7508895769381906,0.7508895769381906,0.7372021985762112,0.7235148202142317,0.7098274418522523,0.7098274418522523,0.7098274418522523,0.7098274418522523,0.6961400634902729,0.6961400634902729,0.6851901608006896,0.6824526851282935,0.6824526851282935,0.6824526851282935,0.6687653067663141,0.6687653067663141,0.6687653067663141,0.6578154040767308,0.6550779284043347,0.6550779284043347,0.6550779284043347,0.6550779284043347,0.6550779284043347,0.6550779284043347,0.6413905500423552,0.6413905500423552,0.6413905500423552,0.6413905500423552,0.6277031716803758,0.6277031716803758,0.6277031716803758,0.6277031716803758,0.6277031716803758,0.6277031716803758,0.6277031716803758,0.6277031716803758,0.6277031716803758,0.6277031716803758,0.6167532689907925,0.6167532689907925,0.6167532689907925,0.6277031716803758,0.6167532689907925,0.6167532689907925,0.6140157933183964,0.6140157933183964,0.6277031716803758,0.6167532689907925,0.6140157933183964,0.6167532689907925,0.6140157933183964,0.6167532689907925,0.6277031716803758,0.6277031716803758,0.6277031716803758,0.6413905500423552,0.6413905500423552,0.6413905500423552,0.6413905500423552,0.6413905500423552,0.6413905500423552,0.6550779284043347,0.6550779284043347,0.6550779284043347,0.6550779284043347,0.6550779284043347,0.6550779284043347
10172200,0.20960607158920705,0.20873271295758528,0.20873271295758528,0.20873271295758528,0.20873271295758528,0.20873271295758528,0.20873271295758528,0.20873271295758528,0.20873271295758528,0.20873271295758528,0.20960607158920705,0.21309950611569375,0.21309950611569375,0.21309950611569375,0.21309950611569375,0.21309950611569375,0.21309950611569375,0.21309950611569375,0.21309950611569375,0.21309950611569375,0.21309950611569375,0.21309950611569375,0.21309950611569375,0.21309950611569375,0.21309950611569375,0.21309950611569375,0.21309950611569375,0.21309950611569375,0.21309950611569375,0.2261998855900192,0.2305666787481277,0.24366705822245313,0.253274003170292,0.25676743769677857,0.25676743769677857,0.25676743769677857,0.25676743769677857,0.25676743769677857,0.25676743769677857,0.25676743769677857,0.25676743769677857,0.25676743769677857,0.2611342308548871,0.2655010240129956,0.2794747621189428,0.2838415552770513,0.2882083484351598,0.29606857611975484,0.30043536927786335,0.30043536927786335,0.30043536927786335,0.30043536927786335,0.30043536927786335,0.3135357487521888,0.3266361282265142,0.3397365077008397,0.3441033008589482,0.3441033008589482,0.3441033008589482,0.35371024580678684,0.38777123244003303,0.38777123244003303,0.4008716119143584,0.4279457294946311,0.43143916402111776,0.454146488443282,0.4751070956022026,0.4751070956022026,0.49257426823463657,0.4978144200243668,0.5109147994986921,0.5187750271832874,0.5275086134995043,0.5362421998157213,0.5502159379216685,0.5624429587643722,0.5842769245549145,0.6061108903454571,0.6148444766616741,0.6419185942419467,0.6593857668743807,0.6803463740333012,0.6934467535076265,0.7065471329819522,0.7205208710878992,0.7371146850887114,0.7371146850887114,0.7371146850887114,0.7371146850887114,0.750215064563037,0.7554552163527671,0.7633154440373623,0.7772891821433097,0.7895162029860132,0.8026165824603385,0.8113501687765555,0.8174636791979077,0.8296907000406113,0.8375509277252065,0.8558914589892622,0.8681184798319659,0.8681184798319659,0.8812188593062913,0.8995593905703468,0.904799542360077,0.9135331286762942,0.9379871703617014,0.9554543429941355,0.959821136152244,0.9615678534154876,0.9816551019427864,0.9825284605744083,0.9877686123641385,0.9956288400487336,0.9991222745752203,0.9999956332068418,0.9999956332068418,0.9991222745752203,0.9956288400487336,0.9947554814171119,0.9877686123641385,0.9868952537325167,0.9860218951008949,0.9825284605744083,0.9825284605744083,0.9711747983633263,0.9606944947838658,0.9554543429941355,0.9554543429941355,0.9432273221514317,0.94235396351981,0.9292535840454845,0.9117864114130506,0.9117864114130506,0.8960659560438601,0.8829655765695349,0.8681184798319659,0.8602582521473707,0.83929764498845,0.824450548250881,0.824450548250881,0.824450548250881,0.7999965065654736,0.7807826166697962,0.772922388985201,0.7371146850887114,0.7283810987724945,0.6986869052973569,0.6934467535076265,0.6506521805581637,0.6497788219265419,0.632311649294108,0.6061108903454571,0.59737730402924,0.568556469185724,0.5624429587643722,0.54584914476356,0.5187750271832874,0.5021812131824753,0.480347247391933,0.4751070956022026,0.4751070956022026,0.4401727503373347,0.43143916402111776,0.40960519823057534,0.38777123244003303,0.38777123244003303,0.3659372666494906,0.34497665949057,0.3441033008589482,0.3441033008589482,0.3397365077008397,0.3266361282265142,0.31790254191029726,0.30043536927786335,0.30043536927786335,0.2882083484351598,0.27860140348732104,0.2655010240129956,0.25676743769677857,0.25676743769677857,0.25676743769677857,0.2524006445386701,0.23580683053785798,0.21309950611569375,0.21309950611569375,0.21309950611569375,0.20873271295758528,0.19213889895677302,0.17467172632433928,0.169431574534609,0.169431574534609,0.16506478137650052,0.15196440190217506,0.1432308155859581,0.12663700158514596,0.12576364295352416,0.12139684979541568,0.11703005663730719,0.11266326347919871,0.10829647032109022,0.10392967716298174,0.09956288400487324,0.09519609084676481,0.0873358631621697,0.08296907000406106,0.07772891821433088,0.07336212505622239,0.06899533189811391,0.06462853874000542,0.06113510421351873,0.06026174558189694,0.05589495242378845,0.05152815926567997,0.05152815926567997,0.05152815926567997,0.04716136610757149,0.04716136610757149,0.04716136610757149,0.04279457294946305,0.03842777979135457,0.03842777979135457,0.034934345264867876,0.03406098663324608,0.029694193475137597,0.029694193475137597,0.02532740031702911,0.021833965790542375,0.02096060715892063,0.02096060715892063,0.016593814000812144,0.01222702084270366,0.008733586316216969,0.0043667931581084845,0.0034934345264866907,0.0034934345264866907,0.0034934345264866907,0.0034934345264866907,0.0034934345264866907,0.0,0.0,0.0034934345264866907,0.0034934345264866907,0.0034934345264866907,0.0034934345264866907,0.0034934345264866907,0.0034934345264866907,0.0043667931581084845,0.007860227684595175,0.007860227684595175,0.008733586316216969,0.01222702084270366,0.01222702084270366,0.01222702084270366,0.01222702084270366,0.013100379474325453,0.016593814000812144,0.016593814000812144,0.016593814000812144,0.017467172632433938,0.02532740031702911,0.029694193475137597,0.03406098663324608,0.03406098663324608,0.03406098663324608,0.03406098663324608,0.03842777979135457,0.03842777979135457,0.03842777979135457,0.03842777979135457,0.04279457294946305,0.04279457294946305,0.04279457294946305,0.04716136610757149,0.04716136610757149,0.05589495242378845,0.05589495242378845,0.06026174558189694,0.06026174558189694,0.06462853874000542,0.06550189737162716,0.06899533189811391,0.07336212505622239,0.07336212505622239,0.07772891821433088,0.08209571137243936,0.08646250453054785,0.08646250453054785,0.0873358631621697,0.09170265632027808,0.09606944947838665,0.10392967716298174,0.10392967716298174,0.10829647032109022,0.10829647032109022,0.11266326347919871,0.11703005663730719,0.12576364295352416,0.12576364295352416,0.13013043611163264,0.13449722926974111,0.13537058790136292,0.1397373810594715,0.1432308155859581,0.14759760874406658,0.14759760874406658,0.15196440190217506,0.15196440190217506,0.15633119506028353,0.15633119506028353,0.16069798821839204,0.16069798821839204,0.16506478137650052,0.16506478137650052,0.169431574534609,0.169431574534609,0.169431574534609,0.169431574534609,0.169431574534609,0.169431574534609,0.169431574534609,0.169431574534609,0.169431574534609,0.169431574534609,0.169431574534609,0.169431574534609,0.169431574534609,0.169431574534609,0.169431574534609,0.169431574534609,0.169431574534609,0.169431574534609,0.169431574534609,0.169431574534609,0.169431574534609,0.169431574534609,0.169431574534609,0.169431574534609,0.169431574534609,0.169431574534609,0.169431574534609,0.169431574534609,0.169431574534609,0.169431574534609,0.169431574534609,0.169431574534609,0.169431574534609,0.169431574534609,0.169431574534609,0.169431574534609,0.169431574534609,0.169431574534609,0.169431574534609,0.169431574534609,0.169431574534609,0.169431574534609,0.17379836769271748,0.17379836769271748,0.17816516085082598,0.18253195400893435,0.18253195400893435,0.19126554032515133,0.1956323334832598,0.1956323334832598,0.1965056921148815,0.1999991266413683
10172700,0.5714204082798818,0.5714204082798818,0.5142783674518948,0.42856530620991123,0.42856530620991123,0.42856530620991123,0.42856530620991123,0.42856530620991123,0.42856530620991123,0.42856530620991123,0.42856530620991123,0.42856530620991123,0.42856530620991123,0.42856530620991123,0.42856530620991123,0.42856530620991123,0.42856530620991123,0.42856530620991123,0.42856530620991123,0.42856530620991123,0.42856530620991123,0.42856530620991123,0.42856530620991123,0.42856530620991123,0.42856530620991123,0.42856530620991123,0.42856530620991123,0.42856530620991123,0.42856530620991123,0.42856530620991123,0.42856530620991123,0.42856530620991123,0.42856530620991123,0.42856530620991123,0.42856530620991123,0.44285081641690827,0.4857073470378995,0.49999285724489656,0.5714204082798818,0.5714204082798818,0.5714204082798818,0.5714204082798818,0.5714204082798818,0.5714204082798818,0.5714204082798818,0.5714204082798818,0.5714204082798818,0.6571334695218648,0.7142755103498525,0.7142755103498525,0.7142755103498525,0.7142755103498525,0.7142755103498525,0.7142755103498525,0.7142755103498525,0.7142755103498525,0.7257039185154508,0.8428451022128257,0.8571306124198231,0.8571306124198231,0.8571306124198231,0.8571306124198231,0.8571306124198231,0.8571306124198231,0.8571306124198231,0.8571306124198231,0.8571306124198231,0.8599877144612228,0.8742732246682196,0.899987143040814,0.9142726532478114,0.9142726532478114,0.9142726532478114,0.9285581634548081,0.9285581634548081,0.917129755289211,0.9285581634548081,0.917129755289211,0.9285581634548081,0.9285581634548081,0.9428436736618048,0.9428436736618048,0.9457007757032045,0.9571291838688022,0.9571291838688022,0.9457007757032045,0.9457007757032045,0.9428436736618048,0.9428436736618048,0.9457007757032045,0.971414694075799,0.971414694075799,0.971414694075799,0.971414694075799,0.971414694075799,0.971414694075799,0.9742717961171987,0.9857002042827964,0.9742717961171987,0.9742717961171987,0.9742717961171987,0.9999857144897931,0.9999857144897931,0.9999857144897931,0.9999857144897931,0.9999857144897931,0.9999857144897931,0.988557306324196,0.939986571620407,0.939986571620407,0.917129755289211,0.888558734875217,0.8857016328338172,0.8742732246682196,0.8571306124198231,0.8571306124198231,0.8571306124198231,0.8571306124198231,0.8571306124198231,0.8571306124198231,0.8571306124198231,0.8571306124198231,0.8571306124198231,0.8571306124198231,0.8571306124198231,0.8571306124198231,0.8571306124198231,0.8571306124198231,0.8571306124198231,0.8571306124198231,0.8571306124198231,0.8571306124198231,0.8571306124198231,0.8571306124198231,0.8571306124198231,0.8571306124198231,0.8571306124198231,0.8571306124198231,0.828559592005829,0.7142755103498525,0.7142755103498525,0.7142755103498525,0.7142755103498525,0.7142755103498525,0.7142755103498525,0.7142755103498525,0.7142755103498525,0.651419265439066,0.5714204082798818,0.5714204082798818,0.5714204082798818,0.5714204082798818,0.5714204082798818,0.5714204082798818,0.5457064899072871,0.5314209797002901,0.49999285724489656,0.4714218368309024,0.4714218368309024,0.44285081641690827,0.4314224082513106,0.42856530620991123,0.42856530620991123,0.42856530620991123,0.41427979600291415,0.4028513878373165,0.3999942857959171,0.38570877558892036,0.3457093470093289,0.3285667347609321,0.31428122455393503,0.2857102041399409,0.2857102041399409,0.2857102041399409,0.2857102041399409,0.2857102041399409,0.27428179597434393,0.20571134698075802,0.17142612248396444,0.17142612248396444,0.17142612248396444,0.14856930615276975,0.1428551020699703,0.1428551020699703,0.1428551020699703,0.1428551020699703,0.1428551020699703,0.1428551020699703,0.1428551020699703,0.1428551020699703,0.1428551020699703,0.1428551020699703,0.1428551020699703,0.1428551020699703,0.1428551020699703,0.1428551020699703,0.1428551020699703,0.1428551020699703,0.1428551020699703,0.1428551020699703,0.1428551020699703,0.1428551020699703,0.1428551020699703,0.1428551020699703,0.1428551020699703,0.1428551020699703,0.1428551020699703,0.1428551020699703,0.1428551020699703,0.1428551020699703,0.1428551020699703,0.1428551020699703,0.1428551020699703,0.1428551020699703,0.1428551020699703,0.1428551020699703,0.1428551020699703,0.1428551020699703,0.14571220411137004,0.15714061227696735,0.17142612248396444,0.1599977143183671,0.17142612248396444,0.17142612248396444,0.1599977143183671,0.1428551020699703,0.1428551020699703,0.1428551020699703,0.1428551020699703,0.1428551020699703,0.1428551020699703,0.11428408165597617,0.11428408165597617,0.10285567349037884,0.09999857144897911,0.0742846530763844,0.059999142869387345,0.03142812245539385,0.028571020413994123,0.028571020413994123,0.028571020413994123,0.01714261224839679,0.014285510206997061,0.0028571020413997294,0.0028571020413997294,0.0,0.0,0.0,0.0,0.0,0.0028571020413997294,0.014285510206997061,0.014285510206997061,0.014285510206997061,0.028571020413994123,0.028571020413994123,0.028571020413994123,0.03714232653819299,0.08571306124198205,0.1428551020699703,0.1428551020699703,0.1428551020699703,0.1428551020699703,0.17142612248396444,0.17142612248396444,0.17428322452536385,0.21713975514635533,0.24285367351894974,0.2571391837259468,0.2571391837259468,0.2857102041399409,0.2857102041399409,0.2857102041399409,0.2857102041399409,0.2857102041399409,0.2857102041399409,0.2857102041399409,0.3285667347609321,0.34285224496792915,0.34285224496792915,0.35713775517492624,0.35713775517492624,0.35713775517492624,0.3714232653819233,0.3714232653819233,0.3714232653819233,0.3714232653819233,0.41427979600291415,0.41427979600291415,0.41427979600291415,0.41427979600291415,0.41427979600291415,0.42856530620991123,0.49999285724489656,0.5285638776588907,0.5714204082798818,0.5714204082798818,0.599991428693876,0.6285624491078701,0.6285624491078701,0.6285624491078701,0.6285624491078701,0.6285624491078701,0.6285624491078701,0.6285624491078701,0.6285624491078701,0.6285624491078701,0.6285624491078701,0.6285624491078701,0.6285624491078701,0.6285624491078701,0.6285624491078701,0.6285624491078701,0.6285624491078701,0.5714204082798818,0.5714204082798818,0.5714204082798818,0.5714204082798818,0.5714204082798818,0.5714204082798818,0.519992571534693,0.519992571534693,0.5142783674518936,0.4685647347895043,0.42856530620991123,0.42856530620991123,0.42856530620991123,0.42856530620991123,0.42856530620991123,0.42856530620991123,0.42856530620991123,0.42856530620991123,0.42856530620991123,0.42856530620991123,0.42856530620991123,0.42856530620991123,0.42856530620991123,0.42856530620991123,0.42856530620991123,0.42856530620991123,0.42856530620991123,0.42856530620991123,0.42856530620991123,0.42856530620991123,0.42856530620991123,0.42856530620991123,0.41427979600291415,0.41427979600291415,0.41427979600291415,0.41427979600291415,0.41427979600291415,0.4028513878373165,0.4028513878373165,0.4028513878373165,0.41427979600291415,0.41427979600291415,0.41427979600291415,0.41427979600291415,0.42856530620991123,0.42856530620991123,0.42856530620991123,0.42856530620991123,0.42856530620991123,0.42856530620991123,0.42856530620991123,0.42856530620991123
10172800,0.006197315075216818,0.006197315075216818,0.006197315075216818,0.006197315075216818,0.006197315075216818,0.006197315075216818,0.006197315075216818,0.006197315075216818,0.0032226038391128,0.0014873556180520363,0.0012394630150433636,0.0002478926030086727,0.0002478926030086727,0.0002478926030086727,0.0,0.0,0.0,0.0,0.0,0.0,0.0,0.0,0.0,0.0,0.0,0.0,0.0,0.0,0.0,0.0,0.0,0.0,0.0,0.0,0.0,0.0,0.0,0.0,0.0,0.0,0.0,0.0,0.0,0.0,0.0002478926030086727,0.0032226038391128,0.006197315075216818,0.006197315075216818,0.006197315075216818,0.006197315075216818,0.006197315075216818,0.006197315075216818,0.006197315075216818,0.008924133708312217,0.012394630150433636,0.012394630150433636,0.012394630150433636,0.012394630150433636,0.012394630150433636,0.01264252275344228,0.01735248221060709,0.022558226873789243,0.024789260300867273,0.02627661591891931,0.029747112361040724,0.03371339400917949,0.03470496442121418,0.037183890451300904,0.037183890451300904,0.04635591676262177,0.04957852060173449,0.050074305807751886,0.061973150752168124,0.0706493918574717,0.0706493918574717,0.07312831788755843,0.08304402200790528,0.0867624110530354,0.0867624110530354,0.0867624110530354,0.0971739003793997,0.10535435627868582,0.10659381929372916,0.1115516713539026,0.11403059738398934,0.12394630150433625,0.12394630150433625,0.1291520461675184,0.1388198576848566,0.14278613933299536,0.1487355618052035,0.15418919907139442,0.16113019195563716,0.1650964736037759,0.17352482210607073,0.17352482210607073,0.17352482210607073,0.18591945225650436,0.19707461939189466,0.21070871255737164,0.21219606817542366,0.2233512353108139,0.2478926030086725,0.2602872331591061,0.2751607893396266,0.29747112361040695,0.3098657537608407,0.3212688134992397,0.33465501406170783,0.3475454294181589,0.37183890451300877,0.3842335346634424,0.39142242015069395,0.40902279496430965,0.4214174251147432,0.4387699073253504,0.4499250744607406,0.45860131556604405,0.4727311939375386,0.5007430580775185,0.5086756213737958,0.532969096468646,0.5577583567695131,0.5701529869199466,0.5994043140749701,0.6321261376721148,0.6569153979729822,0.6695579207264243,0.7064939185747166,0.7231027229762979,0.7560724391764511,0.7863153367435093,0.8324233609031224,0.8552294803799202,0.9015853971425417,0.9172026311320882,0.9370340393727821,0.954386521583389,0.9667811517338226,0.9667811517338226,0.977192641060187,0.9791757818842564,0.99157041203469,0.99157041203469,0.99157041203469,0.9945451232707939,0.9977677271099067,0.9980156197129154,0.999998760536985,0.9980156197129154,0.99157041203469,0.9843815265474385,0.977192641060187,0.9667811517338226,0.954386521583389,0.9419918914329555,0.9233999462073049,0.9048080009816545,0.8924133708312209,0.8800187406807873,0.8552294803799202,0.8403559241993996,0.8170540195165846,0.7821011624923617,0.76747549891485,0.7511145871162778,0.7268211120214279,0.6817046582738494,0.6445207678225484,0.6177483666976118,0.5875054691305538,0.5577583567695131,0.532969096468646,0.5131376882279521,0.495785206017345,0.4709959457164778,0.4462066854156105,0.4278626327929689,0.4149722174365179,0.3842335346634424,0.3842335346634424,0.37183890451300877,0.35448642230240174,0.3470496442121415,0.33465501406170783,0.3212688134992397,0.29747112361040695,0.28978645291713834,0.2726818633095397,0.2602872331591061,0.24838838821468984,0.23549797285823887,0.22310334270780527,0.21070871255737164,0.21070871255737164,0.2082297865272849,0.19335623034676455,0.18591945225650436,0.18344052622641766,0.17997002978429627,0.17352482210607073,0.17352482210607073,0.16236965497068048,0.16113019195563716,0.15790758811652444,0.1487355618052035,0.14774399139316882,0.13658882425777852,0.13634093165476988,0.12419419410734495,0.12394630150433625,0.12022791245920618,0.11898844944416279,0.1117995639569113,0.1115516713539026,0.1115516713539026,0.10535435627868582,0.09915704120346903,0.09097658530418286,0.0867624110530354,0.0867624110530354,0.0867624110530354,0.0867624110530354,0.0867624110530354,0.08106088118383595,0.07932563296277521,0.07436778090260175,0.07312831788755843,0.0708972844604804,0.0706493918574717,0.0694099288424283,0.06346050637022022,0.061973150752168124,0.061973150752168124,0.061973150752168124,0.061973150752168124,0.061973150752168124,0.061973150752168124,0.061973150752168124,0.061973150752168124,0.061973150752168124,0.061973150752168124,0.059990009928098796,0.05825476170703806,0.05577583567695133,0.04982641320474319,0.04957852060173449,0.04957852060173449,0.04957852060173449,0.04957852060173449,0.04957852060173449,0.04957852060173449,0.04957852060173449,0.04957852060173449,0.04957852060173449,0.04957852060173449,0.04957852060173449,0.04362909812952634,0.037927568260327005,0.037183890451300904,0.037183890451300904,0.037183890451300904,0.037183890451300904,0.037183890451300904,0.037183890451300904,0.037183890451300904,0.037927568260327005,0.042389635114483064,0.042389635114483064,0.037927568260327005,0.037183890451300904,0.037183890451300904,0.037183890451300904,0.037183890451300904,0.037183890451300904,0.037183890451300904,0.037183890451300904,0.037183890451300904,0.037183890451300904,0.037183890451300904,0.037183890451300904,0.037183890451300904,0.037183890451300904,0.037183890451300904,0.037183890451300904,0.037183890451300904,0.037183890451300904,0.037183890451300904,0.037183890451300904,0.037183890451300904,0.037183890451300904,0.042389635114483064,0.0433812055265177,0.0433812055265177,0.0433812055265177,0.0433812055265177,0.0433812055265177,0.0433812055265177,0.0433812055265177,0.0433812055265177,0.0433812055265177,0.04833905758669115,0.04833905758669115,0.04957852060173449,0.04957852060173449,0.04957852060173449,0.04957852060173449,0.04957852060173449,0.04957852060173449,0.04957852060173449,0.04957852060173449,0.04957852060173449,0.04957852060173449,0.04957852060173449,0.04957852060173449,0.04957852060173449,0.04957852060173449,0.043133312923509165,0.037183890451300904,0.037183890451300904,0.037183890451300904,0.037183890451300904,0.037183890451300904,0.037183890451300904,0.037183890451300904,0.037183890451300904,0.037183890451300904,0.03495285702422288,0.03470496442121418,0.03470496442121418,0.03470496442121418,0.03470496442121418,0.03470496442121418,0.027763971536971455,0.024789260300867273,0.018591945225650428,0.014873556180520362,0.012394630150433636,0.012394630150433636,0.012394630150433636,0.012394630150433636,0.012394630150433636,0.012394630150433636,0.012394630150433636,0.012394630150433636,0.012394630150433636,0.012394630150433636,0.012394630150433636,0.012394630150433636,0.012394630150433636,0.012394630150433636,0.012394630150433636,0.012394630150433636,0.012394630150433636,0.012394630150433636,0.012394630150433636,0.012394630150433636,0.012394630150433636,0.012394630150433636,0.012394630150433636,0.012394630150433636,0.01016359672335558,0.006197315075216818,0.006197315075216818,0.006197315075216818,0.006197315075216818
10173450,0.013217389388784157,0.013043476370510676,0.013043476370510676,0.01173912873345961,0.011594201218231704,0.011594201218231704,0.011594201218231704,0.01078260713295551,0.010231882575089488,0.010231882575089488,0.008753621919764965,0.008173911858853354,0.007536230791850629,0.007246375761394817,0.007246375761394817,0.007246375761394817,0.007246375761394817,0.007246375761394817,0.007246375761394817,0.005797100609115859,0.0029565213106490943,0.0017391301827347834,0.0012173911279143238,0.0006376810670027509,0.0,0.0,0.0,0.0,0.0,0.0,0.0,0.0,0.00011594201218233005,0.0010434781096408674,0.0024347822558286737,0.005797100609115859,0.006666665700483244,0.007246375761394817,0.007246375761394817,0.007246375761394817,0.007246375761394817,0.007246375761394817,0.007246375761394817,0.007246375761394817,0.008695650913673775,0.008695650913673775,0.011594201218231704,0.011594201218231704,0.011999998260869834,0.013333331400966488,0.014492751522789634,0.014492751522789634,0.014492751522789634,0.014492751522789634,0.014492751522789634,0.014492751522789634,0.015942026675068593,0.017391301827347563,0.020405794144087823,0.02173912728418445,0.02173912728418445,0.02173912728418445,0.023217387939508997,0.026144923747112504,0.027855068426801684,0.02886956103339695,0.02898550304557927,0.02898550304557927,0.02898550304557927,0.02898550304557927,0.02898550304557927,0.02898550304557927,0.029014488548624855,0.031159415773997716,0.031536227313590244,0.03292753145977805,0.03478260365469513,0.03623187880697409,0.03626086431001967,0.03898550159630411,0.04057970426381099,0.04089854479731236,0.04130434183995045,0.0433623125561866,0.0434782545683689,0.0434782545683689,0.046376804872926815,0.0478260800252058,0.04927535517748476,0.050724630329763716,0.05150723891199439,0.05507245578660062,0.05797100609115854,0.05942028124343749,0.06231883154799543,0.0666666570048323,0.06956520730939025,0.07246375761394817,0.07246375761394817,0.07826085822306403,0.0869565091367378,0.0869565091367378,0.0869565091367378,0.10144926065952743,0.10608694114682014,0.11594201218231708,0.12202896782188874,0.1304347637051067,0.1304347637051067,0.14492751522789635,0.15942026675068596,0.1739130182734756,0.18840576979626525,0.20289852131905486,0.2173912728418445,0.23217387939509,0.2597101072883903,0.2898550304557927,0.3046376370090381,0.3333332850241616,0.3565216874606251,0.3913042911153201,0.4063767526990214,0.434782545683689,0.4678260191556496,0.5228984749422501,0.5669564395715305,0.6376810670027439,0.710144824616692,0.7837680023524635,0.8417390084436221,0.8944926239865761,0.9275360974585366,0.9565216005041158,0.9686955117832592,0.9855071035496951,0.9889853639151648,0.9959418846461036,0.9999998550724847,0.9999998550724847,0.9999998550724847,0.9999998550724847,0.9959418846461036,0.9855071035496951,0.9518839200168232,0.9350723282503873,0.8846375529510794,0.8417390084436221,0.8115940852762195,0.7837680023524635,0.7417390229363735,0.7104346796471479,0.6599999043478401,0.6365216468809207,0.5953622325561982,0.5785506407897621,0.539710066708686,0.5220289098508827,0.5005796375971541,0.4788405103129696,0.4594202232724314,0.4481158770846555,0.4284057350136616,0.4121738533081373,0.3936231313589665,0.37217385910523787,0.3623187880697408,0.3455071963033049,0.3333332850241616,0.3188405335013719,0.307536187313596,0.30086952161311287,0.2898550304557927,0.27739126414619364,0.275362278933003,0.2669564830497851,0.2582608321361113,0.24811590607015854,0.24521735576560064,0.23565213976055951,0.23188402436463415,0.23188402436463415,0.22666663381642993,0.21826083793321202,0.2173912728418445,0.20898547695862654,0.20289852131905486,0.20289852131905486,0.19999997101449696,0.19014489997900005,0.18840576979626525,0.18840576979626525,0.18318837924806103,0.17420287330393144,0.1739130182734756,0.1739130182734756,0.1710144679689177,0.1684057726948156,0.1611593969334208,0.15942026675068596,0.15942026675068596,0.15362316614157015,0.15072461583701216,0.14666664541063115,0.14492751522789635,0.14492751522789635,0.14492751522789635,0.14231881995379422,0.13913041461878048,0.13623186431422257,0.13217389388784145,0.1304347637051067,0.1304347637051067,0.1304347637051067,0.1304347637051067,0.12927534358328355,0.1275362134005488,0.12463766309599085,0.12173911279143293,0.11623186721277286,0.11594201218231708,0.11594201218231708,0.11594201218231708,0.11594201218231708,0.11594201218231708,0.11594201218231708,0.11449273703003811,0.11188404175593601,0.1101449115732012,0.10869563642092225,0.1072463612686433,0.10579708611636433,0.10434781096408535,0.10434781096408535,0.10318839084226218,0.1028985358118064,0.10173911568998323,0.10144926065952743,0.10144926065952743,0.10144926065952743,0.10144926065952743,0.09884056538542534,0.09594201508086736,0.09275360974585366,0.09014491447175156,0.08869563931947255,0.08724636416719359,0.0869565091367378,0.0869565091367378,0.0869565091367378,0.0869565091367378,0.0869565091367378,0.07565216294896192,0.07246375761394817,0.07246375761394817,0.07246375761394817,0.07246375761394817,0.07246375761394817,0.07246375761394817,0.07246375761394817,0.07246375761394817,0.07246375761394817,0.07246375761394817,0.07246375761394817,0.07246375761394817,0.07246375761394817,0.07246375761394817,0.07246375761394817,0.07246375761394817,0.07246375761394817,0.07246375761394817,0.0637681067002744,0.0637681067002744,0.06231883154799543,0.06231883154799543,0.05942028124343749,0.05797100609115854,0.05797100609115854,0.05797100609115854,0.05942028124343749,0.06231883154799543,0.0637681067002744,0.0637681067002744,0.07246375761394817,0.07246375761394817,0.07246375761394817,0.07246375761394817,0.07246375761394817,0.07246375761394817,0.07246375761394817,0.07246375761394817,0.07246375761394817,0.07246375761394817,0.07246375761394817,0.07246375761394817,0.07246375761394817,0.07246375761394817,0.07246375761394817,0.07246375761394817,0.07246375761394817,0.07246375761394817,0.07246375761394817,0.07246375761394817,0.07246375761394817,0.07246375761394817,0.07246375761394817,0.07246375761394817,0.07246375761394817,0.07246375761394817,0.07130433749212502,0.0710144824616692,0.06985506233984606,0.06550723688300913,0.058550716152070185,0.05797100609115854,0.055652165847512244,0.050724630329763716,0.046376804872926815,0.04405796462928047,0.0434782545683689,0.0434782545683689,0.0415652113673607,0.038550719050620456,0.03776811046838981,0.03768115395925304,0.03672463235874894,0.03623187880697409,0.03623187880697409,0.03611593679479178,0.03484057466078628,0.03194202435622834,0.031884053350137186,0.02898550304557927,0.02898550304557927,0.02898550304557927,0.02898550304557927,0.02898550304557927,0.02898550304557927,0.02898550304557927,0.02898550304557927,0.02898550304557927,0.026376807771477162,0.026086952741021338,0.023188402436463407,0.02173912728418445,0.02173912728418445,0.019130432010082347,0.017391301827347563,0.014492751522789634,0.014492751522789634,0.014492751522789634,0.014492751522789634,0.014492751522789634,0.014492751522789634,0.014492751522789634,0.014492751522789634,0.014492751522789634,0.014492751522789634,0.014492751522789634,0.014492751522789634,0.014492751522789634,0.014492751522789634,0.014492751522789634,0.014492751522789634,0.014492751522789634,0.014492751522789634
10174500,0.055555547839507245,0.04888888209876641,0.04722221566358114,0.04444443827160583,0.04333332731481571,0.04333332731481571,0.04333332731481571,0.04194443861882801,0.04166666087963043,0.04166666087963043,0.04166666087963043,0.04166666087963043,0.04166666087963043,0.04166666087963043,0.04166666087963043,0.04166666087963043,0.04166666087963043,0.04166666087963043,0.04166666087963043,0.04166666087963043,0.04166666087963043,0.04166666087963043,0.04166666087963043,0.04166666087963043,0.04166666087963043,0.04055554992284031,0.03638888383487731,0.036111106095679725,0.03499999513888961,0.03499999513888961,0.036111106095679725,0.03638888383487731,0.03916666122685261,0.04166666087963043,0.04166666087963043,0.04166666087963043,0.04166666087963043,0.04166666087963043,0.04166666087963043,0.04166666087963043,0.04166666087963043,0.04166666087963043,0.04166666087963043,0.0449999937500009,0.04999999305555654,0.04999999305555654,0.05416665914351954,0.055555547839507245,0.055555547839507245,0.055555547839507245,0.055555547839507245,0.05972221392747024,0.06249999131944565,0.06416665775463093,0.06805554610339636,0.06944443479938406,0.06944443479938406,0.06944443479938406,0.07222221219135945,0.07638887827932246,0.07805554471450774,0.08333332175926086,0.08472221045524857,0.08638887689043374,0.09055554297839685,0.09305554263117467,0.09611109776234755,0.09722220871913767,0.09722220871913767,0.09722220871913767,0.09888887515432296,0.10138887480710068,0.10277776350308838,0.10416665219907607,0.10694442959105148,0.10888887376543424,0.11111109567901449,0.11138887341821206,0.11249998437500218,0.11249998437500218,0.11388887307098988,0.1194444278549406,0.1249999826388913,0.1277777600308667,0.13638886994599028,0.1402777582947558,0.14444442438271882,0.14722220177469422,0.14999997916666952,0.15277775655864492,0.15277775655864492,0.1558333116898178,0.1572222003858055,0.16666664351852173,0.16972219864969462,0.18055553047839853,0.18361108560957143,0.19305552874228765,0.19722219483025075,0.20722219344136203,0.20861108213734975,0.21833330300926346,0.22388885779321424,0.2361110783179058,0.2502777430169802,0.2655555186728445,0.291666626157413,0.30555551311728985,0.3194444000771666,0.33333328703704346,0.3549999506944513,0.37277772600309367,0.37972216948303206,0.3969443893132794,0.4166666087963043,0.4333332731481565,0.47083326793982394,0.4999999305555652,0.5277777044753188,0.5844443632716163,0.6388888001543332,0.7083332349537174,0.7561110060956935,0.8194443306327318,0.8472221045524855,0.8777776558642146,0.9166665393518695,0.9444443132716231,0.9583332002314999,0.9722220871913767,0.9861109741512536,0.9999998611111304,0.9999998611111304,0.9999998611111304,0.9999998611111304,0.9999998611111304,0.9999998611111304,0.9999998611111304,0.9999998611111304,0.9749998645833523,0.9722220871913767,0.9583332002314999,0.9444443132716231,0.9166665393518695,0.8888887654321159,0.8611109915123623,0.8361109949845842,0.805555443672855,0.7524998954861258,0.7274998989583473,0.6808332387731612,0.6388888001543332,0.6186110251929132,0.5847221410108137,0.5533332564814922,0.5144443729938372,0.48916659872686125,0.4519443816743915,0.4266666074074156,0.40999994305556337,0.39638883383488427,0.37555550339506905,0.36111106095679707,0.34277773016975976,0.3194444000771666,0.3002777360725365,0.28027773885031415,0.26166663032407916,0.2361110783179058,0.22222219135802898,0.20833330439815215,0.19444441743827534,0.1891666403935222,0.17611108665123806,0.16666664351852173,0.1530555342978425,0.14666664629629916,0.12805553777006418,0.11833331689815046,0.11111109567901449,0.11111109567901449,0.10472220767747124,0.09722220871913767,0.09611109776234755,0.08638887689043374,0.08333332175926086,0.08333332175926086,0.07499998958333476,0.06944443479938406,0.06944443479938406,0.06527776871142105,0.06249999131944565,0.05749999201389,0.055555547839507245,0.055555547839507245,0.055555547839507245,0.055555547839507245,0.055555547839507245,0.055555547839507245,0.055555547839507245,0.055555547839507245,0.055555547839507245,0.04666666018518618,0.043055549575618135,0.04166666087963043,0.04166666087963043,0.04166666087963043,0.04166666087963043,0.03638888383487731,0.03388888418209948,0.030833329050926502,0.027777773919753623,0.027777773919753623,0.027777773919753623,0.02638888522376592,0.022777774614197978,0.019722219483025095,0.019444441743827513,0.019444441743827513,0.018333330787037395,0.016944442091049693,0.018333330787037395,0.019444441743827513,0.018333330787037395,0.018333330787037395,0.01416666469907439,0.013888886959876811,0.013888886959876811,0.013888886959876811,0.013888886959876811,0.013888886959876811,0.013888886959876811,0.013888886959876811,0.013888886959876811,0.013888886959876811,0.013888886959876811,0.013888886959876811,0.013888886959876811,0.013888886959876811,0.013888886959876811,0.013888886959876811,0.013888886959876811,0.013888886959876811,0.013888886959876811,0.01111110956790141,0.0013888886959877009,0.0013888886959877009,0.00027777773919757966,0.0,0.0,0.0,0.0,0.0,0.0,0.0,0.0,0.0,0.0,0.0,0.0,0.0,0.0,0.0,0.0,0.0,0.0,0.0,0.0,0.0,0.0,0.0,0.0,0.0027777773919755,0.011388887307098989,0.013888886959876811,0.013888886959876811,0.013888886959876811,0.013888886959876811,0.01583333113425977,0.02555555200617338,0.027777773919753623,0.03472221739969203,0.04166666087963043,0.04166666087963043,0.04472221601080331,0.055555547839507245,0.06944443479938406,0.06944443479938406,0.07638887827932256,0.09722220871913767,0.09888887515432296,0.10444442993827366,0.11111109567901449,0.11111109567901449,0.11249998437500218,0.11388887307098988,0.11694442820216276,0.12083331655092829,0.1236110939429036,0.1249999826388913,0.1249999826388913,0.1249999826388913,0.12527776037808888,0.1277777600308667,0.130555537422842,0.1349999812500026,0.13638886994599028,0.1374999809027804,0.13888886959876812,0.13888886959876812,0.13944442507716326,0.1433333134259287,0.14444442438271882,0.1416666469907435,0.13888886959876812,0.13888886959876812,0.13888886959876812,0.13888886959876812,0.13888886959876812,0.13888886959876812,0.13888886959876812,0.13888886959876812,0.13777775864197797,0.1349999812500026,0.1349999812500026,0.133611092554015,0.13222220385802727,0.130555537422842,0.12944442646605187,0.12527776037808888,0.1249999826388913,0.1249999826388913,0.1249999826388913,0.1249999826388913,0.11972220559413817,0.11416665081018737,0.11111109567901449,0.11111109567901449,0.10722220733024897,0.10166665254629825,0.09722220871913767,0.09722220871913767,0.09722220871913767,0.09611109776234755,0.09194443167438456,0.08333332175926086,0.0799999888888905,0.06972221253858163,0.06944443479938406,0.06944443479938406,0.06944443479938406,0.06944443479938406,0.06944443479938406,0.06805554610339636,0.06666665740740865,0.06527776871142105,0.06249999131944565,0.06249999131944565,0.06305554679784081,0.06527776871142105,0.06305554679784081,0.05777776975308748,0.05583332557870482,0.055555547839507245,0.055555547839507245,0.055555547839507245
10183500,0.8635329140611893,0.8635329140611893,0.8574677136112424,0.8635329140611893,0.8635329140611893,0.8635329140611893,0.8635329140611893,0.8635329140611893,0.8711144146236228,0.8711144146236228,0.8711144146236228,0.8711144146236228,0.8711144146236228,0.8711144146236228,0.8711144146236228,0.8711144146236228,0.8786959151860565,0.8786959151860565,0.8786959151860565,0.8862774157484901,0.8862774157484901,0.8862774157484901,0.8862774157484901,0.8862774157484901,0.8877937158609769,0.8938589163109237,0.8938589163109237,0.8938589163109237,0.9014404168733573,0.9014404168733573,0.909021917435791,0.909021917435791,0.909021917435791,0.909021917435791,0.9166034179982245,0.9166034179982245,0.9181197181107114,0.9241849185606582,0.925701218673145,0.9317664191230918,0.9317664191230918,0.9393479196855254,0.9408642197980123,0.946929420247959,0.9545109208103927,0.9545109208103927,0.9545109208103927,0.9620924213728262,0.9636087214853131,0.9696739219352599,0.9696739219352599,0.9772554224976935,0.9848369230601272,0.9848369230601272,0.9924184236225607,0.9924184236225607,0.9924184236225607,0.9924184236225607,0.9939347237350475,0.9999999241849944,0.9999999241849944,0.9999999241849944,0.9924184236225607,0.9924184236225607,0.9924184236225607,0.9924184236225607,0.9848369230601272,0.9848369230601272,0.9772554224976935,0.9620924213728262,0.9545109208103927,0.9393479196855254,0.9241849185606582,0.8938589163109237,0.8711144146236228,0.848369912936322,0.8256254112490211,0.7952994089992866,0.766489706862039,0.7437452051747382,0.7194844033749505,0.6906747012377028,0.6667171594604125,0.6436693977506143,0.5830173932511453,0.5445033703939826,0.4959817667944075,0.46171338425220737,0.4238058814400393,0.4010613797527384,0.36315387694057033,0.31705835352097395,0.2824867109562767,0.25489004890901823,0.2200151463218237,0.19681575460077674,0.17361636287972987,0.15845336175486263,0.13646701012380513,0.13570886006756178,0.12812735950512816,0.12054585894269454,0.11296435838026092,0.1076573079865574,0.1053828578178273,0.09780135725539368,0.09401060697417687,0.09021985669296007,0.08885518659172202,0.08369976620926718,0.08263835613052645,0.08263835613052645,0.08263835613052645,0.08263835613052645,0.08263835613052645,0.08263835613052645,0.07642152566933093,0.07505685556809283,0.07505685556809283,0.07505685556809283,0.07505685556809283,0.07505685556809283,0.07505685556809283,0.07505685556809283,0.07520848557934152,0.07687641570307688,0.0814253160405371,0.08263835613052645,0.0814253160405371,0.07930249588305573,0.07687641570307688,0.07520848557934152,0.07520848557934152,0.07505685556809283,0.07520848557934152,0.07520848557934152,0.07505685556809283,0.07505685556809283,0.07505685556809283,0.07505685556809283,0.07505685556809283,0.07505685556809283,0.0729340354106114,0.0676269850169079,0.06747535500565921,0.06686883496066454,0.06065200449946896,0.05989385444322559,0.05989385444322559,0.05928733439823091,0.05231235388079197,0.05231235388079197,0.04639878344209377,0.044730853318358355,0.044730853318358355,0.037149352755924736,0.033510232485956595,0.030326002249734474,0.029567852193491114,0.029567852193491114,0.029567852193491114,0.027293402024761024,0.02426080179978759,0.021986351631057496,0.021986351631057496,0.02122820157481414,0.018953751406084046,0.01667930123735397,0.015314631136115907,0.014404851068623879,0.014404851068623879,0.014404851068623879,0.014404851068623879,0.014404851068623879,0.013798331023629202,0.01288855095613716,0.011372250843650428,0.00909780067492035,0.007733130573682288,0.00682335050619026,0.00682335050619026,0.00682335050619026,0.00682335050619026,0.00682335050619026,0.00682335050619026,0.00682335050619026,0.006065200449946901,0.005307050393703541,0.004548900337460168,0.0037907502812168092,0.0030326002249734503,0.002274450168730091,0.0015163001124867319,0.0015163001124867319,0.0015163001124867319,0.0015163001124867319,0.0015163001124867319,0.0015163001124867319,0.0015163001124867319,0.002274450168730091,0.002274450168730091,0.002274450168730091,0.0016679301237354145,0.002274450168730091,0.002274450168730091,0.0016679301237354145,0.0016679301237354145,0.0016679301237354145,0.0015163001124867319,0.0015163001124867319,0.0016679301237354145,0.0015163001124867319,0.0015163001124867319,0.0015163001124867319,0.0009097800674920552,0.0007581500562433592,0.0,0.0,0.0,0.0,0.0,0.00015163001124866913,0.0007581500562433592,0.0015163001124867319,0.0030326002249734503,0.0030326002249734503,0.0030326002249734503,0.0030326002249734503,0.0030326002249734503,0.002426080179978774,0.002274450168730091,0.002274450168730091,0.002274450168730091,0.002274450168730091,0.0030326002249734503,0.0030326002249734503,0.0030326002249734503,0.0037907502812168092,0.0037907502812168092,0.0037907502812168092,0.0037907502812168092,0.0037907502812168092,0.0037907502812168092,0.0037907502812168092,0.0037907502812168092,0.0037907502812168092,0.0037907502812168092,0.004700530348708864,0.00682335050619026,0.00682335050619026,0.00682335050619026,0.00682335050619026,0.00682335050619026,0.00682335050619026,0.00682335050619026,0.00682335050619026,0.00682335050619026,0.00682335050619026,0.00682335050619026,0.007733130573682288,0.00909780067492035,0.00985595073116371,0.01061410078740707,0.011372250843650428,0.013040180967385842,0.014404851068623879,0.014404851068623879,0.014404851068623879,0.014404851068623879,0.014404851068623879,0.014404851068623879,0.014404851068623879,0.014404851068623879,0.015921151181110597,0.01743745129359733,0.019863531473576102,0.021986351631057496,0.022744501687300855,0.029567852193491114,0.034874902587194646,0.037149352755924736,0.037149352755924736,0.041091733048390214,0.044730853318358355,0.05231235388079197,0.05246398389204067,0.06686883496066454,0.07126610528687602,0.07748293574807166,0.09021985669296007,0.09780135725539368,0.1053828578178273,0.11296435838026092,0.11417739847025032,0.12054585894269454,0.12843061952762555,0.14950719109119096,0.15845336175486263,0.16542834227230158,0.1758908130484599,0.18589839379087236,0.1887793640045971,0.19636086456703072,0.2100075655794112,0.22835479694050057,0.24200149795288112,0.26702044980891204,0.2855193111812501,0.310083373003535,0.3313115745783491,0.3489006558831952,0.3771038379754482,0.40151626978648447,0.4189537210800819,0.44761179320608085,0.4920393865019419,0.517968118425465,0.5463229305289667,0.5754358926887118,0.6062167849721922,0.6512508983130479,0.6830932006752692,0.7194844033749505,0.7422289050622514,0.766489706862039,0.7952994089992866,0.8256254112490211,0.8332069118114548,0.848369912936322,0.8559514134987556,0.8635329140611893,0.8726307147361096,0.8786959151860565,0.8862774157484901,0.8862774157484901,0.8938589163109237,0.8938589163109237,0.9014404168733573,0.9014404168733573,0.9014404168733573,0.9014404168733573,0.9014404168733573,0.9014404168733573,0.9014404168733573,0.9014404168733573,0.9014404168733573,0.8938589163109237,0.8938589163109237,0.8938589163109237,0.8938589163109237,0.8862774157484901,0.8862774157484901,0.8786959151860565,0.8786959151860565,0.8786959151860565,0.8786959151860565,0.8726307147361096,0.8726307147361096,0.8726307147361096,0.8711144146236228,0.8711144146236228,0.8711144146236228,0.8711144146236228,0.8711144146236228,0.8635329140611893,0.8635329140611893
10189000,0.011066633969079991,0.011066633969079991,0.011066633969079991,0.011066633969079991,0.010124792780222134,0.008947491294149791,0.008712030996935306,0.007770189808077449,0.006592888322005064,0.005180126538718258,0.0054155868359327215,0.007770189808077449,0.008712030996935306,0.010124792780222134,0.011066633969079991,0.011066633969079991,0.011066633969079991,0.011066633969079991,0.011066633969079991,0.011066633969079991,0.011066633969079991,0.011066633969079991,0.011066633969079991,0.011066633969079991,0.011066633969079991,0.011066633969079991,0.011066633969079991,0.011066633969079991,0.011066633969079991,0.011066633969079991,0.011066633969079991,0.011066633969079991,0.011066633969079991,0.013421236941224676,0.014598538427297041,0.016953141399441724,0.01813044288551407,0.01930774437158641,0.02283964882980346,0.02283964882980346,0.02283964882980346,0.02283964882980346,0.02283964882980346,0.02283964882980346,0.025194251801948144,0.028726156260165194,0.03108075923230988,0.03461266369052693,0.03461266369052693,0.03461266369052693,0.03461266369052693,0.03461266369052693,0.03461266369052693,0.03578996517659927,0.03814456814874398,0.04049917112088866,0.041676472606961,0.04403107557910571,0.04403107557910571,0.04520837706517805,0.0463856785512504,0.0463856785512504,0.0463856785512504,0.0463856785512504,0.0463856785512504,0.04756298003732274,0.04874028152339508,0.04874028152339508,0.04897574182060959,0.04991758300946744,0.05015304330668193,0.05109488449553979,0.05133034479275427,0.05109488449553979,0.05109488449553979,0.04991758300946744,0.04874028152339508,0.04874028152339508,0.0477984403345372,0.04756298003732274,0.04756298003732274,0.04756298003732274,0.04756298003732274,0.04756298003732274,0.04756298003732274,0.04756298003732274,0.04662113884846486,0.0463856785512504,0.04662113884846486,0.04756298003732274,0.04756298003732274,0.04756298003732274,0.04756298003732274,0.04874028152339508,0.04991758300946744,0.05109488449553979,0.05344948746768447,0.05815869341197386,0.05815869341197386,0.06757710530055265,0.06993170827269733,0.0711090097587697,0.07464091421698671,0.07935012016127611,0.0817047231334208,0.08759123056378254,0.0923004365080719,0.10525075285486774,0.12879678257631466,0.145514463678542,0.17588884201920854,0.1994348717406555,0.22910286918967865,0.2455850899946915,0.2700729609049963,0.28184597576571974,0.2936189906264432,0.299505498056805,0.3077466084593114,0.3171650203478902,0.3277607337225413,0.3407110500693371,0.3564868899827066,0.3670826033573577,0.3772073961375798,0.387803109512231,0.3995761243729545,0.41134913923367794,0.4231221540944014,0.43489516895512487,0.44831640589634963,0.46032488105428754,0.4716269753205822,0.4819872283980188,0.49164110058381194,0.4977630683113882,0.5060041787138947,0.5234282407077653,0.5420296041877084,0.564398332423083,0.6114903918659769,0.6468094364481473,0.6950787973771138,0.7292205404732116,0.7619495217860228,0.8045678355818422,0.8610783069133147,0.90299023981749,0.9175887782447871,0.9352483005358723,0.9529078228269575,0.9660935994709678,0.9882268674091279,0.9917587718673448,0.9999998822698514,0.9999998822698514,0.9999998822698514,0.9999998822698514,0.9999998822698514,0.9999998822698514,0.9999998822698514,0.9999998822698514,0.9999998822698514,0.9896396291924148,0.9882268674091279,0.9882268674091279,0.9882268674091279,0.9813985187899085,0.9736283289818308,0.9736283289818308,0.9736283289818308,0.9736283289818308,0.9736283289818308,0.9663290597681823,0.9663290597681823,0.964680837687681,0.964680837687681,0.9571461081768179,0.9529078228269575,0.9472567756938102,0.9303036342943684,0.9263008092417225,0.9175887782447871,0.9058157633840637,0.9039320810063479,0.9025193192230611,0.9025193192230611,0.8956909706038416,0.8940427485233401,0.8940427485233401,0.8931009073344823,0.8867434793096917,0.8867434793096917,0.8867434793096917,0.8848597969319758,0.8822697336626166,0.8822697336626166,0.8766186865294695,0.8723804011796091,0.8704967188018932,0.8704967188018932,0.8704967188018932,0.8704967188018932,0.8704967188018932,0.8695548776130354,0.8695548776130354,0.8695548776130354,0.8664938937492473,0.8601364657244566,0.8695548776130354,0.8704967188018932,0.8714385599907513,0.8704967188018932,0.8695548776130354,0.8587237039411697,0.8530726568080226,0.8460088478915884,0.8387095786779398,0.8321166903559348,0.8123380253899193,0.8033905340957694,0.7763125999161055,0.757946696733377,0.7273368580954959,0.6658817205225193,0.6468094364481473,0.6383328657484264,0.6239697876183438,0.610548550677119,0.6023074402746126,0.5997173770052534,0.5940663298721062,0.5846479179835273,0.5608664279648661,0.5453260483487111,0.532846652596344,0.49964675068910397,0.4702142135372953,0.4530256118406391,0.4273604394442619,0.4174711069612541,0.3998115846701689,0.3821520623790837,0.3760300946515075,0.36449254008799853,0.35248406493006057,0.32893803520861364,0.3171650203478902,0.2936189906264432,0.28184597576571974,0.2700729609049963,0.2582999460442728,0.24652693118354935,0.23475391632282588,0.22298090146210242,0.21144334689859345,0.19613842757965289,0.1855427142050018,0.1700023345888468,0.16411582715848508,0.14763360635347225,0.1370378929788211,0.12879678257631466,0.1170237677155912,0.10925357790751375,0.10525075285486774,0.10195430869386515,0.09347773799414427,0.08547208788885231,0.0817047231334208,0.0817047231334208,0.07464091421698671,0.06993170827269733,0.06993170827269733,0.06875440678662496,0.06286789935626323,0.05815869341197386,0.05815869341197386,0.05580409043982918,0.04991758300946744,0.0463856785512504,0.0463856785512504,0.0463856785512504,0.0463856785512504,0.0463856785512504,0.04520837706517805,0.04285377409303335,0.04191193290417547,0.041676472606961,0.041676472606961,0.04049917112088866,0.03932186963481632,0.03814456814874398,0.03814456814874398,0.03814456814874398,0.03814456814874398,0.03814456814874398,0.03814456814874398,0.03696726666267161,0.03696726666267161,0.03696726666267161,0.03578996517659927,0.03578996517659927,0.03484812398774139,0.03461266369052693,0.03461266369052693,0.03461266369052693,0.03461266369052693,0.03461266369052693,0.03461266369052693,0.03225806071838224,0.030138918043452,0.028726156260165194,0.02754885477409285,0.02637155328802051,0.025194251801948144,0.02283964882980346,0.02283964882980346,0.02283964882980346,0.02283964882980346,0.02283964882980346,0.02283964882980346,0.02283964882980346,0.02166234734373112,0.02072050615487326,0.020485045857658774,0.01930774437158641,0.01930774437158641,0.01813044288551407,0.016953141399441724,0.015775839913369383,0.015775839913369383,0.014598538427297041,0.013421236941224676,0.012243935455152333,0.011066633969079991,0.011066633969079991,0.011066633969079991,0.011066633969079991,0.011066633969079991,0.011066633969079991,0.011066633969079991,0.011066633969079991,0.011066633969079991,0.011066633969079991,0.011066633969079991,0.011066633969079991,0.011066633969079991,0.011066633969079991,0.011066633969079991,0.011066633969079991,0.011066633969079991,0.011066633969079991,0.011066633969079991,0.011066633969079991,0.011066633969079991,0.011066633969079991,0.011066633969079991,0.011066633969079991,0.008712030996935306,0.007770189808077449,0.007534729510862943,0.005180126538718258,0.0042382853498604,0.0030609838637880573,0.0
10194200,0.0072167690219616994,0.0072167690219616994,0.007522240726594999,0.011035165329877927,0.011035165329877927,0.011187901182194595,0.011035165329877927,0.011035165329877927,0.011455188923748718,0.012753443668440233,0.014853561637794188,0.015311769194744156,0.016762759791752305,0.016762759791752305,0.016762759791752305,0.016762759791752305,0.018671957945710416,0.018671957945710416,0.020390236284272723,0.021535755176647606,0.022490354253626645,0.023826792961397336,0.024399552407584794,0.025163231669168024,0.026308750561542908,0.026690590192334523,0.02840886853089683,0.030127146869459137,0.032990944100396324,0.0339455431773754,0.034900142254354435,0.03604566114672932,0.03776393948529162,0.03776393948529162,0.03776393948529162,0.03776393948529162,0.03967313763924974,0.04158233579320785,0.045400732101124115,0.049219128409040344,0.05303752471695661,0.05685592102487284,0.05685592102487284,0.05685592102487284,0.05685592102487284,0.05685592102487284,0.05876511917883095,0.06449271364070533,0.06831110994862155,0.07403870441049593,0.07594790256445404,0.07594790256445404,0.07785710071841216,0.08167549702632843,0.08549389333424465,0.09313068595007713,0.09503988410403526,0.09503988410403526,0.09503988410403526,0.09885828041195148,0.10649507302778397,0.11413186564361646,0.11413186564361646,0.11413186564361646,0.11604106379757458,0.12367785641340706,0.13322384718319766,0.13322384718319766,0.13322384718319766,0.13322384718319766,0.13322384718319766,0.14086063979903016,0.1465882342609045,0.15231582872277888,0.15231582872277888,0.15231582872277888,0.15995262133861132,0.16758941395444385,0.17140781026236007,0.17140781026236007,0.17522620657027632,0.18477219734006692,0.1904997918019413,0.19813658441777374,0.2095917733415225,0.21150097149548064,0.2286837548811037,0.2286837548811037,0.24395734011276868,0.24777573642068493,0.2630493216523499,0.26686771796026615,0.2725953124221405,0.28595969949984734,0.28595969949984734,0.28595969949984734,0.2916872939617217,0.30505168103942853,0.30505168103942853,0.3241436625790098,0.3298712570408841,0.343235644118591,0.3623276256581722,0.3623276256581722,0.3814196071977534,0.3966931924294183,0.41005757950712524,0.4367863536625389,0.4482415425862876,0.47306111858774313,0.4787887130496176,0.4959714964352407,0.5150634779748219,0.5341554595144031,0.5532474410539843,0.5723394225935655,0.5914314041331467,0.597158998595021,0.6105233856727279,0.6296153672123092,0.6487073487518903,0.6487073487518903,0.6811637173691785,0.6888005099850109,0.7193476804483409,0.7441672564497964,0.7632592379893776,0.7823512195289588,0.8205351826081212,0.8415363623016605,0.8701743346110323,0.8969031087664461,0.9159950903060272,0.9350870718456085,0.9541790533851897,0.9618158460010221,0.9732710349247709,0.975180233078729,0.9904538183103939,0.9923630164643521,0.9923630164643521,0.9923630164643521,0.9923630164643521,0.9923630164643521,0.9923630164643521,0.9999998090801846,0.9923630164643521,0.9923630164643521,0.9923630164643521,0.9732710349247709,0.9656342423089385,0.9541790533851897,0.9350870718456085,0.9159950903060272,0.9026307032283204,0.8892663161506136,0.8644467401491579,0.8396271641477024,0.8071707955304143,0.7823512195289588,0.7556224453735452,0.7250752749102152,0.7059832933706339,0.6868913118310528,0.6563441413677228,0.6181601782885604,0.5914314041331467,0.5608842336698168,0.5341554595144031,0.5074266853589894,0.4883347038194082,0.4654243259719107,0.4463323444323295,0.4196035702769158,0.4005115887373346,0.3814196071977534,0.3623276256581722,0.343235644118591,0.3260528607329679,0.3107792755013029,0.2974148884235961,0.28023210503797297,0.26686771796026615,0.2535033308825593,0.24777573642068493,0.2286837548811037,0.2153193678033969,0.20195498072569004,0.1904997918019413,0.17140781026236007,0.17140781026236007,0.15231582872277888,0.15231582872277888,0.15231582872277888,0.14086063979903016,0.13322384718319766,0.13322384718319766,0.1255870545673652,0.11795026195153269,0.11413186564361646,0.11413186564361646,0.10840427118174209,0.10458587487382585,0.09694908225799337,0.09503988410403526,0.09503988410403526,0.09503988410403526,0.09503988410403526,0.08740309148820276,0.07632974219524566,0.07594790256445404,0.07594790256445404,0.07594790256445404,0.07594790256445404,0.07060214773337135,0.06640191179466344,0.05914695880962256,0.05685592102487284,0.05685592102487284,0.05685592102487284,0.05685592102487284,0.051128326562998455,0.04158233579320785,0.03967313763924974,0.03776393948529162,0.03776393948529162,0.03589292529441265,0.03570200547901684,0.034098279029692063,0.03203634502341725,0.030318066684854945,0.029821675164825836,0.02840886853089683,0.028217948715501023,0.027263349638521946,0.026308750561542908,0.0261178307461471,0.02478139203837641,0.024399552407584794,0.02344495333060572,0.022681274069022487,0.021726674992043414,0.02058115609966853,0.018671957945710416,0.018481038130314608,0.016953679607148112,0.017335519237939728,0.016953679607148112,0.016762759791752305,0.016762759791752305,0.016571839976356494,0.014853561637794188,0.014853561637794188,0.014853561637794188,0.014662641822398348,0.014853561637794188,0.014853561637794188,0.014853561637794188,0.014853561637794188,0.01664820790251481,0.01710641545946478,0.0182901183149188,0.018671957945710416,0.018671957945710416,0.02058115609966853,0.022490354253626645,0.022490354253626645,0.023826792961397336,0.024399552407584794,0.026308750561542908,0.02688151000773033,0.028217948715501023,0.030127146869459137,0.03203634502341725,0.03348733562042543,0.034174646955850346,0.03585474133133351,0.03776393948529162,0.03776393948529162,0.04158233579320785,0.045400732101124115,0.04730993025508223,0.049219128409040344,0.05303752471695661,0.05685592102487284,0.05685592102487284,0.05685592102487284,0.05685592102487284,0.05685592102487284,0.05876511917883095,0.0625835154867472,0.06869294957941317,0.07212950625653781,0.07403870441049593,0.07403870441049593,0.07594790256445404,0.07594790256445404,0.07594790256445404,0.07594790256445404,0.07594790256445404,0.07594790256445404,0.07594790256445404,0.07594790256445404,0.07594790256445404,0.07594790256445404,0.07594790256445404,0.07594790256445404,0.07403870441049593,0.07403870441049593,0.07403870441049593,0.07212950625653781,0.07212950625653781,0.06831110994862155,0.06372903437912215,0.060674317332789066,0.05876511917883095,0.05685592102487284,0.05685592102487284,0.05685592102487284,0.05685592102487284,0.05685592102487284,0.05303752471695661,0.04501889247033257,0.040818656531624656,0.03776393948529162,0.03776393948529162,0.03776393948529162,0.034900142254354435,0.03215089691265474,0.02943983553403422,0.027568821343155248,0.026308750561542908,0.02432318448142644,0.021573939139726748,0.018671957945710416,0.018671957945710416,0.017717358868731343,0.016190000345564844,0.012944363483836041,0.010653325699086311,0.009125967175919814,0.00817136809894074,0.0072167690219616994,0.007025849206565891,0.005307570868003585,0.003971132160232895,0.003971132160232895,0.003589292529441279,0.003971132160232895,0.004238419901787053,0.002863797230937188,0.0,0.0010691509662165656,0.001909198153958114,0.005307570868003585,0.0039329481971537876,0.003856580270995437,0.003436556677124612,0.003092901009412137,0.003856580270995437,0.003436556677124612,0.003436556677124612,0.003092901009412137,0.003436556677124612,0.004047500086391246,0.0042766038648662285
10205030,0.0,0.0,0.0,0.0,0.0,0.0,0.0,0.0,0.0,0.0,0.0,0.0,0.0,0.0,0.0,0.0,0.0,0.0,0.0,0.0,0.0,0.0,0.0,0.0,0.0,0.0,0.0,0.0,0.0,0.0,0.0,0.0,0.0,0.0,0.0,0.0,0.0,0.0,0.0,0.0,0.0,0.0,0.0,0.0,0.0,0.0,0.0,0.00011049717652088478,0.0028729265895432983,0.005524858826044828,0.005524858826044828,0.005524858826044828,0.005524858826044828,0.005524858826044828,0.005524858826044828,0.007955796709504586,0.011049717652089704,0.011049717652089704,0.011602203534694176,0.01602209059553006,0.016574576478134533,0.016574576478134533,0.016574576478134533,0.021104960715491346,0.022099435304179408,0.023756892951992827,0.025414350599806294,0.027624294130224235,0.027624294130224235,0.027624294130224235,0.027624294130224235,0.028729265895433183,0.033149152956269065,0.033149152956269065,0.03602207954581241,0.03867401178231394,0.039778983547522885,0.0425414129605453,0.04419887060835877,0.046629808491818525,0.050939198376133525,0.05524858826044847,0.05524858826044847,0.057348034614345574,0.0607734470864933,0.06519333414732918,0.06629830591253817,0.06629830591253817,0.06629830591253817,0.068618746619477,0.07182316473858301,0.07370161673943834,0.07801100662375329,0.08287288239067271,0.08287288239067271,0.08839774121671753,0.09281762827755341,0.0940330972192833,0.09779000122099377,0.09999994475141172,0.10497231769485212,0.11049717652089694,0.11513805793477459,0.12154689417298664,0.13259661182507634,0.14088390006414364,0.14983417136233623,0.16022090595530059,0.17193360666651564,0.1893921605568174,0.21005513256622516,0.23712694081384483,0.24928163023114353,0.28740315613085293,0.3038672354324666,0.325966670736646,0.35911582369291506,0.40883955312731873,0.43093898843149814,0.469613000213812,0.5038671249352901,0.5259665602394694,0.580110176734709,0.6022096120388883,0.6353587649951574,0.6740327767774713,0.6906073532556058,0.7458559415160544,0.7469609132812635,0.8077343603677569,0.8563531180369514,0.9116017062973998,0.9116017062973998,0.9613254357318033,0.9668502945578482,0.9668502945578482,0.9834248710359829,0.9911596733924458,0.9999994475141174,0.9999994475141174,0.9911596733924458,0.9701652098534757,0.9668502945578482,0.9370160568972064,0.9116017062973998,0.9027619321757282,0.8563531180369514,0.8563531180369514,0.802209501541712,0.8011045297765028,0.7602205744637712,0.7458559415160544,0.6906073532556058,0.6906073532556058,0.6640880308905908,0.6353587649951574,0.6022096120388883,0.580110176734709,0.5325963908307235,0.5248615884742605,0.5193367296482156,0.49171243551799143,0.47182294374423017,0.469613000213812,0.4596682543269314,0.43646384725754295,0.41436441195336354,0.41436441195336354,0.41436441195336354,0.39005503311876655,0.36685062604937807,0.35911582369291506,0.35911582369291506,0.35911582369291506,0.35911582369291506,0.35911582369291506,0.35911582369291506,0.35911582369291506,0.35469593663207927,0.34254124721478046,0.33701638838873565,0.32707164250185505,0.30497220719767554,0.3038672354324666,0.3038672354324666,0.3038672354324666,0.3038672354324666,0.3038672354324666,0.3038672354324666,0.3038672354324666,0.3038672354324666,0.30055232013683963,0.28972359683779186,0.28729265895433204,0.27966835377439014,0.2770164215378886,0.2751379695370334,0.27071808247619755,0.26762416153361235,0.2654142180031946,0.2651932236501527,0.2629832801197347,0.26154681682496317,0.2613258224719213,0.25999985635367046,0.2571269297641272,0.2543645003511047,0.2532595285858958,0.2524860483502495,0.2513810765850406,0.249834116113748,0.2491711330546226,0.24486174317030765,0.24309378834597328,0.24309378834597328,0.24309378834597328,0.24265179963988975,0.24143633069815978,0.2398893702268673,0.2376794266964494,0.23657445493124035,0.23546948316603142,0.23270705375300904,0.23204407069388355,0.23049711022259106,0.22762418363304765,0.22651921186783872,0.22651921186783872,0.22651921186783872,0.22651921186783872,0.22651921186783872,0.22651921186783872,0.22651921186783872,0.22651921186783872,0.2238672796313373,0.22165733610091928,0.2177899349226879,0.21546949421574907,0.2150275055096655,0.21127060150795504,0.20994463538970423,0.20994463538970423,0.20994463538970423,0.20994463538970423,0.20740320032972354,0.2044197765636593,0.20397778785757575,0.19889491773761447,0.19889491773761447,0.19624298550111305,0.1901656407924637,0.18784520008552483,0.18784520008552483,0.18784520008552483,0.18784520008552483,0.18740321137944124,0.18232034125947993,0.18232034125947993,0.18088387796470828,0.17823194572820678,0.17679548243343512,0.17624299655083064,0.17193360666651564,0.17127062360739023,0.17127062360739023,0.17127062360739023,0.17127062360739023,0.169392171606535,0.16585626195786635,0.16574576478134542,0.16574576478134542,0.16574576478134542,0.16276234101528128,0.16033140313182148,0.15823195677792445,0.15591151607098563,0.15469604712925572,0.15469604712925572,0.15469604712925572,0.15469604712925572,0.15359107536404676,0.15204411489275424,0.15038665724494066,0.14917118830321088,0.14917118830321088,0.14917118830321088,0.14651925606670935,0.14541428430150036,0.14430931253629142,0.14364632947716602,0.14309384359456154,0.14198887182935258,0.13933693959285107,0.13812147065112118,0.13812147065112118,0.13812147065112118,0.13812147065112118,0.1375689847685167,0.13491705253201522,0.13259661182507634,0.13038666829465842,0.12883970782336582,0.12707175299903148,0.12707175299903148,0.12441982076253,0.12430932358600906,0.12154689417298664,0.11778999017127613,0.11414358334608653,0.11049717652089694,0.11049717652089694,0.10519331204789388,0.10497231769485212,0.1001104419279326,0.09944745886880724,0.09392260004276241,0.09392260004276241,0.08861873556975935,0.08287288239067271,0.08287288239067271,0.08287288239067271,0.08287288239067271,0.07734802356462787,0.07458559415160547,0.07182316473858301,0.07182316473858301,0.07082869014989499,0.06629830591253817,0.06441985391168294,0.0607734470864933,0.0607734470864933,0.05524858826044847,0.05524858826044847,0.05524858826044847,0.05524858826044847,0.05524858826044847,0.05082870119961269,0.049723729434403646,0.049723729434403646,0.04419887060835877,0.04419887060835877,0.03867401178231394,0.033149152956269065,0.027624294130224235,0.027624294130224235,0.027624294130224235,0.027624294130224235,0.027624294130224235,0.027624294130224235,0.027624294130224235,0.02243092683374211,0.022099435304179408,0.020994463538970415,0.020994463538970415,0.016906068007697284,0.016574576478134533,0.016574576478134533,0.011602203534694176,0.0067403277677748055,0.005524858826044828,0.005524858826044828,0.005524858826044828,0.005524858826044828,0.005524858826044828,0.005524858826044828,0.00011049717652088478
10215900,0.005640137432502168,0.00519031052070752,0.00519031052070752,0.00519031052070752,0.00519031052070752,0.00519031052070752,0.004844289819327018,0.0044982691179465155,0.004325258767256268,0.003979238065875767,0.003806227715185512,0.0034948090839430645,0.0034602070138050104,0.0034602070138050104,0.0034602070138050104,0.0034602070138050104,0.0034602070138050104,0.0034602070138050104,0.0034602070138050104,0.002837369751320107,0.002456746979801559,0.001903113857592756,0.0017301035069025013,0.0017301035069025013,0.0017301035069025013,0.0017301035069025013,0.0017301035069025013,0.0017301035069025013,0.0017301035069025013,0.0017301035069025013,0.0017301035069025013,0.0017301035069025013,0.0017301035069025013,0.0017301035069025013,0.0017301035069025013,0.0015916952263503007,0.0015570931562122543,0.0015570931562122543,0.0011072662444175981,0.000899653823589297,0.000899653823589297,0.000899653823589297,0.0005536331222088029,0.0003460207013805018,0.0,0.0,0.0,0.0,0.0,3.4602070138046336e-05,0.0003806227715185558,0.001038062104141513,0.0017301035069025013,0.0017301035069025013,0.0017301035069025013,0.0017301035069025013,0.0021107262784210573,0.002456746979801559,0.0034602070138050104,0.0034602070138050104,0.003633217364495265,0.004532871188084577,0.00519031052070752,0.00519031052070752,0.00519031052070752,0.006089964344296824,0.007439445079680777,0.008650517534512537,0.00934255893727354,0.01038062104141504,0.01058823346224334,0.012110724548317547,0.013840828055220057,0.013840828055220057,0.013840828055220057,0.015570931562122558,0.016262972964883562,0.017370239209301183,0.019031138575927576,0.020761242082830093,0.02148788555572914,0.022491345589732592,0.024083040816082896,0.025121102920224424,0.02685120642712691,0.02858130993402941,0.030865046563140746,0.03114186312424513,0.03290656870128569,0.034602070138050146,0.03633217364495265,0.03844289992337372,0.041245667604555766,0.04346020009339098,0.045501722231535945,0.04782006093078531,0.049169541666169256,0.05190310520707522,0.0554671184312944,0.061799297266557564,0.06584773947270943,0.0709342437830028,0.07449825700722197,0.08062282342165686,0.08380621387435747,0.09117645481376215,0.09515569287963789,0.10553631392105296,0.11591693496246801,0.12283734899007803,0.13494807353839558,0.14878890159361566,0.15432523281570362,0.16955014367644575,0.18027678541924125,0.19204148926617834,0.2041522138144959,0.22145324888352097,0.23529407693874105,0.25467123621604915,0.27197227128507423,0.2858130993402942,0.30484423791622184,0.3183390452700614,0.3356400803390865,0.3515570326025896,0.3602075501371021,0.3944635995737717,0.4117646346427968,0.44636670478084695,0.48096877491889706,0.5179929899666108,0.5674739502640224,0.6193770554710977,0.6712801606781729,0.705882230816223,0.7750863710923233,0.8034600686055244,0.8442905113684236,0.8671278776595367,0.8806226850133763,0.8965396372768794,0.915570775852807,0.9380621214425395,0.9640136740460772,0.9743942950874922,0.9826987919206241,0.9896192059482342,0.9934254336634198,0.9982697234827467,0.9999998269896493,0.9999998269896493,0.9982697234827467,0.9899652266496147,0.9813147091151022,0.948096721782574,0.914878734450046,0.8944635130685963,0.8685119604650586,0.825259372792496,0.7802766816130308,0.7577853360232982,0.7217991830797261,0.6737023055878364,0.6505189185953427,0.6193770554710977,0.5892732544509941,0.5674739502640224,0.5501729151949973,0.5176469692652304,0.4968857271824002,0.47093417457886255,0.45501722231535946,0.43979231145461745,0.42906566971182186,0.4117646346427968,0.39480962027515226,0.3771625645047466,0.36885806767161466,0.3598615294357216,0.3425604943666965,0.3252594592976714,0.3183390452700614,0.30795842422864633,0.29065738915962125,0.27335635409059617,0.26851206427126917,0.25605531902157114,0.24948092569534167,0.23875428395254605,0.2370241804456435,0.22145324888352097,0.21972314537661844,0.2041522138144959,0.2041522138144959,0.19584771698136386,0.1868511787454708,0.1868511787454708,0.17993076471786074,0.1716262678847287,0.16955014367644575,0.16955014367644575,0.16262972964883568,0.15570931562122567,0.15224910860742066,0.14705879808671313,0.13529409423977606,0.13494807353839558,0.13494807353839558,0.13148786652459057,0.12283734899007803,0.11764703846937051,0.11595153703260604,0.11249133001880103,0.10996537889872336,0.10619375325367589,0.10380621041415043,0.10034600340034543,0.09861589989344292,0.09536330530046623,0.09169548586583288,0.08823527885202789,0.08491348011877507,0.08304496833132036,0.08041521100082856,0.07830448472240752,0.07612455430371032,0.07439445079680782,0.07266434728990531,0.07131486655452135,0.0709342437830028,0.06920414027610029,0.06878891543444371,0.06747403676919778,0.06574393326229527,0.06401382975539278,0.06228372624849026,0.060380612390897516,0.058650508883995,0.05695500744723054,0.05522490394032804,0.053633208713977726,0.05190310520707522,0.050934247243209815,0.050173001700172706,0.04965397064810197,0.048442898193270204,0.048304489912718004,0.0467127946863677,0.045709334652364236,0.044982691179465184,0.044083037355875904,0.04325258767256269,0.04238753591911144,0.04152248416566017,0.040380615851104536,0.03986158479903376,0.03979238065875767,0.039273349606686915,0.03813148129213126,0.038062277151855166,0.038062277151855166,0.0378892668011649,0.03737023574909416,0.0369204088372995,0.0365051839956429,0.03633217364495265,0.035882346733158,0.03498269290956871,0.034602070138050146,0.034602070138050146,0.034602070138050146,0.03415224322625551,0.0334602018234945,0.03287196663114763,0.03287196663114763,0.03287196663114763,0.03287196663114763,0.03287196663114763,0.032318333508938826,0.03217992522838663,0.03176470038673006,0.03176470038673006,0.031487883825625625,0.031176465194383194,0.031487883825625625,0.03114186312424513,0.03114186312424513,0.03114186312424513,0.0308304444930027,0.02961937203817094,0.02941175961734263,0.028996534775686027,0.028027676811820623,0.027681656110440114,0.027681656110440114,0.027197227128507404,0.02698961470767911,0.026678196076436678,0.02612456295422786,0.02595155260353761,0.02595155260353761,0.02595155260353761,0.02595155260353761,0.025640133972295164,0.02508650085008636,0.024740480148705852,0.024221449096635095,0.024221449096635095,0.023044978711941395,0.022837366291113086,0.022491345589732592,0.022491345589732592,0.02166089590641939,0.0208304462231062,0.020761242082830093,0.020761242082830093,0.020761242082830093,0.020415221381449584,0.019446363417584194,0.019031138575927576,0.019031138575927576,0.019031138575927576,0.019031138575927576,0.018858128225237327,0.018096882682200232,0.017301035069025073,0.017301035069025073,0.017301035069025073,0.017301035069025073,0.017301035069025073,0.015951554333641146,0.015570931562122558,0.015570931562122558,0.01525951293088011,0.014913492229499616,0.014359859107290813,0.014186848756600551,0.013840828055220057,0.013840828055220057,0.013840828055220057,0.013840828055220057,0.013494807353839554,0.013356399073287353,0.013148786652459053,0.012802765951078552,0.012110724548317547,0.012110724548317547,0.012110724548317547,0.012110724548317547,0.011764703846937046,0.010899652093485795,0.010553631392105293,0.01038062104141504,0.01038062104141504,0.01038062104141504,0.009723181708792088,0.009688579638654035,0.009688579638654035,0.009550171358101834,0.009550171358101834,0.00934255893727354,0.009169548586583287,0.008650517534512537,0.008650517534512537,0.008650517534512537
10217000,0.8438915880807942,0.8438915880807942,0.8438915880807942,0.8489273416795577,0.8489273416795577,0.8489273416795577,0.8489273416795577,0.8499344923993104,0.8549702459980739,0.8589988488770849,0.8589988488770849,0.8589988488770849,0.8589988488770849,0.8589988488770849,0.8589988488770849,0.8589988488770849,0.8640346024758484,0.8690703560746119,0.8690703560746119,0.8741061096733754,0.8741061096733754,0.8801490139918916,0.8841776168709026,0.8841776168709026,0.8841776168709026,0.8892133704696661,0.8892133704696661,0.8942491240684296,0.8942491240684296,0.8992848776671931,0.9043206312659567,0.9043206312659567,0.9143921384634838,0.9244636456610109,0.9345351528585379,0.9456138107758177,0.9546781672535921,0.9597139208523556,0.9647496744511193,0.9697854280498828,0.9748211816486463,0.9848926888461734,0.9848926888461734,0.9899284424449369,0.9899284424449369,0.9899284424449369,0.9909355931646896,0.9949641960437005,0.9949641960437005,0.999999949642464,0.999999949642464,0.999999949642464,0.999999949642464,0.999999949642464,0.999999949642464,0.999999949642464,0.999999949642464,0.9949641960437005,0.9909355931646896,0.9899284424449369,0.9808640859671625,0.9748211816486463,0.9657568251708718,0.9456138107758177,0.9345351528585379,0.9153992891832364,0.9002920283869458,0.8841776168709026,0.8690703560746119,0.8388558344820307,0.8197199708067292,0.7834625448956317,0.7592909276215667,0.7179977481117057,0.6877832265191244,0.6626044585253067,0.6384328412512419,0.6122469225376713,0.5870681545438536,0.5578607836710252,0.5316748649574548,0.506496096963637,0.4712458217722922,0.4359955465809474,0.4108167785871297,0.39570951779083907,0.37153790051677416,0.3604592425994943,0.34545269687517893,0.33528047460567656,0.33024472100691304,0.32520896740814953,0.32017321380938596,0.3166481862902515,0.3166481862902515,0.3162453260023504,0.31513746021062244,0.3101017066118589,0.30697953938062544,0.30506595301309536,0.3010373501340846,0.3000301994143318,0.3000301994143318,0.2991237637665544,0.29962733912643075,0.29801589797482636,0.29761303768692526,0.2953973061034694,0.29710946232704893,0.29801589797482636,0.3000301994143318,0.30506595301309536,0.3096988463239578,0.3112095724035869,0.315338890354573,0.32017321380938596,0.32692112363172915,0.33397117866999804,0.33991336791653903,0.34031622820444013,0.34343839543567356,0.34414340093950047,0.34414340093950047,0.34535198180320364,0.34635913252295647,0.34535198180320364,0.34535198180320364,0.34535198180320364,0.35119345597776935,0.3604592425994943,0.36650214691801064,0.37153790051677416,0.38060225699454847,0.38160940771430124,0.38160940771430124,0.385638010593312,0.39067376419207556,0.39570951779083907,0.4017524221093554,0.40578102498836616,0.4108167785871297,0.4118239293068825,0.41585253218589324,0.40578102498836616,0.40074527138960264,0.3916809149118283,0.38060225699454847,0.3654949961982578,0.3530063272733242,0.3336690334540723,0.31513746021062244,0.3024473611417383,0.2906636977206316,0.2849229386180412,0.2720314094052066,0.25531270745731155,0.24473762489990808,0.22449389543287868,0.19931512743906096,0.1787692527561058,0.16406485224771616,0.15651122184957086,0.14895759145142554,0.13304461007933277,0.11773591913909158,0.0991036308236665,0.08963641405799103,0.07865847121268654,0.0759391642693542,0.07110484081454123,0.06747909822343146,0.06334978027244534,0.05891831710553348,0.05448685393862152,0.05136468670738814,0.04824251947615472,0.04371034123726754,0.04169603979776213,0.03696243141492441,0.033135258679864096,0.029308085944803847,0.028099505081100554,0.027696644793199478,0.02709235436134783,0.02709235436134783,0.02709235436134783,0.027595929721224193,0.028099505081100554,0.028099505081100554,0.03021452159258125,0.030617381880482325,0.031322387384309223,0.032329538104061945,0.03363883403974045,0.03525027519134479,0.03565313547924587,0.03565313547924587,0.03565313547924587,0.03625742591109751,0.03575385055122115,0.03575385055122115,0.03444455461554264,0.03363883403974045,0.033135258679864096,0.032228823032086656,0.031120957240358686,0.029106655800853275,0.028099505081100554,0.027293784505298405,0.026588779001471503,0.025078052921842422,0.02366804191418866,0.02306375148233701,0.019035148603326193,0.01722227730777132,0.013092959356785215,0.012085808637032493,0.007956490686046386,0.0053378988146893834,0.0029207370872828455,0.002517876799381771,0.0020143014395054095,0.0019135863675301408,0.0019135863675301408,0.0005035753598763613,0.0,0.0005035753598763613,0.0019135863675301408,0.0029207370872828455,0.0030214521592581323,0.005740759102590476,0.007956490686046386,0.007956490686046386,0.0116829483491314,0.012992244284809929,0.013999395004562652,0.017625137595672396,0.018027997883573472,0.022157315834559575,0.02306375148233701,0.03071809695245761,0.040386743862083616,0.04824251947615472,0.05327827307491826,0.06294691998454427,0.06838553387120888,0.07906133150058761,0.0935643018650266,0.10867156266131722,0.12377882345760784,0.14392183785266202,0.155806216345744,0.16487057282351833,0.17413635944524325,0.1791721130440068,0.19427937384029742,0.2043508810378245,0.21472453345127743,0.22288245428127437,0.22862321338386482,0.23577398349410905,0.24463690982793285,0.2572262938248417,0.2688085271019978,0.2754557218523657,0.2798871850192776,0.2849229386180412,0.29217442380026065,0.29851947333470275,0.3051666680850706,0.3101017066118589,0.31382816427494387,0.315338890354573,0.32017321380938596,0.32530968248012476,0.33195687723049266,0.33528047460567656,0.34102123370826704,0.34535198180320364,0.35099202583381883,0.35542348900073073,0.3654949961982578,0.3705307497970214,0.3705307497970214,0.3755665033957849,0.3755665033957849,0.38060225699454847,0.385638010593312,0.39067376419207556,0.40578102498836616,0.4208882857846568,0.4259240393834203,0.43196694370193667,0.441031300179711,0.45110280737723807,0.4611743145747651,0.4712458217722922,0.48635308256858284,0.5014603433648734,0.5115318505624006,0.5266391113586911,0.5467821257537453,0.5518178793525089,0.5568536329512724,0.5669251401487995,0.5820324009450901,0.5870681545438536,0.5981468124611335,0.6122469225376713,0.6223184297351985,0.627354183333962,0.6374256905314891,0.647497197729016,0.6525329513277797,0.6626044585253067,0.6626044585253067,0.6726759657228338,0.6827474729203609,0.692818980117888,0.702890487315415,0.7129619945129422,0.7179977481117057,0.7280692553092327,0.7280692553092327,0.7331050089079963,0.7391479132265127,0.7482122697042869,0.7532480233030504,0.7633195305005775,0.7733910376981046,0.7784267912968682,0.7834625448956317,0.7834625448956317,0.7884982984943952,0.7935340520931587,0.7935340520931587,0.7985698056919224,0.7985698056919224,0.8036055592906859,0.8086413128894494,0.8086413128894494,0.8096484636092021,0.8136770664882129,0.8187128200869765,0.8197199708067292,0.8237485736857401,0.8237485736857401,0.8247557244054927,0.8287843272845036,0.8287843272845036,0.8287843272845036,0.8287843272845036,0.8247557244054927,0.8247557244054927,0.8287843272845036,0.8237485736857401,0.8237485736857401,0.8247557244054927,0.8287843272845036,0.8287843272845036,0.8338200808832671,0.8338200808832671,0.8338200808832671,0.8338200808832671,0.8338200808832671,0.8338200808832671
10219000,0.0007676117180237287,0.0007676117180237287,0.0007676117180237287,0.0007676117180237287,0.0007676117180237287,0.0007676117180237287,0.0007676117180237287,0.0007676117180237287,0.0007676117180237287,0.0007676117180237287,0.0007676117180237287,0.0007676117180237287,0.0007676117180237287,0.0007676117180237287,0.0007676117180237287,0.0007676117180237287,0.0007676117180237287,0.0007676117180237287,0.0007676117180237287,0.0007676117180237287,0.0007676117180237287,0.0007676117180237287,0.0007676117180237287,0.0007676117180237287,0.0007676117180237287,0.0007676117180237287,0.0007676117180237287,0.0007676117180237287,0.0007676117180237287,0.0007676117180237287,0.0007676117180237287,0.0007676117180237287,0.0007676117180237287,0.0007676117180237287,0.0007676117180237287,0.0007676117180237287,0.0007676117180237287,0.0007676117180237287,0.0007676117180237287,0.0007676117180237287,0.000747802383365052,0.000747802383365052,0.000747802383365052,0.0007428500497003826,0.0007428500497003826,0.0007428500497003826,0.0007428500497003826,0.0007428500497003826,0.0007428500497003826,0.0007428500497003826,0.0007428500497003826,0.000747802383365052,0.0007676117180237287,0.0007676117180237287,0.0007676117180237287,0.0007676117180237287,0.0007676117180237287,0.0007676117180237287,0.0007725640516883985,0.0007973257200117443,0.0008171350546704209,0.0008171350546704209,0.0008418967229937667,0.0008418967229937667,0.0008418967229937667,0.0008666583913171128,0.0008666583913171128,0.0008716107249817826,0.0008914200596404589,0.0009161817279638051,0.0009458957299518209,0.0010647517379038817,0.001114275074550574,0.001114275074550574,0.001114275074550574,0.001114275074550574,0.001114275074550574,0.001114275074550574,0.001114275074550574,0.0013420824231253584,0.0014114150944307268,0.001436176762754073,0.0014906524330654347,0.001540175769712127,0.0016392224430055108,0.0017382691162988963,0.0017630307846222425,0.0018571251242509564,0.0019561717975443405,0.002104741807484417,0.002357310824382547,0.002599975173951338,0.0026990218472447225,0.0028277825225261235,0.00310016087408293,0.0035706325722265064,0.0035904419068851826,0.0038380585901186424,0.0040163426020467345,0.004333291956585565,0.006314225422453251,0.007057075472153633,0.007428500497003825,0.008295158888320938,0.008859724926093233,0.011816268123900754,0.030134950349512208,0.060393709040641085,0.14864429494504658,0.20079236843401344,0.276464026830159,0.333911097340322,0.4126532026085625,0.4918905412432699,0.5364615442252929,0.5562708788839698,0.6122322492947321,0.6335272840528097,0.681069687233634,0.7494118918060692,0.7598117925018746,0.8038875621174305,0.8093351291485668,0.8162683962791035,0.8212207299437728,0.8336015641054458,0.8390491311365821,0.8459823982671189,0.850934731931788,0.8464776316335859,0.8415252979689166,0.838553897770115,0.8266682969749091,0.8212207299437728,0.8187445631114382,0.813792229446769,0.8043827954838974,0.7766497269617498,0.7667450596324114,0.7593165591354075,0.7375262910108631,0.7251454568491901,0.71226938932105,0.6979076216935094,0.6776030536683655,0.667698386339027,0.6637365194072917,0.6627460526743578,0.6607651192084902,0.6602698858420233,0.6602698858420233,0.6602698858420233,0.6602698858420233,0.6627460526743578,0.6627460526743578,0.6627460526743578,0.667698386339027,0.6681936197054941,0.6731459533701634,0.6880029543641709,0.6974123883270423,0.71226938932105,0.7226692900168554,0.7350501241785286,0.7598117925018746,0.7875448610240222,0.8162683962791035,0.8236968967761074,0.8390491311365821,0.8786678004539358,0.9029342354108149,0.9306673039329627,0.9504766385916396,0.960381305920978,0.9876191410766587,0.9970285750395299,0.9995047418718646,0.9999999752383317,0.9995047418718646,0.9945524082071954,0.979200173846721,0.9579051390886434,0.9504766385916396,0.9376005710634994,0.9301720705664955,0.9083818024419512,0.8935248014479433,0.8633155660934612,0.826173063608442,0.8068589623162321,0.7791258937940845,0.7642688928000768,0.7543642254707383,0.7281168570479916,0.7226692900168554,0.7172217229857192,0.7028599553581786,0.6904791211965056,0.6805744538671671,0.6582889523761557,0.636498684251611,0.6335272840528097,0.6231273833570041,0.6181750496923349,0.6107465491953311,0.6038132820647942,0.5983657150336581,0.5934133813689889,0.5934133813689889,0.5934133813689889,0.5934133813689889,0.5934133813689889,0.5934133813689889,0.5934133813689889,0.5934133813689889,0.5958895482013234,0.5983657150336581,0.5983657150336581,0.6033180486983273,0.6072799156300628,0.6231273833570041,0.6231273833570041,0.625603550189339,0.6231273833570041,0.6112417825617981,0.5939086147354558,0.5646898461139075,0.5369567775917597,0.49486194144207146,0.46465270608758924,0.40770086894389324,0.36659649952713885,0.30865419565050894,0.2566546921714822,0.2185217229535292,0.19891048164143915,0.16998885303977088,0.1551318520457632,0.14027485105175555,0.12517023337451444,0.11056084906374025,0.093227681237398,0.06613841609165741,0.03890058093597671,0.028054970210351134,0.016714126118258607,0.015045189673265085,0.012757211520187904,0.01151417577035593,0.010285997021517963,0.009543146971817582,0.008790392254787859,0.008344682224967634,0.008047542205087476,0.007799925521854016,0.007552308838620555,0.007403738828680478,0.006928314796872236,0.006561842105686712,0.0063191777561179205,0.005719945382692945,0.0055713753727528684,0.005323758689519407,0.005323758689519407,0.005323758689519407,0.005323758689519407,0.0048483346577111635,0.004828525323052485,0.004828525323052485,0.004729478649759101,0.00437291062590292,0.004333291956585565,0.0041104369416754515,0.0037043455811725796,0.003580537239555845,0.0035656802385618355,0.003471585898933121,0.0029714001988015303,0.0029317815294841775,0.002728735849232739,0.0026296891759393535,0.002500928500657955,0.0024266434956879165,0.002183979146119125,0.002104741807484417,0.002055218470837725,0.0019809334658676863,0.0019561717975443405,0.0018571251242509564,0.001688745779652204,0.0016095084410174955,0.0016095084410174955,0.0015154141013887807,0.001510461767724111,0.0014609384310774187,0.0012876067528139964,0.0011885600795206118,0.001114275074550574,0.001114275074550574,0.001114275074550574,0.001114275074550574,0.001114275074550574,0.001114275074550574,0.0009756097319398368,0.0008418967229937667,0.0007676117180237287,0.0006982790467183599,0.0006933267130536904,0.0006685650447303443,0.0006685650447303443,0.0006487557100716679,0.0005695183714369598,0.0004704716981435757,0.0004704716981435757,0.0004704716981435757,0.0003714250248501913,0.00027237835155680704,0.00020799801391610783,0.00012876067528139987,0.00012380834161673053,0.00012380834161673053,0.00012380834161673053,0.00010399900695805405,9.904667329338442e-05,9.904667329338442e-05,7.428500497003831e-05,7.428500497003831e-05,5.447567031136198e-05,4.952333664669221e-05,2.9714001988015876e-05,2.4761668323346106e-05,4.952333664669771e-06,0.0,0.0,0.0,0.0,0.0,0.0,0.0,0.0,0.0,0.0,0.0,0.0,0.0,0.0,0.0,0.0,0.0,0.0,0.0,4.952333664669771e-06,3.466633565268537e-05,9.904667329338442e-05,0.00012876067528139987,0.00015352234360474599,0.0001782840119280921,0.0002129503475807776,0.00027237835155680704,0.0002773306852214766,0.0003714250248501935,0.0004704716981435757,0.00048532869913758445,0.0005497090367782835,0.0005497090367782835,0.0005497090367782835
10224000,0.025836244825379284,0.025836244825379284,0.026460308710050336,0.02895656424873427,0.02895656424873427,0.02895656424873427,0.02895656424873427,0.02895656424873427,0.02895656424873427,0.02895656424873427,0.02895656424873427,0.026335495933116116,0.025836244825379284,0.025836244825379284,0.022715925402024297,0.022715925402024297,0.022715925402024297,0.016475286555314328,0.016475286555314328,0.014665501289768441,0.011794807420281848,0.010234647708604357,0.007114328285249371,0.006490264400578376,0.003994008861894385,0.003994008861894385,0.003994008861894385,0.003994008861894385,0.0024962555386840017,0.0016849724886117117,0.0009985022154736073,0.0008736894385393995,0.0008736894385393995,0.0008736894385393995,0.0008736894385393995,0.00031203194233550297,0.0002496255538684046,0.0,0.0002496255538684046,0.00031203194233550297,0.0008736894385393995,0.0009985022154736073,0.003994008861894385,0.004056415250361494,0.007114328285249371,0.011295556312545063,0.016475286555314328,0.017910633490057636,0.02146779763268231,0.022403893459688795,0.023339989286695305,0.024900148998372798,0.026210683156181896,0.028394906752530372,0.02901897063720138,0.030891162291214375,0.032139290060556366,0.03276335394522737,0.03532201587237846,0.03625811169938495,0.03750623946872696,0.038317522518799225,0.03862955446113473,0.038754367238068924,0.03837992890726634,0.038067896964930834,0.036819769195588846,0.03519720309544424,0.032700947556760264,0.030891162291214375,0.02908137702566849,0.02895656424873427,0.025898651213846394,0.025836244825379284,0.025024961775307015,0.022715925402024297,0.022216674294287513,0.020843733748011302,0.018971542093998317,0.017099350439985322,0.016600099332248534,0.016475286555314328,0.01597603544757754,0.015601597116774928,0.016475286555314328,0.016600099332248534,0.01716175682845242,0.017973039878524746,0.019595605978669314,0.019595605978669314,0.02059410819414291,0.022715925402024297,0.025836244825379284,0.027458810925523887,0.02895656424873427,0.029705440910339494,0.03207688367208925,0.03438592004537197,0.03525960948391135,0.03906639918040445,0.04274837609996331,0.047678480788864185,0.053045430197034754,0.057039439058929144,0.06328007790563911,0.07264103617570407,0.08374937332284782,0.09710434045480716,0.1166375400450094,0.17617323464262255,0.219670487404191,0.31789814285140605,0.3753120202411377,0.4345980892848824,0.5094857554454021,0.5656515050657918,0.6162006797241425,0.6442835545343374,0.7004493041547272,0.769096331468537,0.8252620810889266,0.8595855947458315,0.8870444056713552,0.9226160470976024,0.9438342191764161,0.9556914329851649,0.9631801996012168,0.968796774563256,0.9744133495252948,0.9775336689486498,0.9712930301019398,0.9681727106785849,0.9619320718318749,0.9494507941384549,0.93384919702168,0.9095107055195113,0.8970294278260913,0.8814278307093164,0.8533449558991215,0.8252620810889266,0.8121567395108356,0.7934348229707058,0.772216650891892,0.7622316287371559,0.7528706704670909,0.737269073350316,0.7254118595415672,0.7191712206948571,0.7191712206948571,0.7160509012715021,0.7154268373868311,0.7129305818481471,0.7123065179634761,0.7123065179634761,0.7091861985401211,0.7098102624247921,0.7123065179634761,0.7123065179634761,0.7154268373868311,0.7166749651561732,0.7247877956568961,0.7316524983882772,0.7528706704670909,0.7591113093138009,0.7747129064305758,0.7965551423940608,0.8121567395108356,0.8308786560509654,0.8471043170524115,0.8658262335925415,0.8845481501326714,0.9120069610581951,0.9213679193282601,0.9282326220596412,0.9463304747150999,0.9588117524085199,0.9775336689486498,0.9900149466420698,0.9999999687968059,0.9999999687968059,0.994383393834767,0.9875186911033859,0.9775336689486498,0.965676455139901,0.9500748580231261,0.936969516445035,0.9213679193282601,0.9120069610581951,0.8970294278260913,0.8720668724392514,0.8377433587823466,0.7996754618174157,0.7684722675838659,0.7154268373868311,0.6904642819999912,0.6723664293445323,0.6623814071897963,0.6536445128044024,0.6467798100730214,0.6374188518029564,0.6280578935328915,0.6162006797241425,0.6130803603007875,0.6093359769927615,0.5937343798759867,0.5818771660672377,0.5781327827592118,0.5725162077971727,0.5662755689504627,0.5656515050657918,0.5656515050657918,0.5656515050657918,0.5656515050657918,0.5693958883738177,0.5693958883738177,0.5718921439125018,0.5718921439125018,0.5718921439125018,0.5718921439125018,0.5718921439125018,0.5718921439125018,0.5668996328351339,0.5631552495271078,0.5656515050657918,0.5656515050657918,0.5625311856424368,0.5413130135636228,0.5225910970234929,0.5001247971753371,0.4751622417884972,0.4501996864016573,0.4002745756279776,0.34785320931561386,0.30978531235068296,0.2785821181171331,0.25361956273029324,0.22597353263936806,0.20369445195661345,0.180853713777655,0.153956560348335,0.13348726493112634,0.11944582752602885,0.10702695622107603,0.09760359156254396,0.0866200671923344,0.08119071139569674,0.07576135559905905,0.06952071675234908,0.0651522695596521,0.061470292640093224,0.06015975848228412,0.057725909332067234,0.05522965379338325,0.05079880021221917,0.04786569995426549,0.0445581613655092,0.04174987388448972,0.04143784194215421,0.04143784194215421,0.04062655889208194,0.03869196084960184,0.038317522518799225,0.03756864585719405,0.037131801137924345,0.03756864585719405,0.03756864585719405,0.03756864585719405,0.03706939474945724,0.036445330864786234,0.036445330864786234,0.03588367336858236,0.035509235037779745,0.035509235037779745,0.03557164142624685,0.03613329892245073,0.036445330864786234,0.037131801137924345,0.038317522518799225,0.03862955446113473,0.04025212056127933,0.04143784194215421,0.04174987388448972,0.041812280272956824,0.04249875054609492,0.04368447192696982,0.0451822252501802,0.04811532550813388,0.05185970881615987,0.054231151577909656,0.05547927934725165,0.05859959877060663,0.05922366265527764,0.059348475432211834,0.05922366265527764,0.05859959877060663,0.05685221989352786,0.05547927934725165,0.054231151577909656,0.05391911963557416,0.05366949408170576,0.05310783658550187,0.05242136631236377,0.05123564493148887,0.05054917465835078,0.048989014946673286,0.048364951062002275,0.0451822252501802,0.042998001653831705,0.040064901395878025,0.03862955446113473,0.03738142669179274,0.03706939474945724,0.036445330864786234,0.035509235037779745,0.03494757754157585,0.034573139210773235,0.034573139210773235,0.034573139210773235,0.034573139210773235,0.034573139210773235,0.034573139210773235,0.034573139210773235,0.034573139210773235,0.034573139210773235,0.034573139210773235,0.034573139210773235,0.034573139210773235,0.034573139210773235,0.034573139210773235,0.034573139210773235,0.034573139210773235,0.034573139210773235,0.034323513656904864,0.034323513656904864,0.03426110726843776,0.03426110726843776,0.03426110726843776,0.03426110726843776,0.03426110726843776,0.03426110726843776,0.034573139210773235,0.034323513656904864,0.03426110726843776,0.03226410283749056,0.03207688367208925,0.03126560062201699,0.03020469201807626,0.029892660075740755,0.029892660075740755,0.029892660075740755,0.029892660075740755,0.02908137702566849,0.02895656424873427,0.02895656424873427,0.02895656424873427,0.02895656424873427,0.02895656424873427,0.02895656424873427,0.02895656424873427,0.02895656424873427,0.028706938694865878,0.028145281198662,0.025836244825379284,0.025836244825379284,0.025836244825379284,0.025836244825379284
10242000,0.011119155813241603,0.011630381367873385,0.011630381367873385,0.011630381367873385,0.011630381367873385,0.011630381367873385,0.011289564331452185,0.011630381367873385,0.011630381367873385,0.011630381367873385,0.011630381367873385,0.011630381367873385,0.011630381367873385,0.011630381367873385,0.012354617570268449,0.014016100622821822,0.015890594323138402,0.015890594323138402,0.016614830525533426,0.01695564756195463,0.01802070080077089,0.01802070080077089,0.018063302930323554,0.01802070080077089,0.01802070080077089,0.01904315191003449,0.02015080727840338,0.02015080727840338,0.02015080727840338,0.02015080727840338,0.02015080727840338,0.02015080727840338,0.02211050523782529,0.022280913756035872,0.02296254782887827,0.02441102023366836,0.024538826622326315,0.026541126711300888,0.02867123318893338,0.02999189920506555,0.03080133966656587,0.03080133966656587,0.03080133966656587,0.03293144614419836,0.03506155262183085,0.037873293172305776,0.039364367706648494,0.041451872054728355,0.041451872054728355,0.041451872054728355,0.041451872054728355,0.041451872054728355,0.041451872054728355,0.041451872054728355,0.04997229796525835,0.056362617398155825,0.05891874517131488,0.06275293683105333,0.06275293683105333,0.06275293683105333,0.06275293683105333,0.06275293683105333,0.06275293683105333,0.06275293683105333,0.0755335756968483,0.0840540016073783,0.0840540016073783,0.0840540016073783,0.0840540016073783,0.08618410808501079,0.1010948534284383,0.10535506638370327,0.10535506638370327,0.10535506638370327,0.11600559877186577,0.12452602468239576,0.12665613116002825,0.12665613116002825,0.12878623763766073,0.14369698298108824,0.14795719593635323,0.1505133237095122,0.1692582607126782,0.1692582607126782,0.1888552403068972,0.19055932548900317,0.19311545326216226,0.21186039026532816,0.21186039026532816,0.23316145504165312,0.23316145504165312,0.24892424297613355,0.2544625198179781,0.2544625198179781,0.27576358459430306,0.27576358459430306,0.28428401050483304,0.29706464937062804,0.3043070113945786,0.318365714146953,0.3302943104216952,0.339666778923278,0.36096784369960294,0.38056482329382196,0.3907893343864579,0.41251642045830944,0.4461721028049029,0.48067982774254936,0.5109273397249309,0.5475651711402099,0.5739784914628527,0.5952795562391777,0.6165806210155026,0.6421418987470927,0.6749455385026333,0.7022109014163291,0.73373647728529,0.7656880744497775,0.8082902040024275,0.8508923335550773,0.8721933983314023,0.9045710167914165,0.9301322945230063,0.9407828269111688,0.9573976574367022,0.9671961472338119,0.9786987222130272,0.9833849564638186,0.9931834462609284,0.9999997869893522,0.9855150629414512,0.9786987222130272,0.9620838916874936,0.9518593805948578,0.9429129333888012,0.9360965926603773,0.9297062732274798,0.9147955278840523,0.8794357603553529,0.8508923335550773,0.8172366512084839,0.7716523725871486,0.7443870096734525,0.7068971356671205,0.6804838153444775,0.6225449191528739,0.5744045127583792,0.5347845322744148,0.5100752971338778,0.4887742323575528,0.44659812410042943,0.4248710380285779,0.4035699732522529,0.3822689084759279,0.359263758517497,0.339666778923278,0.318365714146953,0.30388099009905206,0.28428401050483304,0.2715033716390381,0.2544625198179781,0.23955177447455062,0.23145736985954715,0.21186039026532816,0.20120985787716567,0.19055932548900317,0.17564858014557572,0.1692582607126782,0.1505133237095122,0.14795719593635323,0.13304645059292575,0.12665613116002825,0.12665613116002825,0.12665613116002825,0.11813570524949825,0.11174538581660079,0.10535506638370327,0.10535506638370327,0.09939076824633233,0.09300044881343483,0.0844800229029048,0.0840540016073783,0.0840540016073783,0.07979378865211333,0.06701314978631831,0.06275293683105333,0.06275293683105333,0.06275293683105333,0.06275293683105333,0.06275293683105333,0.06062283035342084,0.05465853221604982,0.05210240444289084,0.04784219148762586,0.041451872054728355,0.041451872054728355,0.041451872054728355,0.041451872054728355,0.041451872054728355,0.038214110208726976,0.03719165909946338,0.035231961140041464,0.03301665040330365,0.03293144614419836,0.03080133966656587,0.030290114111934087,0.02867123318893338,0.027648782079669778,0.026541126711300888,0.026541126711300888,0.026157707545327025,0.024453622363221024,0.02441102023366836,0.022280913756035872,0.02125846264677227,0.02015080727840338,0.02015080727840338,0.02015080727840338,0.01912835616913978,0.01802070080077089,0.01802070080077089,0.01802070080077089,0.01614620710045431,0.015890594323138402,0.013760487845505874,0.013377068679532048,0.012099004792952539,0.011630381367873385,0.011630381367873385,0.01141737072011014,0.011459972849662804,0.011630381367873385,0.011630381367873385,0.012525026088479068,0.013419670809084674,0.013419670809084674,0.013760487845505874,0.013760487845505874,0.013760487845505874,0.013760487845505874,0.013760487845505874,0.012525026088479068,0.012269413311163158,0.011630381367873385,0.01141737072011014,0.009926296185767385,0.009500274890240894,0.009500274890240894,0.009500274890240894,0.009500274890240894,0.009500274890240894,0.009500274890240894,0.008477823780977296,0.008051802485450805,0.0074127705421610695,0.0074127705421610695,0.007625781189924314,0.007625781189924314,0.006858942857976586,0.005410470453186534,0.005240061934975915,0.004515825732580851,0.004047202307501697,0.0031525575868960516,0.0031099554573433873,0.0031099554573433873,0.002470923514053652,0.0009798489797108977,0.0009798489797108977,0.0004260212955264904,0.0008094404615003166,0.00038341916597382623,0.00038341916597382623,0.0005964298137370714,0.0005964298137370714,0.0005964298137370714,0.00038341916597382623,0.0,0.0,0.0008094404615003166,0.0009798489797108977,0.0009798489797108977,0.0017040851821059615,0.0029395469391328066,0.0037063852710805347,0.005240061934975915,0.005240061934975915,0.005240061934975915,0.006518125821555386,0.00758317906037165,0.00800920035589814,0.008307415262766713,0.009116855724267068,0.009329866372030314,0.009500274890240894,0.00971328553800414,0.01013930683353063,0.010991349424583649,0.011033951554136313,0.011246962201899559,0.011672983497426048,0.012056402663399874,0.012525026088479068,0.01312145590221614,0.013760487845505874,0.013206660161321467,0.01312145590221614,0.01278063886579494,0.012482423958926403,0.012482423958926403,0.012099004792952539,0.011672983497426048,0.010991349424583649,0.010394919610846539,0.00971328553800414,0.009500274890240894,0.009500274890240894,0.009500274890240894,0.009500274890240894,0.009500274890240894,0.009500274890240894,0.009500274890240894,0.009500274890240894,0.009329866372030314,0.009116855724267068,0.009329866372030314,0.009329866372030314,0.009074253594714404,0.009074253594714404,0.009074253594714404,0.008903845076503823,0.008222211003661386,0.008222211003661386,0.00835001739231934,0.008051802485450805,0.008051802485450805,0.008051802485450805,0.00835001739231934,0.00835001739231934,0.00835001739231934,0.00886124294695116,0.009074253594714404,0.009287264242477649,0.009116855724267068,0.009116855724267068,0.008903845076503823,0.00792399609679285,0.007370168412608405,0.005240061934975915,0.005240061934975915,0.005240061934975915,0.004728836380344097,0.004601029991686142,0.00408980443705436,0.00408980443705436,0.0031525575868960516,0.0014058702752374258,0.0009798489797108977,0.0009798489797108977,0.0014058702752374258,0.0014058702752374258,0.0014058702752374258,0.0009798489797108977,0.0031099554573433873,0.0009798489797108977,0.0009798489797108977
10244950,0.061611082411931646,0.061611082411931646,0.061611082411931646,0.061611082411931646,0.061611082411931646,0.061611082411931646,0.061611082411931646,0.061611082411931646,0.061611082411931646,0.061611082411931646,0.061611082411931646,0.061611082411931646,0.061611082411931646,0.061611082411931646,0.061611082411931646,0.04928886592954582,0.0331751982218093,0.0331751982218093,0.029383746996459865,0.0246444329647727,0.023696570158435185,0.018957256126748232,0.015165804901398586,0.01421794209506107,0.01421794209506107,0.01421794209506107,0.01421794209506107,0.01421794209506107,0.01421794209506107,0.01421794209506107,0.01421794209506107,0.01421794209506107,0.01421794209506107,0.010426490869711633,0.009478628063374116,0.004739314031686953,0.004739314031686953,0.004739314031686953,0.0009478628063373063,0.0009478628063373063,0.0,0.0,0.0,0.0,0.0,0.0,0.0,0.004739314031686953,0.004739314031686953,0.004739314031686953,0.004739314031686953,0.004739314031686953,0.004739314031686953,0.004739314031686953,0.00568717683802447,0.01421794209506107,0.01421794209506107,0.01421794209506107,0.01421794209506107,0.01421794209506107,0.01421794209506107,0.029383746996459865,0.05687176838024469,0.061611082411931646,0.06350680802460668,0.10047345747176563,0.10900422272880222,0.10900422272880222,0.11374353676048918,0.12417002763020081,0.1327007928872374,0.14691873498229868,0.15165804901398564,0.1563973630456728,0.1563973630456728,0.15734522585201033,0.16208453988369728,0.1658759911090469,0.17061530514073386,0.17156316794707183,0.17630248197875856,0.18578111004213269,0.19525973810550679,0.19999905213719374,0.2037905033625434,0.2037905033625434,0.2037905033625434,0.2037905033625434,0.2037905033625434,0.2037905033625434,0.21990417107027949,0.25118364367941376,0.25118364367941376,0.27488021383784916,0.2890981559329102,0.29857678399628435,0.304263960834309,0.3127947260913456,0.31374258889768314,0.3270126681864067,0.3364912962497808,0.34123061028146795,0.34596992431315493,0.34596992431315493,0.34596992431315493,0.35070923834484186,0.3696664944715901,0.3753536713096148,0.38009298534130176,0.3933630646300255,0.4028416926933996,0.4180074975947982,0.4407562049468961,0.46255704949265686,0.49857583613347806,0.5127937782285393,0.5270117203236009,0.535542485580637,0.5402817996123241,0.5402817996123241,0.5450211136440112,0.5507082904820358,0.574404860640471,0.5876749399291945,0.6075800588622803,0.6303287662143782,0.6739304553058991,0.6777219065312488,0.6947834370453224,0.7251150468481191,0.7554466566509163,0.7725081871649897,0.7876739920663883,0.8199013274818603,0.8255885043198845,0.8483372116719824,0.8587637025416941,0.8672944677987307,0.883408135506467,0.8957303519888532,0.9146876081156015,0.9146876081156015,0.9298534130170004,0.9383841782740366,0.943123492305724,0.9620807484324718,0.9620807484324718,0.9677679252704969,0.9999952606859683,0.9999952606859683,0.9999952606859683,0.9924123582352694,0.9924123582352694,0.9677679252704969,0.9620807484324718,0.9620807484324718,0.9383841782740366,0.9156354709219388,0.9146876081156015,0.9099482940839145,0.8909910379571663,0.876773095862105,0.8597115653480318,0.8540243885100075,0.8435978976402955,0.8303278183515715,0.8199013274818603,0.8199013274818603,0.8199013274818603,0.7962047573234251,0.791465443291738,0.786726129260051,0.7819868152283638,0.7725081871649897,0.7725081871649897,0.7725081871649897,0.7725081871649897,0.7677688731333028,0.7677688731333028,0.7630295591016156,0.7554466566509163,0.7535509310382414,0.7450201657812049,0.7393329889431804,0.7298543608798063,0.7298543608798063,0.7251150468481191,0.7251150468481191,0.7203757328164322,0.715636418784745,0.710897104753058,0.7061577907213709,0.696679162657997,0.6872005345946228,0.6824612205629357,0.6777219065312488,0.6777219065312488,0.664451827242525,0.6113715100876304,0.588622802735532,0.5829356258975076,0.5829356258975076,0.535542485580637,0.535542485580637,0.4966801105208039,0.48814934526376647,0.48814934526376647,0.48814934526376647,0.4606613238799818,0.44644338178492077,0.4407562049468961,0.4407562049468961,0.433173302496197,0.4123203207567737,0.40378955549973694,0.39525879024270033,0.3933630646300255,0.3933630646300255,0.3933630646300255,0.3933630646300255,0.3763015341159523,0.34881351273216704,0.34596992431315493,0.34596992431315493,0.34596992431315493,0.34596992431315493,0.32227335415471975,0.29857678399628435,0.29857678399628435,0.29857678399628435,0.29857678399628435,0.29857678399628435,0.2853067047075606,0.25118364367941376,0.25118364367941376,0.25118364367941376,0.23412211316534035,0.2047383661688807,0.2037905033625434,0.2037905033625434,0.2037905033625434,0.2037905033625434,0.2037905033625434,0.2037905033625434,0.2037905033625434,0.2037905033625434,0.2037905033625434,0.19431187529916927,0.18957256126748212,0.18198965881678303,0.180093933204108,0.180093933204108,0.180093933204108,0.180093933204108,0.180093933204108,0.17630248197875856,0.17535461917242104,0.17535461917242104,0.17535461917242104,0.17535461917242104,0.17535461917242104,0.17156316794707183,0.17061530514073386,0.17156316794707183,0.17535461917242104,0.17535461917242104,0.17535461917242104,0.17535461917242104,0.17535461917242104,0.17630248197875856,0.17630248197875856,0.17535461917242104,0.17630248197875856,0.18198965881678303,0.18198965881678303,0.18198965881678303,0.1905204240738196,0.19431187529916927,0.19431187529916927,0.19905118933085622,0.19999905213719374,0.2037905033625434,0.2037905033625434,0.2037905033625434,0.2037905033625434,0.2037905033625434,0.19905118933085622,0.18293752162312055,0.17535461917242104,0.17535461917242104,0.17156316794707183,0.17156316794707183,0.17535461917242104,0.180093933204108,0.180093933204108,0.17630248197875856,0.17535461917242104,0.17156316794707183,0.17061530514073386,0.17061530514073386,0.17061530514073386,0.17061530514073386,0.16303240269003458,0.16113667707735976,0.16113667707735976,0.15734522585201033,0.1563973630456728,0.1563973630456728,0.1563973630456728,0.1563973630456728,0.1563973630456728,0.1563973630456728,0.1563973630456728,0.1563973630456728,0.1563973630456728,0.1563973630456728,0.1563973630456728,0.1563973630456728,0.1563973630456728,0.1563973630456728,0.1563973630456728,0.1478665977886362,0.14691873498229868,0.13744010691892458,0.1327007928872374,0.12890934166188778,0.12796147885555045,0.12796147885555045,0.12796147885555045,0.12796147885555045,0.12796147885555045,0.12322216482386329,0.11943071359851365,0.11374353676048918,0.10995208553513953,0.10900422272880222,0.10900422272880222,0.10900422272880222,0.10900422272880222,0.10900422272880222,0.10900422272880222,0.10900422272880222,0.10900422272880222,0.10900422272880222,0.10900422272880222,0.10900422272880222,0.10900422272880222,0.10900422272880222,0.10900422272880222,0.10900422272880222,0.10900422272880222,0.10900422272880222,0.10900422272880222,0.10900422272880222,0.10900422272880222,0.10900422272880222,0.10900422272880222,0.10900422272880222,0.10900422272880222,0.10426490869711527,0.09952559466542811,0.09099482940839151,0.0815162013450174,0.07582902450699293,0.07582902450699293,0.07582902450699293
10249280,0.0,0.0,0.0,0.0,0.0,0.0,0.0,0.0006249980468811734,0.0031249902344055894,0.0031249902344055894,0.0031249902344055894,0.0031249902344055894,0.0031249902344055894,0.0031249902344055894,0.0031249902344055894,0.0031249902344055894,0.0031249902344055894,0.00624998046881104,0.00624998046881104,0.00624998046881104,0.006874978515692213,0.00624998046881104,0.00624998046881104,0.00624998046881104,0.006874978515692213,0.009374970703216629,0.009374970703216629,0.009999968750097803,0.01249996093762208,0.01249996093762208,0.01249996093762208,0.01249996093762208,0.01249996093762208,0.01562495117202767,0.01562495117202767,0.01562495117202767,0.013124958984503254,0.01249996093762208,0.01249996093762208,0.01249996093762208,0.01249996093762208,0.01249996093762208,0.01249996093762208,0.01249996093762208,0.01249996093762208,0.01249996093762208,0.01249996093762208,0.013124958984503254,0.01562495117202767,0.01562495117202767,0.019374939453314293,0.02187493164083871,0.02499992187524416,0.028749910156530924,0.0312499023440552,0.0312499023440552,0.0312499023440552,0.0312499023440552,0.0312499023440552,0.0312499023440552,0.0312499023440552,0.0312499023440552,0.0312499023440552,0.0312499023440552,0.0312499023440552,0.0312499023440552,0.04062487304727183,0.05937481445370495,0.0624998046881104,0.0624998046881104,0.0624998046881104,0.06624979296939702,0.08749972656335456,0.0937497070321656,0.09437470507904677,0.12249961718869638,0.1249996093762208,0.1249996093762208,0.1249996093762208,0.1249996093762208,0.13124958984503185,0.13124958984503185,0.13749957031384288,0.144999546876416,0.15624951172027587,0.15624951172027587,0.15624951172027587,0.15624951172027587,0.16874947265789794,0.18249942968928223,0.1968743847675477,0.21874931640838627,0.22999928125224628,0.24999921875244133,0.24999921875244133,0.2624991796900634,0.27874912890897224,0.2818741191433777,0.3031240527373351,0.31249902344055175,0.31249902344055175,0.31687400976871954,0.3287489726594603,0.3437489257846071,0.34749891406589384,0.3656238574254455,0.37499882812866214,0.4062487304727172,0.40687372851959824,0.42499867187915047,0.4381236308636536,0.4499985937543946,0.46624854297330315,0.4687485351608276,0.48124849609844966,0.5099984062549806,0.5249983593801271,0.5312483398489379,0.5406233105521546,0.5443732988334411,0.5568732597710632,0.5656232324273988,0.5718732128962096,0.5781231933650208,0.5999981250058593,0.6074981015684325,0.621873056646698,0.6281230371155089,0.6624979296939697,0.6874978515692138,0.6974978203193115,0.718747753913269,0.7349977031321777,0.7499976562573243,0.7687475976637572,0.7849975468826663,0.8124974609454346,0.8124974609454346,0.8318724003987487,0.8749972656335447,0.9062471679776001,0.9062471679776001,0.9062471679776001,0.9062471679776001,0.9062471679776001,0.9062471679776001,0.9062471679776001,0.9256221074309144,0.9374970703216552,0.9374970703216552,0.9437470507904664,0.9474970390717529,0.9499970312592773,0.9599970000093752,0.9687469726657105,0.9693719707125915,0.9724969609469972,0.9812469336033326,0.9918719004003113,0.9999968750097655,0.9999968750097655,0.9999968750097655,0.9999968750097655,0.9999968750097655,0.9999968750097655,0.9999968750097655,0.9999968750097655,0.9999968750097655,0.9999968750097655,0.9999968750097655,0.9999968750097655,0.9999968750097655,0.9999968750097655,0.9999968750097655,0.9999968750097655,0.9999968750097655,0.9999968750097655,0.9999968750097655,0.9999968750097655,0.9999968750097655,0.9999968750097655,0.9999968750097655,0.9999968750097655,0.9999968750097655,0.9999968750097655,0.9999968750097655,0.9999968750097655,0.9881219121190246,0.9824969296970949,0.9787469414158082,0.9687469726657105,0.9687469726657105,0.9662469804781861,0.9631219902437804,0.9412470586029417,0.9299970937590819,0.9137471445401734,0.9062471679776001,0.9062471679776001,0.9062471679776001,0.9062471679776001,0.9062471679776001,0.9062471679776001,0.8912472148524536,0.8756222636804261,0.8687472851647339,0.8499973437583006,0.8437473632894897,0.8381223808675601,0.8318724003987487,0.8199974375080081,0.8124974609454346,0.8124974609454346,0.8006224980546937,0.7812475586013793,0.772497585945044,0.7499976562573243,0.7299977187571289,0.712497773444458,0.6887478476629759,0.6849978593816894,0.6606229355533266,0.6562479492251588,0.6562479492251588,0.6562479492251588,0.62874803516239,0.622498054693579,0.6143730800841251,0.5943731425839294,0.5937481445370484,0.5937481445370484,0.573748207036853,0.5593732519585876,0.5312483398489379,0.5312483398489379,0.513123396489386,0.5037484257861697,0.49999843750488293,0.46999853125458996,0.4687485351608276,0.459998562504492,0.43749863281677254,0.43749863281677254,0.43749863281677254,0.4131237089884094,0.4062487304727172,0.3924987734413333,0.37499882812866214,0.36249886719104,0.3437489257846071,0.3249989843781738,0.31249902344055175,0.31249902344055175,0.3099990312530273,0.28499910937778344,0.2812491210964967,0.2812491210964967,0.25562420117437173,0.24999921875244133,0.2412492460961063,0.23187427539288938,0.2256242949240782,0.21874931640838627,0.21874931640838627,0.20374936328323975,0.1949993906269043,0.18749941406433107,0.18749941406433107,0.18749941406433107,0.18749941406433107,0.18749941406433107,0.18749941406433107,0.18749941406433107,0.18749941406433107,0.18499942187680665,0.17562445117359016,0.16937447070477912,0.15624951172027587,0.15624951172027587,0.15624951172027587,0.15624951172027587,0.15624951172027587,0.15624951172027587,0.15624951172027587,0.14874953515770262,0.13687457226696198,0.13437458007943728,0.13187458789191286,0.12624960546998315,0.1249996093762208,0.1249996093762208,0.1249996093762208,0.1249996093762208,0.1249996093762208,0.1249996093762208,0.1249996093762208,0.1249996093762208,0.1249996093762208,0.1249996093762208,0.1193746269542908,0.09437470507904677,0.0937497070321656,0.0937497070321656,0.0937497070321656,0.0937497070321656,0.0937497070321656,0.0937497070321656,0.0937497070321656,0.0937497070321656,0.0937497070321656,0.0937497070321656,0.0937497070321656,0.0937497070321656,0.0937497070321656,0.0937497070321656,0.0937497070321656,0.0937497070321656,0.0937497070321656,0.0887497226571169,0.08499973437583014,0.08187474414142469,0.08124974609454352,0.07812475586013794,0.07562476367261352,0.07499976562573248,0.07499976562573248,0.07499976562573248,0.07187477539132689,0.06874978515692144,0.06874978515692144,0.06562479492251586,0.06312480273499144,0.0624998046881104,0.0624998046881104,0.0624998046881104,0.0624998046881104,0.0624998046881104,0.0624998046881104,0.0624998046881104,0.0624998046881104,0.0624998046881104,0.0624998046881104,0.05937481445370495,0.05624982421929936,0.04687485351608287,0.03749988281286624,0.0312499023440552,0.0312499023440552,0.0312499023440552,0.0312499023440552,0.0312499023440552,0.0312499023440552,0.02187493164083871,0.019374939453314293,0.01874994140643312,0.013124958984503254,0.01249996093762208,0.009374970703216629,0.009374970703216629,0.009374970703216629,0.009374970703216629,0.00624998046881104,0.0031249902344055894,0.0031249902344055894,0.0031249902344055894,0.0006249980468811734
10249300,0.11136949572889675,0.11170194198480393,0.11303172700843248,0.11303172700843248,0.11303172700843248,0.11303172700843248,0.11303172700843248,0.11303172700843248,0.11303172700843248,0.11303172700843248,0.11303172700843248,0.11303172700843248,0.11303172700843248,0.11303172700843248,0.11303172700843248,0.11303172700843248,0.11303172700843248,0.11303172700843248,0.11303172700843248,0.11303172700843248,0.11303172700843248,0.11469395828796826,0.11635618956750403,0.11635618956750403,0.11635618956750403,0.11635618956750403,0.11635618956750403,0.11635618956750403,0.11635618956750403,0.11635618956750403,0.1180184208470398,0.12001309838248277,0.12300511468564712,0.12466734596518289,0.12666202350062586,0.12799180852425443,0.12799180852425443,0.131316271083326,0.131316271083326,0.13297850236286177,0.13297850236286177,0.13297850236286177,0.13297850236286177,0.13297850236286177,0.13297850236286177,0.13297850236286177,0.13297850236286177,0.13497317989830468,0.13995987373691207,0.1496008151582195,0.1496008151582195,0.15126304643775526,0.15292527771729103,0.15292527771729103,0.1565821865322697,0.1595742028354341,0.16456089667404142,0.16456089667404142,0.16489334292994862,0.1662231279535772,0.1662231279535772,0.16655557420948439,0.1728720530717203,0.17486673060716326,0.17952097818986337,0.1828454407489349,0.1828454407489349,0.18949436586707802,0.19448105970568533,0.1994677535442926,0.2011299848238284,0.20944114122150725,0.21609006633965036,0.23271237913500809,0.23836396548542976,0.2493346919303658,0.2493346919303658,0.2563160633044161,0.260637864631209,0.2659570047257235,0.2729383760997738,0.28257931752108123,0.28257931752108123,0.2849064413124314,0.29753939903690324,0.2992016303164389,0.2992016303164389,0.30817767922593214,0.3158239431117967,0.3174861743913324,0.3324462559071544,0.3494010149584193,0.3656908814978698,0.3779913929664347,0.3892945656672777,0.39893550708858533,0.41555781988394297,0.42220674500208605,0.4321801326793006,0.4408237353328867,0.4488024454746584,0.4524593542896372,0.46409497324638765,0.4654247582700161,0.47041145210862345,0.4820470710653739,0.49866938386073156,0.5089752177938534,0.5152916966560892,0.5239352993096753,0.5319140094514471,0.5319140094514471,0.5485363222468047,0.5485363222468047,0.5518607848058762,0.5571799249003907,0.5651586350421623,0.5734697914398413,0.5817809478375202,0.6043872932392069,0.6256638536172646,0.6469404139953223,0.6522595540898369,0.6625653880229586,0.6941477823341383,0.7157567889681034,0.7493338608147263,0.7649588348423622,0.7948789978740063,0.7978710141771704,0.8144933269725282,0.8311156397678859,0.8317805322797003,0.8676847279176731,0.9009293535083887,0.9142272037446746,0.9341739790991042,0.9640941421307476,0.9807164549261054,0.9837084712292702,0.9973387677214631,0.9999983377687205,0.9999983377687205,0.9976712139773702,0.9973387677214631,0.9973387677214631,0.9973387677214631,0.9973387677214631,0.9807164549261054,0.9807164549261054,0.9757297610874981,0.9501313993826473,0.9311819627959393,0.9142272037446746,0.8626980340790655,0.8311156397678859,0.7982034604330778,0.7812487013818128,0.7480040757910974,0.7147594502003819,0.6981371374050243,0.6815148246096664,0.6648925118143088,0.648270199018951,0.6150255734282356,0.5817809478375202,0.5651586350421623,0.5485363222468047,0.5152916966560892,0.49866938386073156,0.47074389836453057,0.4594407256636874,0.4448130904037726,0.42253919125799333,0.39893550708858533,0.3823131942932275,0.3656908814978698,0.349068568702512,0.3324462559071544,0.3158239431117967,0.30352343164323214,0.2829117637769884,0.2682841285170737,0.26329743467846634,0.2493346919303658,0.23703418046180122,0.23271237913500809,0.21609006633965036,0.21609006633965036,0.20944114122150725,0.1994677535442926,0.198137968520664,0.1828454407489349,0.1712098217921845,0.16489334292994862,0.1496008151582195,0.14394922880779792,0.13297850236286177,0.1299864860596974,0.11835086710294696,0.11635618956750403,0.1080450331698252,0.10472057061075365,0.09973387677214633,0.09973387677214633,0.09474718293353901,0.08676847279176733,0.0831115639767886,0.0831115639767886,0.07978710141771705,0.07147594502003818,0.0664892511814309,0.0664892511814309,0.0638296811341737,0.05817809478375203,0.05186161592151609,0.049866938386073166,0.049866938386073166,0.04853715336244458,0.04488024454746584,0.043218013267930074,0.04022599696476568,0.03823131942932277,0.03324462559071545,0.03158239431117968,0.02327123791350081,0.019946775354429264,0.018284544074893508,0.01496008151582196,0.013297850236286187,0.013297850236286187,0.013297850236286187,0.011635618956750414,0.00997338767721464,0.008643602653586059,0.008311156397678867,0.008311156397678867,0.006648925118143093,0.006648925118143093,0.006648925118143093,0.00498669383860732,0.00498669383860732,0.0033244625590715467,0.0016622312795357733,0.0,0.0,0.0,0.0,0.0,0.0,0.00033244625590719156,0.0016622312795357733,0.0016622312795357733,0.0016622312795357733,0.0016622312795357733,0.0016622312795357733,0.0033244625590715467,0.00498669383860732,0.006648925118143093,0.00997338767721464,0.01363029649219336,0.016622312795357735,0.020279221610336434,0.02327123791350081,0.024933469193036583,0.026595700472572356,0.02825793175210813,0.03158239431117968,0.03523930312615843,0.0415557819883943,0.04488024454746584,0.04654247582700162,0.04820470710653739,0.049866938386073166,0.049866938386073166,0.049866938386073166,0.05817809478375203,0.06017277231919503,0.0664892511814309,0.0664892511814309,0.06981371374050245,0.07679508511455266,0.0831115639767886,0.0831115639767886,0.0884307040713031,0.09308495165400324,0.09474718293353901,0.09973387677214633,0.09973387677214633,0.10006632302805349,0.11170194198480393,0.11635618956750403,0.11702108207931841,0.131316271083326,0.13297850236286177,0.13297850236286177,0.13297850236286177,0.13297850236286177,0.13297850236286177,0.13297850236286177,0.13297850236286177,0.13530562615421188,0.14128965876054062,0.1429518900400764,0.14461412131961218,0.1449465675755194,0.1449465675755194,0.1449465675755194,0.14461412131961218,0.14328433629598364,0.14128965876054062,0.13796519620146908,0.13331094861876894,0.13297850236286177,0.13297850236286177,0.13297850236286177,0.13297850236286177,0.13297850236286177,0.13297850236286177,0.13297850236286177,0.13297850236286177,0.13297850236286177,0.13297850236286177,0.131316271083326,0.131316271083326,0.131316271083326,0.1296540398037902,0.1296540398037902,0.12632957724471866,0.12499979222109009,0.12466734596518289,0.12300511468564712,0.12134288340611135,0.12134288340611135,0.12134288340611135,0.11968065212657557,0.11968065212657557,0.11968065212657557,0.11968065212657557,0.11702108207931841,0.11635618956750403,0.11635618956750403,0.11635618956750403,0.11635618956750403,0.11635618956750403,0.11635618956750403,0.11635618956750403,0.11635618956750403,0.11635618956750403,0.11635618956750403,0.11635618956750403,0.11635618956750403,0.11635618956750403,0.11635618956750403,0.11635618956750403,0.11469395828796826,0.11469395828796826,0.11336417326433963,0.11303172700843248,0.11303172700843248,0.11303172700843248,0.11303172700843248,0.11136949572889675,0.11136949572889675,0.11136949572889675,0.11136949572889675
10254050,0.9223834707290016,0.9392988094586594,0.9452689290103035,0.9452689290103035,0.9452689290103035,0.9502440286366735,0.9492490087113995,0.9502440286366735,0.9492490087113995,0.9492490087113995,0.9482539887861254,0.9502440286366735,0.9502440286366735,0.9502440286366735,0.9502440286366735,0.9502440286366735,0.9601942278894136,0.9651693275157835,0.9800946263948936,0.9950199252740037,0.9950199252740037,0.9950199252740037,0.9950199252740037,0.9950199252740037,0.9950199252740037,0.9950199252740037,0.9950199252740037,0.9950199252740037,0.9950199252740037,0.9950199252740037,0.9900448256476336,0.9900448256476336,0.9900448256476336,0.9850697260212636,0.9850697260212636,0.9850697260212636,0.9850697260212636,0.9850697260212636,0.9900448256476336,0.9910398455729077,0.9950199252740037,0.9950199252740037,0.9950199252740037,0.9950199252740037,0.9950199252740037,0.9950199252740037,0.9950199252740037,0.9950199252740037,0.9950199252740037,0.9970099651245516,0.9999950249003736,0.9999950249003736,0.9970099651245516,0.9950199252740037,0.9950199252740037,0.9950199252740037,0.9950199252740037,0.9950199252740037,0.9950199252740037,0.9950199252740037,0.9950199252740037,0.9900448256476336,0.9900448256476336,0.9751195267685236,0.9701444271421535,0.9502440286366735,0.9452689290103035,0.9353187297575634,0.9084531917751655,0.8955179327466033,0.8955179327466033,0.8766125541663973,0.8457669364829031,0.8457669364829031,0.835816737230163,0.810941239098313,0.796015940219203,0.7810906413400929,0.7611902428346128,0.7462649439555028,0.7462649439555028,0.7064641469445426,0.6965139476918025,0.6786035890368706,0.6467629514281025,0.6467629514281025,0.6169123536698823,0.5970119551644022,0.562186257779812,0.547260958900702,0.537310759647962,0.512435261516112,0.49750996263700187,0.4925348630106318,0.4776095641315217,0.4676593648787817,0.4527340659996717,0.44278386674693165,0.42288346824145157,0.40795816936234147,0.38805777085686144,0.36318227272501136,0.3422868542942573,0.32338147571405124,0.30845617683494114,0.28855577832946105,0.268655379823981,0.25373008094487093,0.23880478206576086,0.21392928393391078,0.19402888542843072,0.17412848692295063,0.14925298879110055,0.13930278953836053,0.12437749065925047,0.1094521917801404,0.09452689290103035,0.0796015940219203,0.06965139476918027,0.0547260958900702,0.04477589663733016,0.03482569738459013,0.024875498131850093,0.014925298879110054,0.009950199252740037,0.0049750996263700185,0.0049750996263700185,0.0049750996263700185,0.0,0.0,0.0,0.0,0.0,0.0,0.0,0.0,0.0,0.0,0.0,0.0,0.0,0.0,0.0,0.0,0.0,0.0,0.0,0.0,0.0,0.0,0.0,0.0,0.0,0.0,0.0,0.0,0.0,0.0,0.0,0.0,0.0,0.0,0.0,0.0,0.0,0.0,0.0,0.0,0.0,0.0,0.0,0.0,0.0,0.0,0.0,0.0,0.0,0.0,0.0,0.0,0.0,0.0,0.0,0.0,0.0,0.0,0.0,0.0,0.0,0.0,0.0,0.0,0.0,0.0,0.0,0.0,0.0,0.0,0.0,0.0,0.0,0.0,0.0,0.0,0.0,0.0,0.0,0.0,0.0,0.0,0.0,0.0,0.0,0.0,0.0,0.0,0.0,0.0,0.0,0.0,0.0,0.0,0.0,0.0,0.0,0.0,0.0,0.0,0.0,0.0,0.0,0.0,0.0,0.0,0.0,0.0,0.0,0.0,0.0,0.0,0.0,0.0,0.0,0.0,0.0,0.0,0.0,0.0,0.0,0.0,0.0,0.0,0.0,0.0,0.0,0.0,0.0,0.0,0.0,0.0,0.0,0.0,0.0,0.0,0.0,0.0,0.0,0.0,0.0,0.0,0.0,0.0,0.0,0.0,0.0,0.0,0.0,0.0,0.0,0.0,0.0,0.0,0.0,0.0,0.0,0.0,0.0,0.0,0.0,0.0,0.0,0.0,0.0,0.0,0.0,0.0,0.0,0.0,0.0,0.0,0.0,0.0,0.0,0.0,0.0,0.0,0.0,0.0,0.0,0.0,0.0,0.0,0.0,0.0,0.0,0.0,0.026865537982398248,0.057711155665892314,0.10447709215377038,0.13134263013616848,0.16417828767021062,0.18407868617569068,0.20397908468117074,0.22387948318665082,0.24875498131850093,0.268655379823981,0.283580678703091,0.31343127646131114,0.3333316749667913,0.3582071730986413,0.36815737235138135,0.3890527907821355,0.40795816936234147,0.4238784881667257,0.44278386674693165,0.4527340659996717,0.4716394445798777,0.4865647434589878,0.49750996263700187,0.5074601618897419,0.5383057795732361,0.547260958900702,0.5681563773314561,0.5970119551644022,0.6368127521753624,0.6467629514281025,0.6666633499335826,0.6965139476918025,0.6965139476918025,0.7144243063467347,0.7293496052258448,0.7462649439555028,0.7462649439555028,0.7611902428346128,0.7741255018631751,0.7810906413400929,0.796015940219203,0.796015940219203,0.796015940219203,0.796015940219203,0.796015940219203,0.812931278948861,0.825866537977423,0.8397968169312592,0.8407918368565331,0.8457669364829031
10256500,0.19820618423215022,0.19322612935194544,0.18426203056757695,0.18326601959153588,0.18426203056757695,0.18426203056757695,0.18326601959153588,0.18326601959153588,0.18924208544778168,0.19422214032798651,0.19820618423215022,0.203186239112355,0.20617427204047817,0.2231064586331741,0.2460147110821164,0.2579668427946076,0.2499987549862801,0.23107454644150197,0.22410246960921518,0.2231064586331741,0.2231064586331741,0.21912241472901034,0.2231064586331741,0.24800673303419804,0.2629468976748124,0.27290700743522195,0.27788706231542676,0.292827226956041,0.31872351233310603,0.3346596879497614,0.34860384161433466,0.3575679403987032,0.3735041160153586,0.41832460993720166,0.47210920264341316,0.4970094770444375,0.521909751445461,0.5597581685350176,0.5717103002475087,0.575694344151673,0.5976065856245742,0.6215108490495566,0.6474071344266215,0.6713113978516044,0.7211119466536522,0.7430241881265535,0.7818686161921508,0.8007928247369288,0.8207130442577477,0.8227050662098299,0.8735016259879184,0.9213101528378845,0.9701146906638912,0.9711107016399323,0.9870468772565877,0.9999950199451197,0.9770867674961781,0.9770867674961781,0.9701146906638912,0.9661306467597275,0.9203141418618435,0.9203141418618435,0.9282822296701713,0.9213101528378845,0.9203141418618435,0.9163300979576796,0.8854537577004098,0.8705135930597956,0.8705135930597956,0.8705135930597956,0.8854537577004098,0.8904338125806152,0.8735016259879184,0.8705135930597956,0.824697088161912,0.8207130442577477,0.8027848466890107,0.7709124954557001,0.7709124954557001,0.7709124954557001,0.7709124954557001,0.7709124954557001,0.7709124954557001,0.7260920015338573,0.7260920015338573,0.7260920015338573,0.7231039686057343,0.7340600893421848,0.7171279027494885,0.6713113978516044,0.6713113978516044,0.6384430356422531,0.6215108490495566,0.6215108490495566,0.6215108490495566,0.6215108490495566,0.6215108490495566,0.6215108490495566,0.6215108490495566,0.6215108490495566,0.6215108490495566,0.6215108490495566,0.6215108490495566,0.6215108490495566,0.6225068600255976,0.6215108490495566,0.6215108490495566,0.6215108490495566,0.6215108490495566,0.5976065856245742,0.5836624319600003,0.5717103002475087,0.5717103002475087,0.5717103002475087,0.5737023221995908,0.5737023221995908,0.6055746734329016,0.6215108490495566,0.6215108490495566,0.5856544539120825,0.5717103002475087,0.5717103002475087,0.5717103002475087,0.5717103002475087,0.5617501904870991,0.5527860917027309,0.521909751445461,0.521909751445461,0.521909751445461,0.5129456526610926,0.478085268499659,0.47210920264341316,0.43724881848197966,0.4223086538413654,0.3735041160153586,0.3675280501591128,0.3436237867341298,0.32270755623726977,0.30876340257269647,0.28286711719563146,0.2679269525550172,0.2529867879144028,0.23406257936962474,0.2231064586331741,0.2091623049686008,0.203186239112355,0.18426203056757695,0.1683258549509215,0.1543817012863483,0.14342558054989765,0.13446148176552913,0.12848541590928328,0.11852530614887372,0.11354525126866893,0.10458115248430043,0.0986050866280546,0.08864497686764504,0.08366492198744026,0.06872475734682593,0.06374470246662114,0.058764647586416356,0.05378459270621157,0.048804537826006786,0.043824482945802025,0.03884442806559724,0.033864373185392455,0.028884318305187673,0.023904263424982888,0.018924208544778102,0.013944153664573343,0.008964098784368558,0.004980054880204813,0.003984043904163773,0.003984043904163773,0.003984043904163773,0.003984043904163773,0.003984043904163773,0.0,0.0,0.003984043904163773,0.004980054880204813,0.008964098784368558,0.009960109760409598,0.014940164640614383,0.018924208544778102,0.023904263424982888,0.028884318305187673,0.033864373185392455,0.03884442806559724,0.043824482945802025,0.048804537826006786,0.048804537826006786,0.05378459270621157,0.05478060368225264,0.06872475734682593,0.07370481222703071,0.07868486710723546,0.08366492198744026,0.08864497686764504,0.08864497686764504,0.08864497686764504,0.09362503174784982,0.09362503174784982,0.09362503174784982,0.09362503174784982,0.08864497686764504,0.08366492198744026,0.08366492198744026,0.08366492198744026,0.07868486710723546,0.07868486710723546,0.07868486710723546,0.07868486710723546,0.07868486710723546,0.07868486710723546,0.07868486710723546,0.07868486710723546,0.07868486710723546,0.07370481222703071,0.07370481222703071,0.07370481222703071,0.07370481222703071,0.07370481222703071,0.07370481222703071,0.07370481222703071,0.07370481222703071,0.07370481222703071,0.0747008232030717,0.07868486710723546,0.07868486710723546,0.07868486710723546,0.08366492198744026,0.08864497686764504,0.09362503174784982,0.0986050866280546,0.10856519638846415,0.11354525126866893,0.12450137200511957,0.13446148176552913,0.1334654707894881,0.13446148176552913,0.13446148176552913,0.1334654707894881,0.12848541590928328,0.12848541590928328,0.1334654707894881,0.13446148176552913,0.13446148176552913,0.1334654707894881,0.12948142688532435,0.12848541590928328,0.12350536102907851,0.11852530614887372,0.11354525126866893,0.11354525126866893,0.10458115248430043,0.0986050866280546,0.0986050866280546,0.0986050866280546,0.09462104272389084,0.09362503174784982,0.08864497686764504,0.08366492198744026,0.08366492198744026,0.07868486710723546,0.07370481222703071,0.06872475734682593,0.06872475734682593,0.06374470246662114,0.06374470246662114,0.06374470246662114,0.058764647586416356,0.058764647586416356,0.058764647586416356,0.05378459270621157,0.05378459270621157,0.048804537826006786,0.048804537826006786,0.048804537826006786,0.048804537826006786,0.048804537826006786,0.048804537826006786,0.048804537826006786,0.04482049392184307,0.043824482945802025,0.043824482945802025,0.03984043904163828,0.03884442806559724,0.03884442806559724,0.03884442806559724,0.03884442806559724,0.03884442806559724,0.03884442806559724,0.03884442806559724,0.03884442806559724,0.03884442806559724,0.03884442806559724,0.043824482945802025,0.043824482945802025,0.048804537826006786,0.048804537826006786,0.048804537826006786,0.04980054880204785,0.05478060368225264,0.058764647586416356,0.06374470246662114,0.06374470246662114,0.06872475734682593,0.07370481222703071,0.07968087808327648,0.08366492198744026,0.08864497686764504,0.09362503174784982,0.0986050866280546,0.1035851415082594,0.11354525126866893,0.11852530614887372,0.12350536102907851,0.12848541590928328,0.1334654707894881,0.1334654707894881,0.13944153664573394,0.14840563543010243,0.15338569031030722,0.16932186592696258,0.18326601959153588,0.18824607447174066,0.19322612935194544,0.19820618423215022,0.203186239112355,0.203186239112355,0.2091623049686008,0.2131463488727646,0.2131463488727646,0.2131463488727646,0.21414235984880564,0.2231064586331741,0.22410246960921518,0.22808651351337889,0.22808651351337889,0.22908252448941996,0.24302667815399323,0.24900274401023909,0.25398279889044384,0.2579668427946076,0.2529867879144028,0.24800673303419804,0.22808651351337889,0.22808651351337889,0.22808651351337889,0.22808651351337889,0.22808651351337889,0.22908252448941996,0.23904263424982952,0.2440226891300343,0.24302667815399323,0.23904263424982952,0.22908252448941996,0.22808651351337889,0.2231064586331741,0.21912241472901034,0.2131463488727646,0.2091623049686008,0.20418225008839608,0.2131463488727646,0.21414235984880564
10257600,0.0,0.0,0.0,0.0,0.0,0.0,0.0,0.0,0.0,0.0,0.0,0.0,0.0,0.0,0.0,0.0,0.0,0.0,0.0,0.0,0.0,0.0,0.0,0.0,0.0,0.0,0.0,0.0,0.0,0.0,0.0,0.0,0.0,0.0,0.0,0.0,0.0,0.0,0.0,0.0,0.0,0.0,0.0,0.0,0.0,0.0,0.0,0.0,0.0,0.0,0.0,0.0,0.0,0.0,0.0,0.0,0.0,0.0,0.0,0.0,0.0,0.0,0.0,0.0,0.0,0.0,0.0,0.0,0.0,0.0,0.0,0.0,0.0,0.0,0.0,0.0,0.0,0.0,0.0,0.0,0.0,0.0,0.0,0.0,0.0,0.0,0.0,0.0,0.0,0.0,0.0,0.14283673760891302,0.5713469504356521,0.5713469504356521,0.5713469504356521,0.5713469504356521,0.5713469504356521,0.5713469504356521,0.5713469504356521,0.5713469504356521,0.5713469504356521,0.7141836880445651,0.7141836880445651,0.857020425653478,0.857020425653478,0.857020425653478,0.857020425653478,0.857020425653478,0.857020425653478,0.9998571632623912,0.9998571632623912,0.9998571632623912,0.9998571632623912,0.857020425653478,0.857020425653478,0.857020425653478,0.857020425653478,0.857020425653478,0.9998571632623912,0.9998571632623912,0.9998571632623912,0.9998571632623912,0.9998571632623912,0.857020425653478,0.857020425653478,0.857020425653478,0.857020425653478,0.857020425653478,0.857020425653478,0.857020425653478,0.857020425653478,0.857020425653478,0.857020425653478,0.7141836880445651,0.5713469504356521,0.5713469504356521,0.5713469504356521,0.428510212826739,0.428510212826739,0.428510212826739,0.28567347521782605,0.28567347521782605,0.28567347521782605,0.28567347521782605,0.14283673760891302,0.14283673760891302,0.14283673760891302,0.0,0.0,0.0,0.0,0.0,0.0,0.0,0.0,0.0,0.0,0.0,0.0,0.0,0.0,0.0,0.0,0.0,0.0,0.0,0.0,0.0,0.0,0.0,0.0,0.0,0.0,0.0,0.0,0.0,0.0,0.0,0.0,0.0,0.0,0.0,0.0,0.0,0.0,0.0,0.0,0.0,0.0,0.0,0.0,0.0,0.0,0.0,0.0,0.0,0.0,0.0,0.0,0.0,0.0,0.0,0.0,0.0,0.0,0.0,0.0,0.0,0.0,0.0,0.0,0.0,0.0,0.0,0.0,0.0,0.0,0.0,0.0,0.0,0.0,0.0,0.0,0.0,0.0,0.0,0.0,0.0,0.0,0.0,0.0,0.0,0.0,0.0,0.0,0.0,0.0,0.0,0.0,0.0,0.0,0.0,0.0,0.0,0.0,0.0,0.0,0.0,0.0,0.0,0.0,0.0,0.0,0.0,0.0,0.0,0.0,0.0,0.0,0.0,0.0,0.0,0.0,0.0,0.0,0.0,0.0,0.0,0.0,0.0,0.0,0.0,0.0,0.0,0.0,0.0,0.0,0.0,0.0,0.0,0.0,0.0,0.0,0.0,0.0,0.0,0.0,0.0,0.0,0.0,0.0,0.0,0.0,0.0,0.0,0.0,0.0,0.0,0.0,0.0,0.0,0.0,0.0,0.0,0.0,0.0,0.0,0.0,0.0,0.0,0.0,0.0,0.0,0.0,0.0,0.0,0.0,0.0,0.0,0.0,0.0,0.0,0.0,0.0,0.0,0.0,0.0,0.0,0.0,0.0,0.0,0.0,0.0,0.0,0.0,0.0,0.0,0.0,0.0,0.0,0.0,0.0,0.0,0.0,0.0,0.0,0.0,0.0,0.0,0.0,0.0,0.0,0.0,0.0,0.0,0.0,0.0,0.0,0.0,0.0,0.0,0.0,0.0,0.0,0.0,0.0
10258000,0.3066641111324073,0.3333305555787035,0.3499970833576387,0.3499970833576387,0.3499970833576387,0.3583303472471063,0.3583303472471063,0.3583303472471063,0.3583303472471063,0.3583303472471063,0.3583303472471063,0.3583303472471063,0.3583303472471063,0.3583303472471063,0.3583303472471063,0.3583303472471063,0.3583303472471063,0.36666361113657386,0.37499687502604145,0.37499687502604145,0.37499687502604145,0.37499687502604145,0.38333013891550904,0.3916634028049766,0.3916634028049766,0.39999666669444417,0.39999666669444417,0.4166631944733794,0.4416629861417822,0.4416629861417822,0.4416629861417822,0.44999625003124977,0.44999625003124977,0.45832951392071736,0.45832951392071736,0.45832951392071736,0.45832951392071736,0.4749960416996524,0.4833293055891201,0.5083290972575228,0.5166623611469904,0.524995625036458,0.5333288889259257,0.5416621528153932,0.5499954167048609,0.5583286805943284,0.5583286805943284,0.566661944483796,0.5749952083732635,0.5999950000416663,0.6083282639311339,0.6249947917100691,0.6499945833784718,0.6749943750468747,0.7083274306047449,0.7333272222731477,0.7583270139415506,0.7749935417204857,0.808326597278356,0.8249931250572912,0.8333263889467588,0.8416596528362263,0.8833259722835644,0.9166590278414347,0.9166590278414347,0.9166590278414347,0.9166590278414347,0.9333255556203699,0.9416588195098373,0.9583253472887725,0.9749918750677077,0.9999916667361105,0.9999916667361105,0.9999916667361105,0.9999916667361105,0.9999916667361105,0.9999916667361105,0.9999916667361105,0.9999916667361105,0.9999916667361105,0.9999916667361105,0.9999916667361105,0.9749918750677077,0.9583253472887725,0.9249922917309024,0.9166590278414347,0.9166590278414347,0.9166590278414347,0.9166590278414347,0.9166590278414347,0.9166590278414347,0.9166590278414347,0.9166590278414347,0.9166590278414347,0.9166590278414347,0.9166590278414347,0.9166590278414347,0.9166590278414347,0.9166590278414347,0.9166590278414347,0.9166590278414347,0.9166590278414347,0.9166590278414347,0.9166590278414347,0.9166590278414347,0.9166590278414347,0.9166590278414347,0.9166590278414347,0.9166590278414347,0.9166590278414347,0.8666594445046292,0.8333263889467588,0.8333263889467588,0.7999933333888883,0.7749935417204857,0.7666602778310181,0.7416604861626153,0.7333272222731477,0.7249939583836801,0.6833276389363422,0.666661111157407,0.6499945833784718,0.6333280555995366,0.6166615278206015,0.5916617361521986,0.5749952083732635,0.5583286805943284,0.5416621528153932,0.5333288889259257,0.5083290972575228,0.4833293055891201,0.46666277781018495,0.45832951392071736,0.4333297222523146,0.424996458362847,0.40832993058391176,0.38333013891550904,0.3583303472471063,0.3333305555787035,0.3249972916892359,0.30833076391030073,0.2749977083524304,0.2583311805734952,0.24999791668402763,0.24166465279456004,0.22499812501562488,0.2083315972366897,0.2083315972366897,0.16666527778935175,0.15833201389988416,0.141665486120949,0.12499895834201381,0.10833243056307865,0.09166590278414347,0.07499937500520829,0.05833284722627312,0.033333055557870354,0.02499979166840276,0.016666527778935177,0.008333263889467589,0.0,0.0,0.0,0.0,0.0,0.0,0.0,0.0,0.0,0.0,0.0,0.0,0.0,0.0,0.0,0.0,0.0,0.0,0.0,0.0,0.0,0.0,0.0,0.0,0.0,0.0,0.0,0.0,0.0,0.0,0.0,0.0,0.0,0.0,0.0,0.0,0.0,0.0,0.0,0.0,0.0,0.0,0.0,0.0,0.0,0.0,0.0,0.0,0.0,0.0,0.0,0.0,0.0,0.0,0.0,0.0,0.0,0.0,0.0,0.0,0.0,0.0,0.0,0.0,0.0,0.0,0.0,0.0,0.0,0.0,0.0,0.0,0.0,0.0,0.0,0.0,0.0,0.0,0.0,0.0,0.0,0.0,0.0,0.0,0.0,0.0,0.0,0.0,0.0,0.0,0.0,0.0,0.0,0.0,0.0,0.0,0.0,0.0,0.0,0.0,0.0,0.0,0.0,0.0,0.0,0.0,0.0,0.0,0.0,0.0,0.0,0.0,0.0,0.0,0.0,0.0,0.0,0.0,0.0,0.0,0.0,0.0,0.0,0.0,0.0,0.0,0.0,0.0,0.0,0.0,0.0,0.0,0.0,0.0,0.0,0.0,0.0,0.0,0.0,0.0,0.0,0.0,0.0,0.0,0.0,0.0,0.0,0.0,0.0,0.0,0.0,0.0,0.0,0.0,0.0,0.0,0.0,0.0,0.0,0.0,0.0,0.0,0.0,0.0,0.0,0.0,0.0,0.0,0.0,0.0,0.0,0.0,0.0,0.0,0.0,0.0,0.0,0.0,0.0,0.04166631944733794,0.05833284722627312,0.07499937500520829,0.09999916667361104,0.12499895834201381,0.14999875001041657,0.16666527778935175,0.16666527778935175,0.17499854167881934,0.18333180556828693,0.18333180556828693,0.19166506945775452,0.19166506945775452,0.2016649861251157,0.2083315972366897,0.2166648611261573,0.22499812501562488,0.23333138890509247,0.23333138890509247,0.24166465279456004,0.24166465279456004,0.2583311805734952,0.2599978333513888,0.26666444446296284,0.26666444446296284,0.26666444446296284,0.26666444446296284
10258500,0.0,0.0,0.0,0.0,0.0,0.0,0.0,0.0,0.0,0.0,0.0,0.0,0.0,0.0,0.0,0.0,0.0,0.0,0.0,0.0,0.0,0.0,0.0,0.0,0.0,0.0,0.0,0.0,0.0,0.0,0.0,0.0,0.0,0.0,0.0,0.0,0.0,0.0,0.0,0.0,0.0,0.0,0.0,0.0,0.0,0.0,0.0,0.0,0.0,0.0,0.0,0.0,0.0,0.0,0.0,0.0,0.0,0.0,0.0,0.0,0.0,0.0,0.0,0.0,0.0,0.0,0.0,0.0,0.0,0.999000999000999,0.999000999000999,0.999000999000999,0.0,0.0,0.0,0.0,0.0,0.0,0.0,0.0,0.0,0.0,0.0,0.0,0.0,0.0,0.0,0.0,0.0,0.0,0.0,0.0,0.0,0.0,0.0,0.0,0.0,0.0,0.0,0.0,0.0,0.0,0.0,0.0,0.0,0.0,0.0,0.0,0.0,0.0,0.0,0.0,0.0,0.0,0.0,0.0,0.0,0.0,0.0,0.0,0.0,0.0,0.0,0.0,0.0,0.0,0.0,0.0,0.0,0.0,0.0,0.0,0.0,0.0,0.0,0.0,0.0,0.0,0.0,0.0,0.0,0.0,0.0,0.0,0.0,0.0,0.0,0.0,0.0,0.0,0.0,0.0,0.0,0.0,0.0,0.0,0.0,0.0,0.0,0.0,0.0,0.0,0.0,0.0,0.0,0.0,0.0,0.0,0.0,0.0,0.0,0.0,0.0,0.0,0.0,0.0,0.0,0.0,0.0,0.0,0.0,0.0,0.0,0.0,0.0,0.0,0.0,0.0,0.0,0.0,0.0,0.0,0.0,0.0,0.0,0.0,0.0,0.0,0.0,0.0,0.0,0.0,0.0,0.0,0.0,0.0,0.0,0.0,0.0,0.0,0.0,0.0,0.0,0.0,0.0,0.0,0.0,0.0,0.0,0.0,0.0,0.0,0.0,0.0,0.0,0.0,0.0,0.0,0.0,0.0,0.0,0.0,0.0,0.0,0.0,0.0,0.0,0.0,0.0,0.0,0.0,0.0,0.0,0.0,0.0,0.0,0.0,0.0,0.0,0.0,0.0,0.0,0.0,0.0,0.0,0.0,0.0,0.0,0.0,0.0,0.0,0.0,0.0,0.0,0.0,0.0,0.0,0.0,0.0,0.0,0.0,0.0,0.0,0.0,0.0,0.0,0.0,0.0,0.0,0.0,0.0,0.0,0.0,0.0,0.0,0.0,0.0,0.0,0.0,0.0,0.0,0.0,0.0,0.0,0.0,0.0,0.0,0.0,0.0,0.0,0.0,0.0,0.0,0.0,0.0,0.0,0.0,0.0,0.0,0.0,0.0,0.0,0.0,0.0,0.0,0.0,0.0,0.0,0.0,0.0,0.0,0.0,0.0,0.0,0.0,0.0,0.0,0.0,0.0,0.0,0.0,0.0,0.0,0.0,0.0,0.0,0.0,0.0,0.0,0.0,0.0,0.0,0.0,0.0,0.0,0.0,0.0,0.0,0.0,0.0,0.0,0.0,0.0,0.0,0.0,0.0,0.0,0.0,0.0,0.0,0.0,0.0,0.0,0.0,0.0,0.0
10259000,0.7342605995762268,0.7342605995762268,0.7342605995762268,0.741253557667429,0.7426521492856697,0.7426521492856697,0.7426521492856697,0.7426521492856697,0.7482465157586311,0.7496451073768718,0.7552394738498333,0.7552394738498333,0.7552394738498333,0.7552394738498333,0.7552394738498333,0.7552394738498333,0.7552394738498333,0.7622324319410354,0.7622324319410354,0.7622324319410354,0.7622324319410354,0.7622324319410354,0.7622324319410354,0.7622324319410354,0.7622324319410354,0.7622324319410354,0.7622324319410354,0.7636310235592761,0.7762183481234398,0.7762183481234398,0.7846098978328825,0.7902042643058441,0.7902042643058441,0.7902042643058441,0.7902042643058441,0.7902042643058441,0.7902042643058441,0.7902042643058441,0.7902042643058441,0.7902042643058441,0.7902042643058441,0.7902042643058441,0.7902042643058441,0.7902042643058441,0.7971972223970463,0.8069873637247296,0.8391549709442591,0.854539478744904,0.8601338452178656,0.8671268033090678,0.8811127194914721,0.8881056775826742,0.9104831434745212,0.9300634261298872,0.9300634261298872,0.9300634261298872,0.9300634261298872,0.9300634261298872,0.9300634261298872,0.9328606093663684,0.9454479339305323,0.9510423004034938,0.958035258494696,0.9664268082041386,0.9720211746771003,0.9790141327683024,0.980412724386543,0.9860070908595044,0.9874056824777449,0.994398640568947,0.9999930070419087,0.9999930070419087,0.9999930070419087,0.9999930070419087,0.9999930070419087,0.994398640568947,0.9930000489507066,0.9930000489507066,0.994398640568947,0.9930000489507066,0.9874056824777449,0.980412724386543,0.980412724386543,0.9734197662953409,0.9650282165858981,0.958035258494696,0.958035258494696,0.9328606093663684,0.9300634261298872,0.9300634261298872,0.9300634261298872,0.9300634261298872,0.9300634261298872,0.9300634261298872,0.9090845518562808,0.8950986356738764,0.8811127194914721,0.8601338452178656,0.8601338452178656,0.8601338452178656,0.8601338452178656,0.8601338452178656,0.854539478744904,0.8265676463800952,0.7916028559240846,0.7902042643058441,0.7902042643058441,0.7426521492856697,0.721673275012063,0.7202746833938224,0.7202746833938224,0.7202746833938224,0.6867084845560522,0.6503451024818008,0.6503451024818008,0.644750736008839,0.6013943958433858,0.5818141131880197,0.5804155215697793,0.5804155215697793,0.5804155215697793,0.5734225634785771,0.5454507311137684,0.5258704484584026,0.5104859406577577,0.5104859406577577,0.5104859406577577,0.48251410829294894,0.46852819211054464,0.45454227592814045,0.4475493178369383,0.44055635974573615,0.44055635974573615,0.43496199327277457,0.41258452738092743,0.3930042447255617,0.3776197369249166,0.3706267788337145,0.3706267788337145,0.3636338207425123,0.3566408626513101,0.3566408626513101,0.34964790456010797,0.3356619883777036,0.32866903028650146,0.32167607219529937,0.3146831141040972,0.30769015601289507,0.2951028314487313,0.28671128173928856,0.2797183236480864,0.26573240746568205,0.2587394493744799,0.2531450829015182,0.23776057510087348,0.21678170082726697,0.20978874273606482,0.20279578464486264,0.1888098684624583,0.1762225438982946,0.1678309941888518,0.16083803609764966,0.1468521199152454,0.13985916182404323,0.13286620373284108,0.1258732456416389,0.11888028755043674,0.11188732945923457,0.106292962986273,0.09930000489507083,0.09790141327683025,0.09790141327683025,0.09090845518562808,0.09090845518562808,0.09090845518562808,0.0839154970944259,0.0839154970944259,0.07692253900322374,0.0629366228208195,0.05594366472961732,0.05594366472961732,0.04895070663841516,0.04195774854721299,0.03636338207425142,0.03496479045601083,0.02797183236480866,0.02797183236480866,0.02797183236480866,0.02797183236480866,0.022377465891847085,0.020978874273606497,0.020978874273606497,0.01398591618240433,0.008391549709442676,0.006992958091202165,0.006992958091202165,0.006992958091202165,0.006992958091202165,0.006992958091202165,0.006992958091202165,0.006992958091202165,0.006992958091202165,0.0013985916182405107,0.0,0.0,0.0,0.0,0.0,0.0,0.0,0.0013985916182405107,0.006992958091202165,0.006992958091202165,0.006992958091202165,0.006992958091202165,0.006992958091202165,0.006992958091202165,0.01398591618240433,0.01398591618240433,0.01398591618240433,0.01398591618240433,0.020978874273606497,0.020978874273606497,0.020978874273606497,0.020978874273606497,0.02797183236480866,0.02797183236480866,0.02797183236480866,0.02797183236480866,0.02797183236480866,0.03496479045601083,0.03496479045601083,0.04195774854721299,0.04195774854721299,0.05594366472961732,0.05594366472961732,0.05594366472961732,0.0629366228208195,0.06992958091202157,0.06992958091202157,0.07832113062146433,0.0839154970944259,0.0839154970944259,0.0839154970944259,0.09090845518562808,0.09090845518562808,0.09090845518562808,0.09790141327683025,0.09790141327683025,0.09790141327683025,0.09790141327683025,0.09790141327683025,0.09930000489507083,0.09790141327683025,0.09790141327683025,0.09930000489507083,0.10489437136803241,0.10489437136803241,0.106292962986273,0.11188732945923457,0.11188732945923457,0.11888028755043674,0.12027887916867733,0.1258732456416389,0.1258732456416389,0.13286620373284108,0.13286620373284108,0.13985916182404323,0.13985916182404323,0.1468521199152454,0.15384507800644748,0.15384507800644748,0.16083803609764966,0.1678309941888518,0.17482395228005398,0.18181691037125616,0.18181691037125616,0.1888098684624583,0.1888098684624583,0.1888098684624583,0.1888098684624583,0.1958028265536605,0.1958028265536605,0.1958028265536605,0.20279578464486264,0.20279578464486264,0.20978874273606482,0.20978874273606482,0.2181802924455075,0.22377465891846915,0.2307676170096713,0.23776057510087348,0.23915916671911405,0.24615212481031606,0.25174649128327775,0.2587394493744799,0.26573240746568205,0.2797183236480864,0.28671128173928856,0.2937042398304907,0.3006971979216929,0.3090887476311357,0.3146831141040972,0.32167607219529937,0.32866903028650146,0.33706057999594424,0.34964790456010797,0.3566408626513101,0.3636338207425123,0.3706267788337145,0.3776197369249166,0.3846126950161188,0.391605653107321,0.39859861119852313,0.41258452738092743,0.41957748547212964,0.42796903518157237,0.44055635974573615,0.44055635974573615,0.44055635974573615,0.4475493178369383,0.45454227592814045,0.4615352340193425,0.46852819211054464,0.4755211502017468,0.48950706638415115,0.4965000244753533,0.5034929825665555,0.5104859406577577,0.5104859406577577,0.5104859406577577,0.5104859406577577,0.524471856840162,0.524471856840162,0.5314648149313641,0.5328634065496047,0.5454507311137684,0.5524436892049707,0.5594366472961728,0.566429605387375,0.5748211550968179,0.5804155215697793,0.5804155215697793,0.5874084796609814,0.5944014377521836,0.608387353934588,0.6363591862993965,0.6503451024818008,0.6503451024818008,0.6503451024818008,0.6503451024818008,0.6503451024818008,0.6503451024818008,0.6503451024818008,0.6573380605730029,0.6783169348466095,0.6937014426472544,0.6992958091202159,0.7062887672114181,0.7202746833938224,0.7202746833938224,0.7202746833938224,0.7202746833938224,0.7202746833938224,0.7202746833938224,0.7202746833938224
10259200,0.0,0.0,0.0,0.0,0.0,0.0,0.0,0.0,0.0,0.0,0.0,0.0,0.0,0.0,0.0,0.0,0.0,0.0,0.0,0.0,0.0,0.0,0.0,0.0,0.0,0.0,0.0,0.0,0.0,0.0,0.0,0.0,0.0,0.0,0.0,0.0,0.0,0.0,0.0,0.0,0.0,0.0,0.0,0.0,0.0,0.0,0.0,0.0,0.0,0.0,0.0,0.0,0.0,0.0,0.0,0.0,0.0,0.5999400059994,0.6999300069993001,0.7999200079992,0.7999200079992,0.7999200079992,0.7999200079992,0.7999200079992,0.8999100089991,0.8999100089991,0.8999100089991,0.8999100089991,0.9999000099990001,0.9999000099990001,0.9999000099990001,0.9999000099990001,0.9999000099990001,0.9999000099990001,0.9999000099990001,0.8999100089991,0.8999100089991,0.8999100089991,0.8999100089991,0.8999100089991,0.8999100089991,0.8999100089991,0.8999100089991,0.819918008199181,0.7999200079992,0.7999200079992,0.7999200079992,0.7999200079992,0.7999200079992,0.7999200079992,0.7999200079992,0.7999200079992,0.7999200079992,0.7999200079992,0.7999200079992,0.7999200079992,0.7999200079992,0.7999200079992,0.6999300069993001,0.6999300069993001,0.6999300069993001,0.6999300069993001,0.6999300069993001,0.5999400059994,0.5999400059994,0.5999400059994,0.5999400059994,0.5999400059994,0.49995000499950004,0.49995000499950004,0.49995000499950004,0.3999600039996,0.3999600039996,0.3999600039996,0.2999700029997,0.2999700029997,0.2999700029997,0.2999700029997,0.2999700029997,0.2999700029997,0.1999800019998,0.1999800019998,0.1999800019998,0.1999800019998,0.1999800019998,0.1999800019998,0.1999800019998,0.1999800019998,0.0999900009999,0.0999900009999,0.0999900009999,0.0999900009999,0.0999900009999,0.0999900009999,0.0999900009999,0.0999900009999,0.0999900009999,0.0999900009999,0.0999900009999,0.0999900009999,0.0,0.0,0.0,0.0,0.0,0.0,0.0,0.0,0.0,0.0,0.0,0.0,0.0,0.0,0.0,0.0,0.0,0.0,0.0,0.0,0.0,0.0,0.0,0.0,0.0,0.0,0.0,0.0,0.0,0.0,0.0,0.0,0.0,0.0,0.0,0.0,0.0,0.0,0.0,0.0,0.0,0.0,0.0,0.0,0.0,0.0,0.0,0.0,0.0,0.0,0.0,0.0,0.0,0.0,0.0,0.0,0.0,0.0,0.0,0.0,0.0,0.0,0.0,0.0,0.0,0.0,0.0,0.0,0.0,0.0,0.0,0.0,0.0,0.0,0.0,0.0,0.0,0.0,0.0,0.0,0.0,0.0,0.0,0.0,0.0,0.0,0.0,0.0,0.0,0.0,0.0,0.0,0.0,0.0,0.0,0.0,0.0,0.0,0.0,0.0,0.0,0.0,0.0,0.0,0.0,0.0,0.0,0.0,0.0,0.0,0.0,0.0,0.0,0.0,0.0,0.0,0.0,0.0,0.0,0.0,0.0,0.0,0.0,0.0,0.0,0.0,0.0,0.0,0.0,0.0,0.0,0.0,0.0,0.0,0.0,0.0,0.0,0.0,0.0,0.0,0.0,0.0,0.0,0.0,0.0,0.0,0.0,0.0,0.0,0.0,0.0,0.0,0.0,0.0,0.0,0.0,0.0,0.0,0.0,0.0,0.0,0.0,0.0,0.0,0.0,0.0,0.0,0.0,0.0,0.0,0.0,0.0,0.0,0.0,0.0,0.0,0.0,0.0,0.0,0.0,0.0,0.0,0.0,0.0,0.0,0.0,0.0,0.0,0.0,0.0,0.0,0.0,0.0,0.0,0.0,0.0,0.0,0.0,0.0,0.0,0.0,0.0,0.0,0.0,0.0,0.0,0.0,0.0,0.0,0.0,0.0,0.0,0.0,0.0,0.0,0.0,0.0,0.0,0.0,0.0,0.0,0.0,0.0,0.0,0.0,0.0
10259540,0.7077916332860117,0.7077916332860117,0.7402591394000488,0.7483760159285583,0.7824668973482976,0.7938305244882107,0.8068175269338258,0.8198045293794405,0.8295447812136514,0.8376616577421608,0.8425317836592666,0.8457785342706703,0.8457785342706703,0.8538954107991797,0.8571421614105834,0.870129163856198,0.870129163856198,0.8944797934417263,0.8944797934417263,0.9025966699702351,0.9025966699702351,0.918830423027254,0.918830423027254,0.9269472995557635,0.9269472995557635,0.9269472995557635,0.9253239242500619,0.9253239242500619,0.9318174254728686,0.9383109266956765,0.946427803224186,0.9480511785298875,0.9724018081154152,0.9821420599496268,0.9902589364781362,0.9837654352553283,0.9999991883123471,0.9935056870895399,0.9301940501671672,0.918830423027254,0.918830423027254,0.918830423027254,0.9155836724158504,0.918830423027254,0.918830423027254,0.9123369218044467,0.9107135464987446,0.9042200452759372,0.8944797934417263,0.8944797934417263,0.8863629169132169,0.8863629169132169,0.8782460403847074,0.8749992897733038,0.8587655367162855,0.849025284882074,0.8327915318250556,0.8295447812136514,0.8555187861048813,0.8571421614105834,0.8441551589649687,0.849025284882074,0.8506486601877755,0.8295447812136514,0.8116876528509316,0.7808435220425954,0.7808435220425954,0.7662331442912792,0.759739643068472,0.7775967714311923,0.7808435220425954,0.7808435220425954,0.7694798949026823,0.7646097689855771,0.7483760159285583,0.7483760159285583,0.741882514705751,0.7516227665399625,0.7662331442912792,0.7678565195969808,0.7646097689855771,0.7646097689855771,0.7646097689855771,0.7646097689855771,0.7694798949026823,0.7646097689855771,0.7646097689855771,0.7662331442912792,0.7646097689855771,0.7646097689855771,0.7662331442912792,0.7727266455140865,0.7727266455140865,0.7727266455140865,0.7727266455140865,0.7727266455140865,0.7727266455140865,0.7727266455140865,0.7727266455140865,0.7646097689855771,0.7646097689855771,0.7581162677627699,0.7564928924570677,0.7564928924570677,0.7564928924570677,0.7564928924570677,0.7564928924570677,0.7564928924570677,0.7499993912342604,0.741882514705751,0.7402591394000488,0.7207786357316269,0.7094150085917138,0.6915578802289934,0.6915578802289934,0.6753241271719745,0.6753241271719745,0.6753241271719745,0.6753241271719745,0.6672072506434651,0.6347397445294279,0.5941553618868813,0.5941553618868813,0.5941553618868813,0.5941553618868813,0.5730514829127573,0.5535709792443348,0.5308437249645086,0.5146099719074904,0.5064930953789809,0.4821424657934532,0.44480483376230967,0.43181783131669504,0.43181783131669504,0.43181783131669504,0.43181783131669504,0.42532433009388776,0.42370095478818565,0.3993503252026579,0.36688281908862075,0.36038931786581346,0.3506490660316019,0.3506490660316019,0.3506490660316019,0.3506490660316019,0.3506490660316019,0.3506490660316019,0.34415556480879456,0.33441531297458305,0.33441531297458305,0.30032443155484495,0.3279218117517757,0.30032443155484495,0.27922055258072026,0.26948030074650875,0.26948030074650875,0.26948030074650875,0.26948030074650875,0.22077904157545272,0.196428411989925,0.196428411989925,0.18831153546141557,0.18831153546141557,0.18831153546141557,0.18831153546141557,0.18831153546141557,0.15259727873597478,0.13311677506755282,0.13961027629035958,0.1120128960934282,0.10714277017632241,0.10714277017632241,0.10714277017632241,0.10714277017632241,0.10714277017632241,0.10714277017632241,0.10389601956491876,0.09577914303640933,0.09090901711930356,0.0827921405907947,0.06331163692237218,0.035714256725440804,0.02597400489122926,0.02597400489122926,0.03246750611403657,0.02922075550263349,0.02922075550263349,0.02597400489122926,0.01298700244561463,0.02597400489122926,0.02597400489122926,0.02597400489122926,0.02597400489122926,0.02597400489122926,0.016233753057018286,0.016233753057018286,0.008116876528508855,0.008116876528508855,0.016233753057018286,0.009740251834210395,0.008116876528508855,0.0,0.016233753057018286,0.02435062958552714,0.02597400489122926,0.035714256725440804,0.047077883865353894,0.05519476039386275,0.06818176283947795,0.05519476039386275,0.050324634476756974,0.06818176283947795,0.08441551589649682,0.1006492689535151,0.09090901711930356,0.08116876528509316,0.09090901711930356,0.09090901711930356,0.10714277017632241,0.10714277017632241,0.13961027629035958,0.15259727873597478,0.1493505281245711,0.1493505281245711,0.16558428118158997,0.18831153546141557,0.19318166137852136,0.25486992299519257,0.26948030074650875,0.26948030074650875,0.27435042666361453,0.2987010562491422,0.3262984364460742,0.3474023154201982,0.3506490660316019,0.3782464462285339,0.4155840782596762,0.43181783131669504,0.43344120662239716,0.4642853374307322,0.4886359670162605,0.49675284354476934,0.49837621885047145,0.5048697200732788,0.5129865966017882,0.5211034731302977,0.5129865966017882,0.5129865966017882,0.5129865966017882,0.5129865966017882,0.5048697200732788,0.5048697200732788,0.4886359670162605,0.4886359670162605,0.4886359670162605,0.48701259171055894,0.47240221395924165,0.4642853374307322,0.4399347078452045,0.43831133253950294,0.43181783131669504,0.43181783131669504,0.43181783131669504,0.43181783131669504,0.41396070295397464,0.3993503252026579,0.3506490660316019,0.3506490660316019,0.33603868828028516,0.3116880586947574,0.2857140538035276,0.26948030074650875,0.26948030074650875,0.22240241688115484,0.20454528851843445,0.19967516260132867,0.1915582860728198,0.18831153546141557,0.18831153546141557,0.18831153546141557,0.18831153546141557,0.1915582860728198,0.2305192934096643,0.26948030074650875,0.2857140538035276,0.3279218117517757,0.33766206358598727,0.33766206358598727,0.3506490660316019,0.3506490660316019,0.3506490660316019,0.3506490660316019,0.3506490660316019,0.3506490660316019,0.3506490660316019,0.3506490660316019,0.352272441337304,0.36038931786581346,0.3685061943943223,0.38311657214563904,0.3928568239798506,0.3912334486741485,0.40097370050836,0.3928568239798506,0.3912334486741485,0.4172074535653783,0.42370095478818565,0.42370095478818565,0.43181783131669504,0.43181783131669504,0.43181783131669504,0.43344120662239716,0.43181783131669504,0.43181783131669504,0.42370095478818565,0.42370095478818565,0.42370095478818565,0.43181783131669504,0.43181783131669504,0.43181783131669504,0.43181783131669504,0.43181783131669504,0.43181783131669504,0.4399347078452045,0.4480515843737139,0.4561684609022228,0.47240221395924165,0.4642853374307322,0.4642853374307322,0.4642853374307322,0.47240221395924165,0.48051909048775104,0.48051909048775104,0.4886359670162605,0.5129865966017882,0.5373372261873159,0.5373372261873159,0.5535709792443348,0.576298233524161,0.5827917347469683,0.6103891149439002,0.6201293667781113,0.6266228680009185,0.6266228680009185,0.6266228680009185,0.6298696186123222,0.6347397445294279,0.6444799963636395,0.6509734975864468,0.6753241271719745,0.6753241271719745,0.683441003700484,0.683441003700484,0.683441003700484,0.6915578802289934,0.7159085098145211,0.7159085098145211,0.7077916332860117,0.7126617592031175,0.7272721369544342,0.7240253863430306,0.7370123887886457,0.7564928924570677,0.7564928924570677,0.7775967714311923,0.7775967714311923
10263000,0.9749756256093597,0.9749756256093597,0.9749756256093597,0.9999750006249843,0.9999750006249843,0.9999750006249843,0.9999750006249843,0.9999750006249843,0.9999750006249843,0.9999750006249843,0.9999750006249843,0.9999750006249843,0.9999750006249843,0.9999750006249843,0.9999750006249843,0.9999750006249843,0.9999750006249843,0.9999750006249843,0.9999750006249843,0.9999750006249843,0.9999750006249843,0.9999750006249843,0.9999750006249843,0.9999750006249843,0.9999750006249843,0.9999750006249843,0.9999750006249843,0.9749756256093597,0.9749756256093597,0.9749756256093597,0.9749756256093597,0.9749756256093597,0.9749756256093597,0.9749756256093597,0.9749756256093597,0.9749756256093597,0.9749756256093597,0.9749756256093597,0.9549761255968603,0.9499762505937351,0.9499762505937351,0.9499762505937351,0.9499762505937351,0.9499762505937351,0.929976750581236,0.9249768755781105,0.9249768755781105,0.8999775005624858,0.8999775005624858,0.8999775005624858,0.8999775005624858,0.8799780005499866,0.8749781255468612,0.8799780005499866,0.8999775005624858,0.8999775005624858,0.8999775005624858,0.8999775005624858,0.8999775005624858,0.8999775005624858,0.8999775005624858,0.8999775005624858,0.8999775005624858,0.8999775005624858,0.8999775005624858,0.8799780005499866,0.8749781255468612,0.8749781255468612,0.8499787505312367,0.8499787505312367,0.8499787505312367,0.8299792505187374,0.8249793755156121,0.8249793755156121,0.8249793755156121,0.7999800004999874,0.7999800004999874,0.7749806254843629,0.7749806254843629,0.7749806254843629,0.7749806254843629,0.7499812504687382,0.7499812504687382,0.7499812504687382,0.7499812504687382,0.7249818754531135,0.7249818754531135,0.7249818754531135,0.7249818754531135,0.6999825004374891,0.6999825004374891,0.6749831254218644,0.6749831254218644,0.6499837504062398,0.6499837504062398,0.6249843753906151,0.5999850003749906,0.5999850003749906,0.574985625359366,0.5549861253468665,0.5499862503437414,0.5249868753281167,0.4999875003124922,0.47498812529686757,0.47498812529686757,0.4499887502812429,0.42498937526561836,0.3999900002499937,0.3999900002499937,0.3749906252343691,0.3749906252343691,0.34999125021874455,0.34999125021874455,0.34999125021874455,0.3249918752031199,0.3249918752031199,0.2999925001874953,0.2999925001874953,0.2749931251718707,0.2749931251718707,0.2749931251718707,0.2499937501562461,0.2499937501562461,0.22499437514062146,0.22499437514062146,0.19999500012499685,0.17499562510937228,0.17499562510937228,0.14999625009374765,0.14999625009374765,0.14999625009374765,0.12499687507812304,0.12499687507812304,0.09999750006249843,0.09999750006249843,0.09999750006249843,0.07499812504687382,0.07499812504687382,0.07499812504687382,0.07499812504687382,0.04999875003124921,0.04999875003124921,0.04999875003124921,0.04999875003124921,0.024999375015624607,0.024999375015624607,0.024999375015624607,0.024999375015624607,0.024999375015624607,0.024999375015624607,0.0,0.0,0.0,0.0,0.0,0.0,0.0,0.0,0.0,0.0,0.0,0.0,0.0,0.0,0.0,0.0,0.0,0.0,0.0,0.0,0.0,0.0,0.0,0.0,0.0,0.0,0.0,0.0,0.0,0.0,0.0,0.0,0.0,0.0,0.0,0.0,0.0,0.0,0.0,0.0,0.0,0.0,0.0,0.0,0.0,0.0,0.0,0.0,0.0,0.0,0.0,0.0,0.0,0.0,0.0,0.0,0.0,0.0,0.0,0.0,0.0,0.0,0.0,0.0,0.0,0.0,0.0,0.0,0.0,0.0,0.0,0.0,0.0,0.0,0.0,0.0,0.0,0.0,0.0,0.0,0.0,0.0,0.0,0.0,0.0,0.0,0.0,0.0,0.0,0.0,0.0,0.0,0.0,0.0,0.0,0.0,0.0,0.0,0.0,0.0,0.0,0.0,0.0,0.0,0.0,0.0,0.0,0.0,0.0,0.0,0.0,0.0,0.0,0.0,0.0,0.0,0.0,0.0,0.0,0.0,0.0,0.0,0.0,0.0,0.0,0.0,0.0,0.0,0.0,0.0,0.0,0.0,0.0,0.0,0.0,0.0,0.0,0.0,0.0,0.0,0.0,0.0,0.0,0.0,0.0,0.0,0.0,0.0,0.0,0.0,0.0,0.0,0.0,0.0,0.0,0.0,0.0,0.024999375015624607,0.024999375015624607,0.024999375015624607,0.024999375015624607,0.04999875003124921,0.04999875003124921,0.07499812504687382,0.07999800004999899,0.09999750006249843,0.12499687507812304,0.12999675008124822,0.14999625009374765,0.17499562510937228,0.17499562510937228,0.19999500012499685,0.22499437514062146,0.22499437514062146,0.2499937501562461,0.2499937501562461,0.2749931251718707,0.2999925001874953,0.3249918752031199,0.3249918752031199,0.3249918752031199,0.32999175020624505,0.34999125021874455,0.3749906252343691,0.3749906252343691,0.3999900002499937,0.42498937526561836,0.42498937526561836,0.4499887502812429,0.4499887502812429,0.47498812529686757,0.4999875003124922,0.5249868753281167,0.5549861253468665,0.6249843753906151,0.6499837504062398,0.6499837504062398,0.6499837504062398,0.6749831254218644,0.6999825004374891,0.7249818754531135,0.7499812504687382,0.7499812504687382,0.7499812504687382,0.7749806254843629,0.7749806254843629,0.7999800004999874,0.7999800004999874,0.8499787505312367,0.8499787505312367,0.8499787505312367,0.8749781255468612,0.8799780005499866,0.8999775005624858,0.9249768755781105,0.9249768755781105
10316500,0.0,0.0,0.0,0.0,0.0,0.0,0.0,0.0,0.0,0.0,0.0,0.0,0.0,0.0,0.0,0.0,0.0,0.0,0.0,0.0,0.0,0.0,0.0,0.0,0.0,0.0,0.0,0.0,0.0,0.0,0.0,0.0,0.0,0.0,0.0008620688912009584,0.0008620688912009584,0.0008620688912009584,0.0017241377824019168,0.0017241377824019168,0.0017241377824019168,0.002448275651010718,0.002586206673602871,0.002586206673602871,0.002586206673602871,0.002586206673602871,0.002586206673602871,0.00344827556480383,0.00344827556480383,0.0036551720986920636,0.004310344456004788,0.004310344456004788,0.004310344456004788,0.004310344456004788,0.004327585833828806,0.004758620279429287,0.005172413347205747,0.005172413347205747,0.006034482238406705,0.006034482238406705,0.006034482238406705,0.00689655112960766,0.00689655112960766,0.007672413131688524,0.007758620020808618,0.008103447577289001,0.008620688912009577,0.008982757846313976,0.009499999181034549,0.01077586114001197,0.011206895585612447,0.01206896447681341,0.012931033368014365,0.01379310225921532,0.014655171150416282,0.01563792968638537,0.017241377824019154,0.018206894982164226,0.01951723969678969,0.020689653388822987,0.022413791171224894,0.023655170374554276,0.02586206673602873,0.027586204518430645,0.029344825056480596,0.030603445637633994,0.03201723861920357,0.034344824625446156,0.035362065917063285,0.0369999968103451,0.03837930703626663,0.04024137584126071,0.04313792731569591,0.04482758234244979,0.04741378901605267,0.050103443956599665,0.05172413347205746,0.05475861596908483,0.057879305355232315,0.060344822384067034,0.06896551129607661,0.06896551129607661,0.07586206242568427,0.07758620020808618,0.08620688912009576,0.09482757803210534,0.09775861226218863,0.1079310251783599,0.1124137834126049,0.12068964476813407,0.126896540784781,0.1363792985879915,0.13793102259215323,0.15362067641201066,0.16379308932818196,0.17241377824019152,0.19758618986325951,0.2181034294738423,0.23275860062425857,0.2467241166617141,0.25862066736028727,0.2672413562722969,0.27603445896254664,0.2931034230083256,0.3068965252675409,0.32155169641795717,0.34241376358502035,0.3620689343044022,0.38051720857610283,0.41551720555886174,0.44827582342449795,0.4805171999554138,0.5060344391349622,0.5315516783145104,0.5517240903686129,0.568965468192632,0.5948275349286608,0.6182758087693268,0.6293102905766991,0.6649999426724187,0.7113792490190304,0.732758557520814,0.7594826931480436,0.793103379904881,0.8275861355529194,0.853448202288948,0.8793102690249768,0.913793024673015,0.9310344024970343,0.9413792291914459,0.958620607015465,0.9741378470570822,0.9913792248811013,0.9999999137931108,0.9999999137931108,0.9999999137931108,0.9999999137931108,0.9999999137931108,0.9913792248811013,0.9758619848394842,0.9655171581450726,0.9482757803210534,0.9241378513674268,0.8879309579369864,0.853448202288948,0.811034412841861,0.7844826909928715,0.7499999353448331,0.7265516615041673,0.6896551129607661,0.6551723573127278,0.6206896016646894,0.5862068460166512,0.5581034001635,0.5172413347205745,0.4749999590517277,0.4441378927467335,0.41241375755053816,0.37931031212842137,0.3534482453923926,0.3362068675683735,0.3125861799494673,0.30172411192033516,0.284482734096316,0.2694827353894194,0.2499999784482777,0.23275860062425857,0.2155172228002394,0.2024137756539849,0.18965515606421068,0.1736206746878729,0.16379308932818196,0.15517240041617236,0.1465517115041628,0.13793102259215323,0.12931033368014364,0.12068964476813407,0.11206895585612449,0.1036206807223551,0.09913792248811013,0.09413792291914459,0.08620688912009576,0.08620688912009576,0.07758620020808618,0.07689654509512543,0.07155171796967949,0.06896551129607661,0.060344822384067034,0.05879309837990531,0.05517240903686129,0.05351723676575545,0.049999995689655546,0.04741378901605267,0.04534482367717038,0.042827582514863585,0.0388965483709872,0.037068962321641176,0.03448275564803831,0.032758617865636386,0.030603445637633994,0.02910344576694434,0.027586204518430645,0.025724135713436583,0.024137928953626812,0.02301723939506557,0.020689653388822987,0.019224136273781358,0.01812068809304413,0.017241377824019154,0.01622413653240203,0.015517240041617236,0.014655171150416282,0.01379310225921532,0.012982757501486425,0.01206896447681341,0.011396550741676668,0.0109827576739002,0.010344826694411493,0.00948275780321053,0.008620688912009577,0.007810344154280681,0.007189654552615995,0.00689655112960766,0.0064827580618312,0.006034482238406705,0.005534482281510147,0.005172413347205747,0.004327585833828806,0.004310344456004788,0.003965516899524405,0.003465516942627851,0.00344827556480383,0.00344827556480383,0.003293103164387667,0.002862068718787182,0.002586206673602871,0.002586206673602871,0.002586206673602871,0.002586206673602871,0.002586206673602871,0.0024310342731867006,0.002241379117122488,0.002086206716706321,0.001741379160225934,0.0017241377824019168,0.0017241377824019168,0.0017241377824019168,0.0017241377824019168,0.0013965516037455544,0.0013793102259215333,0.0012068964476813417,0.0010517240472651672,0.00103448266944115,0.0009655171581450734,0.0009482757803210523,0.0009482757803210523,0.0009655171581450734,0.0009655171581450734,0.0009655171581450734,0.00103448266944115,0.0012068964476813417,0.0012241378255053628,0.0013965516037455544,0.0016551722711058401,0.0017241377824019168,0.0017241377824019168,0.0019999998275862236,0.0019999998275862236,0.002086206716706321,0.0023103446284185648,0.002586206673602871,0.002586206673602871,0.002931034230083255,0.0030172411192033524,0.0030172411192033524,0.0030344824970273735,0.0030344824970273735,0.0031206893861474676,0.0031206893861474676,0.0031206893861474676,0.0030344824970273735,0.0030172411192033524,0.0030172411192033524,0.002948275607907276,0.0028448273409631608,0.0026206894292509137,0.002586206673602871,0.002586206673602871,0.0025172411623067947,0.002327586006242586,0.002258620494946509,0.002258620494946509,0.002258620494946509,0.002241379117122488,0.002241379117122488,0.0020689653388823,0.0019999998275862236,0.0019827584497622026,0.0018275860493460357,0.001741379160225934,0.0017241377824019168,0.0017241377824019168,0.0017241377824019168,0.0017241377824019168,0.0017241377824019168,0.0017241377824019168,0.0017241377824019168,0.0017241377824019168,0.0017241377824019168,0.0017241377824019168,0.0017241377824019168,0.0017241377824019168,0.0017241377824019168,0.0017241377824019168,0.0017241377824019168,0.0017241377824019168,0.0017241377824019168,0.0017241377824019168,0.0017241377824019168,0.0017241377824019168,0.0017241377824019168,0.0017241377824019168,0.0017241377824019168,0.0017241377824019168,0.0017241377824019168,0.0017241377824019168,0.0016551722711058401,0.0014482757372176179,0.0014482757372176179,0.0017241377824019168,0.0017241377824019168,0.0012413792033293878,0.0009310344024970389,0.0008620688912009584,0.0005862068460166593,0.0,0.0,0.0,0.0,0.0,0.0,0.0,0.0,0.0,0.0,0.0,0.0
10318500,0.09347939001150808,0.0944183570986773,0.09713092868383263,0.09754824738924114,0.09754824738924114,0.09754824738924114,0.09754824738924114,0.09754824738924114,0.09754824738924114,0.09754824738924114,0.09754824738924114,0.09754824738924114,0.09754824738924114,0.09754824738924114,0.0982785551237061,0.10276473120684762,0.10276473120684762,0.10276473120684762,0.1079812150244541,0.1079812150244541,0.1079812150244541,0.1079812150244541,0.11319769884206057,0.11319769884206057,0.11319769884206057,0.11319769884206057,0.11841418265966705,0.11841418265966705,0.11841418265966705,0.12206572133199158,0.12321334777186502,0.12363066647727353,0.12884715029488,0.13406363411248648,0.13928011793009296,0.1470005139801506,0.15127803071058787,0.15492956938291239,0.16066770158227958,0.1654668666944775,0.17016170213032333,0.1717266472756053,0.17579550465333832,0.1810119884709448,0.18622847228855127,0.19144495610615778,0.20187792374137073,0.2070944075589772,0.21752737519419016,0.2279603428294031,0.23839331046461607,0.24882627809982902,0.2605112018512675,0.2719874662500018,0.28064682938722857,0.2961919511636959,0.3077725452387822,0.31664056772871324,0.33145538177071565,0.34919142675057774,0.368805405904778,0.3871674289427528,0.40406883651179787,0.410641606121982,0.4273343543383227,0.4405842232350432,0.4522691469864817,0.46917055455552664,0.47835156607451407,0.48356804989212054,0.4949399846145028,0.509650468980153,0.5252999204329724,0.5305164042505789,0.5357328880681853,0.5419926686493132,0.5565988233386112,0.5722482747914307,0.5878977262442501,0.5993739906429845,0.6139801453322825,0.6254564097310168,0.6348460806027084,0.6609284996907407,0.6776212479070816,0.6817944349611667,0.6817944349611667,0.6817944349611667,0.6890975123058158,0.697443886413986,0.697443886413986,0.697443886413986,0.6890975123058158,0.682837731724688,0.6776212479070816,0.672404764089475,0.672404764089475,0.672404764089475,0.672404764089475,0.6671882802718687,0.6671882802718687,0.6671882802718687,0.6661449835083473,0.6661449835083473,0.6661449835083473,0.6567553126366557,0.6452790482379214,0.6400625644203148,0.6296295967851019,0.6139801453322825,0.6035471776970696,0.5941575068253779,0.5878977262442501,0.5878977262442501,0.5785080553725586,0.573291571554952,0.5670317909738242,0.5524256362845261,0.5513823395210048,0.5513823395210048,0.5513823395210048,0.5472091524669197,0.5461658557033983,0.5472091524669197,0.5513823395210048,0.5513823395210048,0.5576421201021327,0.5680750877373456,0.573291571554952,0.5774647586090371,0.5826812424266437,0.5878977262442501,0.5878977262442501,0.598330693879463,0.5993739906429845,0.6098069582781974,0.6191966291498889,0.6452790482379214,0.6671882802718687,0.7193531184479334,0.7663014728063917,0.8017735627661157,0.8393322462528824,0.8695878523949998,0.8914970844289472,0.9154929099899373,0.937402142023884,0.947835109659097,0.9760041222741722,0.9760041222741722,0.9864370899093852,0.9999999478351618,0.9947834640175554,0.9739175287471294,0.9530515934767035,0.937402142023884,0.9321856582062776,0.8914970844289472,0.8706311491585212,0.838288949489361,0.8017735627661157,0.7704746598604768,0.7245696022655399,0.707876854049199,0.6567553126366557,0.6004172874065058,0.5576421201021327,0.5148669527977594,0.4462180257580582,0.39019298955696463,0.3427229868167456,0.2968179292218087,0.2671883011378039,0.24360979428222254,0.21804902357595082,0.18675012067031194,0.1654668666944775,0.14449660174769943,0.12884715029488,0.11799686395425854,0.10276473120684762,0.09233176357163465,0.07480437794447692,0.06844026768699704,0.06103286066599579,0.052373497528769054,0.047052684034810444,0.04285863104545483,0.03776734283947092,0.033959309652618175,0.030130410530495023,0.027647364233314334,0.02451747394275045,0.020865935270425913,0.01852895052013821,0.01629629544620264,0.013677620569764185,0.012039644651035755,0.01097548195224403,0.00991131925345231,0.008408971913981647,0.00730307734464907,0.00673969709234757,0.005487740976122019,0.004966092594361373,0.0042775167304373125,0.003661971639959746,0.003515910093066766,0.0027751693909666476,0.002608241908803239,0.0022117891386651475,0.0018883671419735444,0.0015649451452819437,0.001460615468929814,0.0013041209544016196,0.0010432967635212954,0.0010432967635212954,0.0010432967635212954,0.0010432967635212954,0.0009494000548043799,0.0005216483817606472,0.0005216483817606472,0.0005216483817606472,0.0005216483817606472,0.0005216483817606472,0.0005216483817606472,0.0005216483817606472,0.0005216483817606472,0.0004173187054085175,0.00027125715851553827,0.0002086593527042593,0.00011476264398734493,0.0,0.0,0.0,0.0,0.0,0.0,0.0,0.0,0.0,0.0,0.0,0.0,0.0,0.00010432967635212965,0.0001669274821634086,0.00027125715851553827,0.0004173187054085175,0.00046948354358458227,0.0005216483817606472,0.0005216483817606472,0.0005216483817606472,0.0005216483817606472,0.0005216483817606472,0.0005216483817606472,0.0005320813493958601,0.0006781428962888416,0.0007303077344649065,0.0007929055402761853,0.0008868022489931009,0.0009911319253452305,0.0010432967635212954,0.0010432967635212954,0.0010537297311565095,0.0012519561162255548,0.0013667187602128996,0.0014710484365650282,0.0015649451452819437,0.0015649451452819437,0.00173187262744535,0.0018257693361622667,0.001982263850690461,0.002086593527042591,0.002086593527042591,0.002086593527042591,0.0021909232033947203,0.0023056858473820643,0.0024621803619102574,0.002556077070627174,0.002608241908803239,0.002608241908803239,0.002608241908803239,0.002608241908803239,0.002618674876438452,0.0027647364233314336,0.0030255606142117566,0.003265518869821657,0.0036515386723245343,0.0036515386723245343,0.004016692539556987,0.0042775167304373125,0.004590505759493701,0.004694835435845831,0.004955659626726154,0.005738132199367125,0.006781428962888422,0.008346374108170365,0.009984350026898806,0.011538862204545534,0.013041209544016195,0.013719352440305041,0.014960875588895386,0.016849242730868928,0.018779341743383325,0.020375585791570908,0.022347416674626152,0.024360979428222254,0.025143452000863226,0.027365674107163597,0.029608762148734372,0.031173707294016313,0.03286384805092081,0.03314553817707156,0.03482524596634085,0.03574334711823959,0.037037035105006,0.03808033186852729,0.039207092373130296,0.041210222159091175,0.042086591440449066,0.04381846406789441,0.04538340921317636,0.045487738889528485,0.04851329950374024,0.050599893030782835,0.050599893030782835,0.050599893030782835,0.050599893030782835,0.051225871088895605,0.05581637684838931,0.05581637684838931,0.05581637684838931,0.057902970375431906,0.060093893578826635,0.06103286066599579,0.06364110257479903,0.06499738836737673,0.06624934448360227,0.06624934448360227,0.06624934448360227,0.06624934448360227,0.06677099286536292,0.06729264124712356,0.06896191606875764,0.0709441799194481,0.07146582830120875,0.07146582830120875,0.07146582830120875,0.07146582830120875,0.07146582830120875,0.07146582830120875,0.07146582830120875,0.07146582830120875,0.07146582830120875,0.07146582830120875,0.07146582830120875,0.07303077344649073,0.07668231211881522,0.07668231211881522,0.07668231211881522,0.07668231211881522,0.08022952111478766,0.0818987959364217,0.0818987959364217,0.08242044431818236
10321000,0.059393887629841234,0.059393887629841234,0.059393887629841234,0.059393887629841234,0.059393887629841234,0.059393887629841234,0.059393887629841234,0.059393887629841234,0.05949747860852764,0.06001543350195959,0.06068877486342112,0.06177648013962819,0.06177648013962819,0.06177648013962819,0.06177648013962819,0.061983662097000965,0.061983662097000965,0.06213904856503055,0.06291598090517847,0.06353752677729681,0.06405548167072873,0.06405548167072873,0.06457343656416069,0.06483241401087667,0.06586832379774056,0.06664525613788846,0.06716321103132042,0.06726680201000683,0.06975298549848015,0.0753468983475452,0.08011208336711907,0.08249467587690602,0.08876193008743258,0.09378609255372247,0.09824050463723719,0.1008302791043969,0.10600982803871636,0.1086513979952193,0.11170733186646778,0.11232887773858614,0.11636892590735529,0.1203053830974381,0.1267280237759942,0.13190757271031367,0.1422666705789526,0.15055394887386375,0.15780531738191098,0.1603950918490707,0.16816441525054987,0.17127214461114157,0.1765034890348042,0.1817348334584669,0.1891933839238869,0.20478382621618849,0.22006349557243088,0.23321954986560234,0.24326787479818204,0.25103719819966125,0.26139629606830017,0.2717553939369391,0.2769349428712585,0.28729404073989745,0.2898838152070572,0.29765313860853637,0.3028326875428558,0.3080122364771753,0.3131917854114947,0.3209611088129739,0.32873043221445314,0.33390998114877257,0.33908953008309206,0.3473768083780032,0.3546281768860504,0.3623975002875296,0.3727565981561685,0.3763822824101922,0.3888131998525589,0.4038338917620853,0.4147109445241562,0.4219623130322034,0.42973163643368256,0.43491118536800205,0.44319846366291316,0.4457882381300729,0.4483780125972326,0.4504498321709604,0.4504498321709604,0.4504498321709604,0.45096778706439233,0.45096778706439233,0.4540755164249841,0.4582191555724396,0.4587371104658715,0.4587371104658715,0.4582191555724396,0.4582191555724396,0.4587371104658715,0.4587371104658715,0.4618448398264633,0.4742757572688299,0.4773834866294217,0.4820450806703091,0.4867066747111966,0.4867066747111966,0.4918862236455161,0.492404178538948,0.4949939530061077,0.49758372747326746,0.4996555470469953,0.4996555470469953,0.4996555470469953,0.4996555470469953,0.502245321514155,0.5074248704484745,0.5105325998090661,0.5126044193827939,0.5151941938499537,0.5177839683171134,0.5260712466120245,0.530732840652912,0.5338405700135037,0.5410919385215509,0.5462714874558704,0.5592203597916691,0.5618101342588288,0.5675076380865802,0.5752769614880594,0.5825283299961066,0.5877078789304261,0.5928874278647456,0.5985849316924969,0.6058363002005442,0.616713352962615,0.627072450831254,0.6446829172079401,0.6529701955028514,0.6654011129452181,0.6850833988956321,0.7047656848460461,0.734289113771667,0.762776632910424,0.8166439418273463,0.8503110099004227,0.8912294464815465,0.9088399128582326,0.9440608456116051,0.961671311988291,0.9777279136846815,0.9870511017664567,0.9953383800613675,0.9999999741022554,0.9999999741022554,0.9870511017664567,0.9777279136846815,0.961671311988291,0.9502763043327883,0.9321478830626702,0.9036603639239131,0.878280574145748,0.8394339571383519,0.8031771145981158,0.7575970839761048,0.6985502261248627,0.6555599699700111,0.5965131121187692,0.5504151266033261,0.5110505547024982,0.47945530620314936,0.42973163643368256,0.406941621122677,0.3675770492218491,0.3442690790174115,0.3131917854114947,0.2898838152070572,0.26243220585516414,0.2406781003310223,0.21737013012658474,0.19442472834754954,0.17945583192736633,0.16609259567682214,0.15138267670335487,0.13972869160113605,0.1252777500743848,0.11118937697303583,0.10600982803871636,0.09357891059634971,0.08321981272771078,0.0751915118795156,0.06762937043540922,0.05685590865202471,0.05214251912179404,0.04654860627272899,0.0427157400613326,0.03624130389343328,0.03349614295824394,0.02987045870422034,0.02831659402392448,0.025726819556764754,0.020599066111788498,0.0196149518142678,0.015574903645498631,0.015367721688125833,0.01516053973075306,0.012777947220966104,0.012777947220966104,0.01049894568986554,0.010188172753806376,0.009929195307090403,0.008427126116137764,0.007598398286646645,0.007132238882557899,0.005319396755546081,0.005008623819486915,0.004749646372770943,0.0035065546285342765,0.0027296222883863514,0.0024188493523271855,0.0024188493523271855,0.0024188493523271855,0.0020355627311875466,0.0019008944588952414,0.0019008944588952414,0.0018180216759461302,0.0015694033270987958,0.0013829395654632929,0.001201655352762111,0.0010566279826011683,0.0009012415145715833,0.0006474436167899324,0.0004816980508917096,0.00034702977859940007,0.00011912962548934134,8.805233188342801e-05,8.805233188342801e-05,8.805233188342801e-05,8.805233188342801e-05,6.215458721183127e-05,0.0,6.733413614615246e-05,8.805233188342801e-05,0.0001398478212266215,0.00030559338712484433,0.0004299025615485115,0.0006060072253153767,0.0008649846720313487,0.0011032439230100452,0.0012845281357112225,0.0013829395654632929,0.0013829395654632929,0.0015745828760331125,0.0016419170121792649,0.0016419170121792649,0.0016419170121792649,0.0016419170121792649,0.0016574556589822238,0.0019008944588952414,0.001978587692910032,0.0021598719056112135,0.00232043792257512,0.0024188493523271855,0.0024188493523271855,0.002470644841670379,0.0031957816924751063,0.0035065546285342765,0.003972714032623023,0.004335282458025396,0.005008623819486915,0.005008623819486915,0.005008623819486915,0.005008623819486915,0.005008623819486915,0.005008623819486915,0.005008623819486915,0.005008623819486915,0.005008623819486915,0.005008623819486915,0.005319396755546081,0.005578374202262062,0.0057855561596348365,0.0063553065424099735,0.0068214659464987245,0.007080443393214701,0.007391216329273871,0.007598398286646645,0.007598398286646645,0.007650193775989839,0.008427126116137764,0.00889328552022651,0.009463035903001656,0.009929195307090403,0.010188172753806376,0.010188172753806376,0.010188172753806376,0.01070612764723832,0.011224082540670267,0.012311787816877359,0.012777947220966104,0.012777947220966104,0.012777947220966104,0.014331811901261942,0.015367721688125833,0.015367721688125833,0.015367721688125833,0.016144654028273756,0.01692158636842167,0.017543132240540014,0.017957496155285562,0.017957496155285562,0.019096996920835847,0.020288293175729315,0.020547270622445293,0.021686771387995577,0.02261909019617308,0.023188840578948225,0.024224750365812113,0.024949887216616833,0.02551963759939198,0.025726819556764754,0.026503751896912675,0.02831659402392448,0.028679162449326855,0.03090636849108421,0.03090636849108421,0.03349614295824394,0.03349614295824394,0.034583848234451035,0.03608591742540367,0.03608591742540367,0.03660387231883561,0.038416714445847426,0.0386756918925634,0.0386756918925634,0.03950441972205451,0.040747511466291186,0.041265466359723134,0.041265466359723134,0.04204239869987106,0.04281933104001897,0.04385524082688286,0.04385524082688286,0.04385524082688286,0.04385524082688286,0.04385524082688286,0.043907036316226056,0.044424991209657996,0.04499474159243315,0.04571987844323786,0.04618603784732661,0.04644501529404259,0.04644501529404259,0.04644501529404259,0.04644501529404259,0.04644501529404259,0.04644501529404259,0.046703992740758565,0.046703992740758565,0.046755788230101764,0.046962970187474536,0.04805067546368163,0.04903478976120232,0.049449153675947884,0.051365586781646065,0.05162456422836204,0.05162456422836204,0.051831746185734835,0.054007156738149
10322500,0.09735620541909042,0.09735620541909042,0.09735620541909042,0.09735620541909042,0.09735620541909042,0.09521822768894438,0.09474891550427814,0.09474891550427814,0.09474891550427814,0.09474891550427814,0.09474891550427814,0.09521822768894438,0.09474891550427814,0.09474891550427814,0.0960525604616843,0.09735620541909042,0.09735620541909042,0.09735620541909042,0.09735620541909042,0.09735620541909042,0.09735620541909042,0.09735620541909042,0.09787766340205288,0.09850341298160782,0.0999634953339027,0.0999634953339027,0.10043280751856894,0.10455232558397232,0.10778536507833952,0.10961046801870812,0.1103926549931518,0.11560723482277635,0.11821452473758863,0.12003962767795723,0.12082181465240091,0.1242112915416569,0.12864368439683774,0.13625697094808964,0.14168013397089912,0.14689471380052369,0.14950200371533595,0.14950200371533595,0.1547165835449605,0.16253845328939734,0.17948583773567717,0.18819418605115018,0.195807472602402,0.2042550919263938,0.2146842515856429,0.22250612133007971,0.22772070115970428,0.2355425709041411,0.24597173056339022,0.25640089022263934,0.26735150786485096,0.27725920954113753,0.29029565911519895,0.300724818774448,0.3085466885188849,0.3137612683485094,0.31897584817813396,0.3267977179225708,0.3320122977521954,0.3398341674966322,0.34504874732625673,0.3502633271558813,0.35808519690031815,0.36642852462771747,0.3763362263040041,0.3841580960484409,0.39197996579287775,0.4055378733499016,0.41596703300915067,0.42639619266839973,0.43473952039579916,0.44673305400393554,0.44934034391874783,0.4535120077824476,0.4649840834076215,0.470198663237246,0.47332741113502075,0.4785419909646453,0.4889711506238944,0.4994003102831435,0.5020076001979558,0.5072221800275803,0.5119153018742425,0.5119153018742425,0.5119153018742425,0.5124367598572049,0.5150440497720171,0.5150440497720171,0.517129881703867,0.517129881703867,0.517129881703867,0.517129881703867,0.517129881703867,0.517129881703867,0.517129881703867,0.517129881703867,0.5192157136357171,0.5280804993460786,0.5306877892608909,0.5306877892608909,0.5338165371586657,0.5338165371586657,0.5338165371586657,0.5306877892608909,0.5301663312779284,0.5280804993460786,0.5249517514483039,0.5186942556527545,0.517129881703867,0.5150440497720171,0.5150440497720171,0.5150440497720171,0.5150440497720171,0.5186942556527545,0.5254732094312663,0.5317307052268159,0.5405954909371775,0.5405954909371775,0.5437242388349522,0.5489388186645767,0.5525890245453141,0.5692756800001125,0.5718829699149248,0.5802262976423241,0.5849194194889862,0.5875267094037985,0.5932627472163855,0.60056315897786,0.6057777388074844,0.6141210665348839,0.6266360581259827,0.6370652177852317,0.6542733312229928,0.6787818564222281,0.6944255959111018,0.7231057849740369,0.7966313605717432,0.8409552891235518,0.8623350664250123,0.8951869193516471,0.9290816882442067,0.9556760453752919,0.9707983268812032,0.9765343646937902,0.9916566461997014,0.9921781041826641,0.9968712260293259,0.9999999739271009,0.9926995621656265,0.9916566461997014,0.9791416546086027,0.9666266630175034,0.9603691672219541,0.9457683436990052,0.9269958563123571,0.8899723395220226,0.8571204865953881,0.8081034361969172,0.7397924404288355,0.6871251841496275,0.653230415257068,0.5906554573015732,0.5614538102556758,0.5124367598572049,0.46029096156095933,0.42326744477062506,0.39510871369065254,0.3638212347129052,0.3320122977521954,0.3059393986040726,0.28508107928557436,0.25483651627375203,0.225113411244892,0.2016478020115815,0.1917401003352949,0.1703603230338342,0.15210929363014822,0.13740417851060702,0.12608854028032168,0.11352140289092658,0.1034051180214549,0.09474891550427814,0.08202534071999423,0.07107472307778266,0.06158418778786599,0.05616102476505648,0.05261511048091175,0.04661834367684352,0.042603117208032594,0.03999582729322032,0.03738853737840804,0.0346769558670033,0.030453146205007393,0.028575897466342558,0.02476925419071665,0.02283985965375554,0.021327631503164426,0.019137507974722103,0.019137507974722103,0.016530218059909826,0.016530218059909826,0.014131511338282545,0.013662199153616317,0.01068988865073034,0.008708348315472996,0.006153204198956972,0.00479741344325458,0.0034937684858484417,0.0034937684858484417,0.0034937684858484417,0.0034937684858484417,0.0026594357131085305,0.0008864785710361645,0.0008864785710361645,0.0008864785710361645,0.0008864785710361645,0.0008864785710361645,0.0008864785710361645,0.0006778953778511868,0.0006778953778511868,0.0,0.0,0.0006778953778511868,0.0008864785710361645,0.0008864785710361645,0.0008864785710361645,0.0008864785710361645,0.0008864785710361645,0.0008864785710361645,0.0008864785710361645,0.0008864785710361645,0.0008864785710361645,0.0008864785710361645,0.0008864785710361645,0.0008864785710361645,0.0008864785710361645,0.0008864785710361645,0.0008864785710361645,0.0008864785710361645,0.0008864785710361645,0.0008864785710361645,0.0008864785710361645,0.0022422693267385566,0.0028158731079972452,0.0034937684858484417,0.0034937684858484417,0.0034937684858484417,0.0034937684858484417,0.0034937684858484417,0.0034937684858484417,0.0034937684858484417,0.0034937684858484417,0.004275955460292126,0.005162434031328309,0.00563174621599451,0.0061010584006607185,0.0061010584006607185,0.0061010584006607185,0.006518224787030693,0.008708348315472996,0.008969077306954227,0.010846326045619064,0.011315638230285273,0.011315638230285273,0.012202116801321456,0.013662199153616317,0.01392292814509755,0.01548730209398492,0.016269489068428594,0.016582363858206082,0.017573134025834734,0.018094592008797195,0.018407466798574662,0.01872034158835215,0.019137507974722103,0.019137507974722103,0.019971840747462034,0.020701881923609472,0.02127548570486817,0.02174479788953438,0.02174479788953438,0.02341346343501425,0.024352087804346657,0.024352087804346657,0.025395003770271565,0.026750794525973957,0.026959377719158933,0.026959377719158933,0.026959377719158933,0.027324398307232656,0.028575897466342558,0.02956666763397121,0.02956666763397121,0.029723105028859952,0.03217395754878349,0.03217395754878349,0.03405120628744834,0.03530270544655823,0.036658496202260624,0.03999582729322032,0.041612347040403945,0.04286384619951385,0.046774781071732247,0.04865202981039708,0.050685715943950674,0.0530322768672817,0.054857379807650306,0.05563956678209398,0.05777754451224005,0.05824685669690626,0.060958438208311046,0.06273139535038337,0.06424362350097448,0.06586014324815812,0.0684674331629704,0.07024039030504274,0.07284768021985503,0.07472492895851984,0.0764978861005922,0.07655003189888845,0.07780153105799834,0.07915732181370073,0.08020023777962564,0.0809824247540693,0.08171246593021675,0.08171246593021675,0.08259894450125294,0.08379829786206656,0.0840590268535478,0.08431975584502903,0.08431975584502903,0.08437190164332528,0.08458048483651026,0.08458048483651026,0.08468477643310275,0.08468477643310275,0.08520623441606522,0.08562340080243516,0.08562340080243516,0.08562340080243516,0.08562340080243516,0.08562340080243516,0.08619700458369386,0.08666631676836008,0.08692704575984131,0.08708348315473005,0.08854356550702493,0.08932575248146861,0.08953433567465358,0.08953433567465358,0.08953433567465358,0.08953433567465358,0.08953433567465358,0.08953433567465358,0.08995150206102358,0.09172445920309591,0.09172445920309591,0.09214162558946586,0.09214162558946586,0.09214162558946586,0.09214162558946586,0.09214162558946586
10327500,0.07361572471481068,0.07382787377738942,0.07602008075736937,0.07715154242445577,0.0786365858625067,0.08040449471732924,0.08068736013410084,0.08295028346827371,0.08422317784374593,0.08422317784374593,0.08436461055213175,0.08775899555339102,0.08775899555339102,0.08775899555339102,0.08775899555339102,0.08775899555339102,0.08775899555339102,0.08811257732435553,0.0907290824294929,0.09582065993138185,0.10190226639197136,0.10430662243453004,0.10833745462352541,0.10897390181126153,0.11378261389637884,0.11958135494019678,0.12580439410917216,0.13344176036200553,0.14404921349094077,0.15267660870247482,0.1584753497462927,0.1620111674559378,0.16384979266495325,0.1691535192294209,0.17969025600416325,0.1832260737138083,0.1904391418414843,0.19758149361496738,0.2079767976813239,0.22176648674893976,0.2286259731056512,0.2344247141494692,0.24333497477777474,0.24694150884161273,0.25394242790671,0.25974116895052796,0.2653277609317672,0.27140936739235677,0.296372240422451,0.3124248528242397,0.3254366619957336,0.3335690427279173,0.3457322556490964,0.3642599404476367,0.377696047744288,0.3918393185828683,0.40315393525373266,0.4095184071310938,0.4236616779696741,0.43073331338896426,0.43780494880825443,0.4519482196468348,0.45901985506612497,0.4696273081950602,0.4766989436143504,0.48447774257556964,0.4943780321625758,0.5049854852915111,0.5127642842527304,0.5233717373816655,0.5375150082202459,0.5474152978072521,0.5615585686458324,0.5686302040651225,0.5757018394844128,0.5792376571940578,0.586309292613348,0.5905522738649222,0.6004525634519283,0.6004525634519283,0.6082313624131476,0.6153029978324378,0.625910450961373,0.6329820863806632,0.6393465582580243,0.6464181936773145,0.6499540113869595,0.6534898290966047,0.6534898290966047,0.6541969926385336,0.6570256468062498,0.6591471374320369,0.6591471374320369,0.6570256468062498,0.6541969926385336,0.6534898290966047,0.6464181936773145,0.6435895395095984,0.6428823759676694,0.6329820863806632,0.6322749228387341,0.628739105129089,0.625910450961373,0.628739105129089,0.628739105129089,0.628739105129089,0.625910450961373,0.625203287419444,0.625203287419444,0.625203287419444,0.625203287419444,0.625203287419444,0.6223746332517279,0.6188388155420829,0.6181316520001537,0.6117671801227927,0.6082313624131476,0.6046955447035025,0.6011597269938574,0.6004525634519283,0.584187801987561,0.5764090030263418,0.5693373676070517,0.5650943863554775,0.5650943863554775,0.5650943863554775,0.5658015498974066,0.5686302040651225,0.5693373676070517,0.5728731853166967,0.5757018394844128,0.5757018394844128,0.5813591478198451,0.5813591478198451,0.5947952551164963,0.6075241988712186,0.6153029978324378,0.6294462686710182,0.6435895395095984,0.6570256468062498,0.668340263477114,0.6853121884834104,0.6930909874446296,0.7157202207863583,0.7602715239278862,0.7878509020631179,0.7991655187339821,0.8203804249918526,0.8451311489593683,0.8804893260558191,0.9045328864814057,0.9328194281585663,0.9724205865065915,0.9879781844290297,0.9971713104741071,0.999999964641823,0.9971713104741071,0.993635492764462,0.9759564042162365,0.9413053906617147,0.9222119750296311,0.8868537979331803,0.8748320177203871,0.8522027843786584,0.8111872989467757,0.78643657497926,0.7461282530893059,0.6824835343156943,0.6428823759676694,0.6089385259550767,0.579944820735987,0.5368078446783168,0.5085213030011562,0.47104163527891835,0.43497629464053844,0.4024467717118036,0.377696047744288,0.3494095060671273,0.32239585876543886,0.3025952795914264,0.2753694832271592,0.2530938316563952,0.2291917039391944,0.21165404809935484,0.19383352684274358,0.17686160183644722,0.15493953203664765,0.14433207890771238,0.13117883702783273,0.11844989327311041,0.10458948785130164,0.09129481326303611,0.08775899555339102,0.07715154242445577,0.06760483460841403,0.05947245387623033,0.05240081845694017,0.04221766345316236,0.04179336532800491,0.03797468220158822,0.03120005546990823,0.02602361834298784,0.01930556469466218,0.016335477818560293,0.01364825635923004,0.012092496566986192,0.010324587712163649,0.009263842399270122,0.008061664377990795,0.005388586189499112,0.004349055782863458,0.00326709556371206,0.0020932040841098913,0.0016830492297910627,0.0013153241879879727,0.0011385333025057183,0.0009546707816041731,0.0007778798961219188,0.0006718053648325662,0.0005728024689625045,0.0004950144793503119,0.0004596563022538611,0.00040308321889954084,0.00028993705219089764,0.00024750723967515597,0.00024750723967515597,0.00021214906257870512,0.00021214906257870512,0.00021214906257870512,0.00017679088548225433,0.00017679088548225433,0.00017679088548225433,0.00014143270838580345,0.00010607453128935256,7.071635419290177e-05,7.071635419290177e-05,3.535817709645088e-05,3.535817709645088e-05,3.535817709645088e-05,3.535817709645088e-05,3.535817709645088e-05,3.535817709645088e-05,3.535817709645088e-05,3.535817709645088e-05,0.0,0.0,0.0,0.0,0.0,0.0,0.0,0.0,0.0,0.0,0.0,0.0,0.0,0.0,0.0,0.0,0.0,0.0,0.0,7.07163541929057e-06,3.535817709645088e-05,3.535817709645088e-05,3.535817709645088e-05,3.535817709645088e-05,3.535817709645088e-05,3.535817709645088e-05,3.535817709645088e-05,3.535817709645088e-05,3.535817709645088e-05,3.535817709645088e-05,3.535817709645088e-05,3.535817709645088e-05,3.535817709645088e-05,3.535817709645088e-05,3.535817709645088e-05,3.535817709645088e-05,3.535817709645088e-05,3.535817709645088e-05,3.535817709645088e-05,3.535817709645088e-05,3.535817709645088e-05,3.535817709645088e-05,3.535817709645088e-05,3.535817709645088e-05,3.535817709645088e-05,3.535817709645088e-05,3.535817709645088e-05,3.535817709645088e-05,3.535817709645088e-05,3.535817709645088e-05,3.535817709645088e-05,3.535817709645088e-05,3.535817709645088e-05,3.535817709645088e-05,3.535817709645088e-05,3.535817709645088e-05,3.535817709645088e-05,3.535817709645088e-05,3.535817709645088e-05,3.535817709645088e-05,7.071635419290177e-05,7.071635419290177e-05,7.071635419290177e-05,7.071635419290177e-05,7.778798961219223e-05,0.00010607453128935256,0.00017679088548225433,0.00017679088548225433,0.00017679088548225433,0.00017679088548225433,0.00017679088548225433,0.00017679088548225433,0.00017679088548225433,0.00017679088548225433,0.00019093415632083567,0.00024750723967515597,0.00024750723967515597,0.00024750723967515597,0.00026165051051373734,0.0003606534063837994,0.00043136976057670076,0.0005657308335432138,0.0006718053648325662,0.0007142351773483076,0.0007849515315412093,0.0008485962503148205,0.0010253871357970748,0.0011243900316671392,0.0016194045110174574,0.003394385001259295,0.00487942843931023,0.008372816336439583,0.010593309858096677,0.01272894375472232,0.01625061819352883,0.02162506111218935,0.02509723410306084,0.03186478919932151,0.03345590716866179,0.0339579932834314,0.03469344336703759,0.03938900928544626,0.040661903660918514,0.04242981251574108,0.046319211996350675,0.05006717876857442,0.05183508762339696,0.05240081845694017,0.05240081845694017,0.05565377074981365,0.05593663616658525,0.05593663616658525,0.05593663616658525,0.05593663616658525,0.05848242491752972,0.05911887210526582,0.05947245387623033,0.0608867809600884,0.06300827158587542,0.06300827158587542,0.06350328606522578,0.0659076421077844
10333000,0.1293254561213956,0.1293254561213956,0.1360229519994457,0.1446340181283672,0.1452718748786577,0.14559080325380294,0.1519693707567078,0.15324508425728875,0.15324508425728875,0.15324508425728875,0.15324508425728875,0.15324508425728875,0.15834793825961263,0.16121829363591977,0.16121829363591977,0.16919150301455083,0.16919150301455083,0.1731781077038664,0.1781214975186176,0.18513792177181293,0.19311113115044398,0.20108434052907503,0.20108434052907503,0.20108434052907503,0.2090575499077061,0.2090575499077061,0.2170307592863371,0.22309039841409675,0.23297717804359921,0.23297717804359921,0.23903681717135886,0.24892359680086132,0.25498323592862093,0.26136180343152576,0.27077019049831047,0.2761919728757795,0.28751393019343563,0.2913410706951785,0.29724124563536547,0.3048955266388513,0.3127092718299097,0.32737997708659083,0.3450805019071518,0.35257531872306497,0.36054852810169596,0.38016262317312843,0.387497975801469,0.3924413656162202,0.39371707911680126,0.4083877843734823,0.42911812875792305,0.44825383126663754,0.45734328995827705,0.47217345940253064,0.4960930875384238,0.512039506295686,0.5519055531888412,0.5694466138218296,0.610109981652848,0.6370594293526208,0.6794769032469379,0.6957422503793453,0.7359272256476457,0.7702120259757592,0.8229946720622968,0.8405357326952853,0.854887509576821,0.870833928334083,0.8867803470913451,0.8947535564699762,0.9027267658486072,0.9043214077243336,0.9106999752272383,0.9346196033631314,0.9425928127417625,0.9505660221203935,0.960133873374751,0.9744856502562868,0.9824588596349177,0.9920267108892752,0.9984052783921799,0.9984052783921799,0.9984052783921799,0.9999999202679062,0.9984052783921799,0.9984052783921799,0.9984052783921799,0.9984052783921799,0.9904320690135487,0.9665124408776556,0.9457820964932152,0.9282410358602268,0.9043214077243336,0.8867803470913451,0.8788071377127141,0.870833928334083,0.8564821514525474,0.854887509576821,0.8309678814409278,0.816616104559392,0.8006696858021299,0.7847232670448678,0.7687768482876058,0.7541061430309245,0.7352893688973553,0.729548658144741,0.7193429501400932,0.71184813332418,0.7033965313828311,0.6794769032469379,0.6715036938683069,0.6514112062341569,0.6475840657324137,0.6364215726023303,0.6252590794722469,0.6236644375965206,0.6093126607149848,0.5997448094606275,0.5917716000819964,0.5837983907033654,0.5837983907033654,0.5799712502016224,0.5769414306377426,0.5678519719461033,0.5678519719461033,0.5678519719461033,0.5678519719461033,0.5678519719461033,0.5678519719461033,0.5550948369402938,0.537713240494878,0.535959134431579,0.527985925052948,0.527985925052948,0.527985925052948,0.527985925052948,0.5254344980517861,0.5235209278009147,0.5206505724246075,0.5206505724246075,0.5235209278009147,0.5254344980517861,0.5254344980517861,0.5235209278009147,0.5219262859251885,0.5235209278009147,0.5235209278009147,0.5254344980517861,0.5254344980517861,0.527985925052948,0.527985925052948,0.5289427101783838,0.5393078823706042,0.5440918079977827,0.5506298396882602,0.5678519719461033,0.5758251813247343,0.5853930325790917,0.5853930325790917,0.580609106951913,0.5997448094606275,0.6204751538450682,0.6397703205413553,0.651730134609302,0.6715036938683069,0.6804336883723743,0.7033965313828312,0.7033965313828312,0.7033965313828312,0.6796363674345111,0.6796363674345111,0.6726199431813152,0.6695901236174354,0.6644872696151116,0.651730134609302,0.6435974610430982,0.6322755037254422,0.62605640041011,0.6077180188392585,0.5922499926447142,0.5681709003212486,0.5453675214983639,0.5362780628067243,0.5107637927951051,0.4756816715291285,0.4555891838949781,0.4190718849408479,0.3924413656162202,0.368521737480327,0.3455588944698697,0.32132033795883125,0.2970817814477929,0.28241107619111183,0.2683782276847212,0.2530696656777495,0.24685056236241723,0.23297717804359921,0.22372825516438724,0.2096954066579966,0.20108434052907503,0.1948652372137428,0.19311113115044398,0.18513792177181293,0.17907828264405332,0.16919150301455083,0.16121829363591977,0.1500558005058364,0.1452718748786577,0.13729866550002665,0.1293254561213956,0.1293254561213956,0.11927921230432052,0.11337903736413352,0.10540582798550246,0.10078136654589646,0.09743261860687141,0.08977833760338565,0.0818051282247546,0.07670227422243076,0.07293891939571684,0.06872906484379965,0.06368999651650481,0.06172858700936159,0.05681709003212485,0.054377287962263744,0.05281453892405206,0.04954552307881333,0.04595757885842936,0.042768295106976946,0.039706582705582624,0.03800031589855558,0.03520969261603472,0.03291340831498898,0.029740070982293813,0.027443786681248077,0.02559400210540568,0.02487641326132887,0.024685056236241724,0.02409503874222303,0.022309039841409674,0.02076223722195525,0.018689202783511185,0.01612182936359198,0.01444745539407946,0.01334715249982838,0.012278742443091812,0.010524636379792984,0.009599744091871785,0.009169190785425704,0.00821240565998998,0.007351299047097828,0.006027746290245076,0.004815818464693152,0.004146068876888146,0.002950087470093487,0.0017859989008133582,0.0013076063380954947,0.00039866046893155185,6.378567502905376e-05,0.0,1.5946418757262996e-05,1.5946418757262996e-05,1.5946418757262996e-05,0.00012757135005810042,0.00039866046893155185,0.00039866046893155185,0.000733535262834058,0.0013235527568527569,0.0015627490382116886,0.0017859989008133582,0.00232817713856027,0.0024716949073756256,0.002758730445006347,0.003141444495180634,0.0036198370578984992,0.003811194082985648,0.004225800970674463,0.004720139952149583,0.005597192983798997,0.006713442296807345,0.00950406557932821,0.010923296848724536,0.013171741893498495,0.01813107812700701,0.019725720002733215,0.02120873694715859,0.022548236122768614,0.023536914085718855,0.02396746739216493,0.024318288604824694,0.024780734748785303,0.026056448249366277,0.027172697562374615,0.02792217924396593,0.028958696463187973,0.029612499632235716,0.02993142800738096,0.030617124013943224,0.03111146299541835,0.032658265614872777,0.03329612236516326,0.03383830060291017,0.03452399660947244,0.03530537112857828,0.03584754936632519,0.03654919179164473,0.037490030498323196,0.038383029948729865,0.03932386865540832,0.03970658270558262,0.040408225130902156,0.04189124207532753,0.04281613436324873,0.04374102665116993,0.0448094367079065,0.04595757885842936,0.047297078034039375,0.048030613296873435,0.04938605889124071,0.050135540572832024,0.05058204029803537,0.0513634148171412,0.05314941371795458,0.05389889539954589,0.05681709003212485,0.058443624745365574,0.059639606152160234,0.06096315890901301,0.06201562254699229,0.06400892489165007,0.06568329886116259,0.06783606539339299,0.07041938523206943,0.07199808068903837,0.07351299047097827,0.07351299047097827,0.07351299047097827,0.07351299047097827,0.07351299047097827,0.07351299047097827,0.07351299047097827,0.07925370122359264,0.08148619984960932,0.08148619984960932,0.08148619984960932,0.08260244916261769,0.08563226872649746,0.08945940922824036,0.08945940922824036,0.08945940922824036,0.08945940922824036,0.08945940922824036,0.08945940922824036,0.08945940922824036,0.09041619435367608,0.09360547810512851,0.09743261860687141,0.09743261860687141,0.09759208279444403,0.10476797123521199,0.10540582798550246,0.10540582798550246,0.10540582798550246,0.10540582798550246,0.10540582798550246,0.10715993404880131
10335000,0.0002477332285719056,0.0002477332285719056,0.0002477332285719056,0.0002477332285719056,0.0002576425577147822,0.0002972798742862867,0.0002972798742862867,0.0002972798742862867,0.0002972798742862867,0.0002972798742862867,0.0002972798742862867,0.00030718920342916336,0.00034682652000066775,0.00034682652000066775,0.00034682652000066775,0.00034682652000066775,0.00034682652000066775,0.00039637316571504894,0.00039637316571504894,0.0004459198114294301,0.0004459198114294301,0.0004954664571438113,0.0005450131028581925,0.0005450131028581925,0.0005450131028581925,0.0005450131028581925,0.0005450131028581925,0.0005053757862866883,0.0004954664571438113,0.0004954664571438113,0.0004459198114294301,0.0004459198114294301,0.0004459198114294301,0.00039637316571504894,0.00039637316571504894,0.00039637316571504894,0.00039637316571504894,0.00039637316571504894,0.00039637316571504894,0.00039637316571504894,0.00039637316571504894,0.00039637316571504894,0.00039637316571504894,0.00039637316571504894,0.00039637316571504894,0.00039637316571504894,0.00039637316571504894,0.00039637316571504894,0.00039637316571504894,0.00039637316571504894,0.00039637316571504894,0.00039637316571504894,0.00039637316571504894,0.00039637316571504894,0.00039637316571504894,0.00039637316571504894,0.00039637316571504894,0.00039637316571504894,0.0004459198114294301,0.0004459198114294301,0.0004459198114294301,0.00045582914057230715,0.00045582914057230715,0.00045582914057230715,0.0004954664571438113,0.0004954664571438113,0.0004954664571438113,0.0004954664571438113,0.0004954664571438113,0.0004954664571438113,0.0005053757862866883,0.0005450131028581925,0.0005450131028581925,0.0005945597485725733,0.0005945597485725733,0.0005945597485725733,0.0006441063942869545,0.0006441063942869545,0.0006540157234298313,0.0007035623691442124,0.0007431996857157168,0.000792746331430098,0.0008422929771444792,0.00089183962285886,0.0009413862685732412,0.0009909329142876223,0.0009909329142876223,0.0009909329142876223,0.0010404795600020035,0.0010900262057163847,0.0011395728514307659,0.0011395728514307659,0.0011494821805736425,0.0012386661428595278,0.0013873060800026716,0.0015458553462886914,0.0016845859542889581,0.0019818658285752446,0.0023286923485759128,0.0032799879462920307,0.003616905137149822,0.0038745476948646045,0.004370014152008417,0.005598770965725067,0.006639250525727071,0.008125649897158504,0.01172273637602258,0.03215577306863342,0.4262497930808213,0.49561509708095447,0.5243521515952955,0.5699350656525262,0.609572382224031,0.6789376862241647,0.7096566065670811,0.7582123193671745,0.8028043005101175,0.8513600133102109,0.9058613235960301,0.921716250224632,0.9563989022246988,0.9752266275961637,0.9900906213104781,0.9960362187962037,0.9999999504533543,0.9960362187962037,0.9960362187962037,0.9900906213104781,0.9772084934247391,0.9603626338818494,0.9464895730818226,0.9256799818817826,0.9118069210817558,0.8791061349102646,0.8622602753673748,0.8424416170816224,0.7928949713672413,0.7720853801672011,0.7374027281671344,0.7076747407385057,0.677946753309877,0.6412822354812352,0.6333547721669339,0.6085814493097433,0.5847990593668405,0.564980401081088,0.5293068161667336,0.49660602999524217,0.4708417742237639,0.464499803572323,0.45994151216659995,0.44666301111514595,0.43516818930940937,0.4252588601665332,0.4069266012522123,0.4014764702236303,0.4004855373093426,0.40008916414362755,0.40008916414362755,0.40008916414362755,0.4004855373093426,0.4133676651950817,0.43655549538941213,0.46489617673803807,0.49660602999524217,0.5441708098810478,0.5788534618811146,0.5996630530811549,0.6244363759383453,0.638309436738372,0.6541643633669741,0.6680374241670007,0.6789376862241647,0.6928107470241913,0.7086656736527933,0.7344299294242717,0.7483029902242982,0.7542485877100241,0.7483029902242982,0.7423573927385724,0.7245206002813954,0.7037110090813552,0.6878560824527532,0.6680374241670007,0.6432641013098102,0.6333547721669339,0.6056086505668806,0.5847990593668405,0.5748897302239643,0.5738987973096765,0.5550710719382118,0.5302977490810212,0.5114700237095565,0.504533493309543,0.4861021411037932,0.4663825761094697,0.45994151216659995,0.44686119769800353,0.4237724607951019,0.41049395974364755,0.40633204150363966,0.41049395974364755,0.42099784863509637,0.42099784863509637,0.412872198737938,0.412872198737938,0.42099784863509637,0.4237724607951019,0.4361591222236971,0.45795964633802466,0.464103430406608,0.48887675326379854,0.504533493309543,0.5114700237095565,0.5213793528524328,0.5302977490810212,0.5392161453096097,0.5421889440524728,0.5560620048524995,0.5600257365096499,0.5600257365096499,0.564980401081088,0.5610166694239376,0.5699350656525262,0.5620076023382252,0.5590348035953622,0.5421889440524728,0.5342614807381716,0.5342614807381716,0.5342614807381716,0.5302977490810212,0.520388419938145,0.489074939846656,0.4698508413094762,0.4522122354351565,0.406629321377926,0.3961254324864771,0.37670314736643973,0.34102956245208527,0.3059505372863035,0.28702371862340986,0.2593766903147852,0.2387652856976027,0.21359558967469708,0.2010107416632443,0.14086111376598578,0.09825099845161776,0.07020759697727812,0.04620720179323188,0.03681315776578517,0.03631769130864136,0.035425851685782515,0.03483129193720993,0.029777534074343134,0.02018530346403887,0.016717038264032216,0.014695535118885467,0.013754148850312205,0.01317940776002538,0.012109200212594755,0.007085170337156511,0.004211464885722404,0.003676361112007081,0.0035178118457210596,0.003121438680006011,0.0030421640468630026,0.0026854281977194577,0.002477332285719056,0.0023286923485759128,0.0022295990571471504,0.002180052411432769,0.0021404150948612652,0.001991775157718122,0.001942228512003741,0.0018926818662893601,0.0018827725371464827,0.0018332258914321015,0.0018332258914321015,0.0018332258914321015,0.0018332258914321015,0.0018332258914321015,0.0018332258914321015,0.0018332258914321015,0.0018332258914321015,0.0018332258914321015,0.0017935885748605977,0.0017440419291462166,0.0016944952834318354,0.001635039308574577,0.001635039308574577,0.001635039308574577,0.001635039308574577,0.001635039308574577,0.001635039308574577,0.001635039308574577,0.0015954019920030725,0.0015458553462886914,0.0014863993714314334,0.0014863993714314334,0.0014368527257170528,0.0013972154091455484,0.001298122117716786,0.0011990288262880234,0.0011395728514307659,0.0010602982182877573,0.0009909329142876223,0.0009116582811446142,0.00089183962285886,0.0008522023062873562,0.0007431996857157168,0.0007431996857157168,0.0006936530400013356,0.0006540157234298313,0.0006441063942869545,0.0006441063942869545,0.0006044690777154501,0.0005945597485725733,0.0005945597485725733,0.0005945597485725733,0.0005945597485725733,0.0005945597485725733,0.0005945597485725733,0.0005945597485725733,0.0005945597485725733,0.0005945597485725733,0.0005945597485725733,0.0004954664571438113,0.0004062824948579257,0.00034682652000066775,0.00034682652000066775,0.0002972798742862867,0.0002477332285719056,0.0002080959120004012,0.00014863993714314336,0.00014863993714314336,9.90932914287622e-05,9.90932914287622e-05,4.954664571438103e-05,9.909329142877197e-06,0.0,0.0,0.0,0.0,0.0,0.0,0.0,0.0,0.0,0.0,0.0,0.0,0.0,0.0,0.0,0.0,0.0,0.0,0.0,0.0,0.0,9.909329142877197e-06,4.954664571438103e-05,4.954664571438103e-05,5.945597485725781e-05,5.945597485725781e-05,9.90932914287622e-05
11012500,0.6666296316871284,0.6221876562413204,0.6110771623798678,0.6221876562413204,0.6666296316871284,0.6666296316871284,0.6666296316871284,0.6666296316871284,0.6666296316871284,0.6666296316871284,0.6666296316871284,0.6666296316871284,0.6666296316871284,0.6666296316871284,0.6666296316871284,0.6666296316871284,0.7221821009943892,0.7221821009943892,0.7221821009943892,0.7221821009943892,0.7221821009943892,0.7777345703016499,0.7777345703016499,0.7777345703016499,0.7777345703016499,0.7777345703016499,0.7777345703016499,0.7777345703016499,0.8332870396089106,0.8332870396089106,0.8332870396089106,0.8332870396089106,0.8332870396089106,0.8332870396089106,0.8332870396089106,0.8332870396089106,0.8332870396089106,0.8332870396089106,0.8332870396089106,0.8332870396089106,0.8332870396089106,0.8888395089161714,0.8888395089161714,0.8888395089161714,0.8888395089161714,0.9443919782234321,0.9443919782234321,0.9443919782234321,0.9443919782234321,0.9443919782234321,0.9555024720848853,0.9999444475306927,0.9999444475306927,0.9999444475306927,0.9999444475306927,0.9999444475306927,0.9999444475306927,0.9999444475306927,0.9999444475306927,0.9999444475306927,0.9999444475306927,0.9999444475306927,0.9999444475306927,0.9999444475306927,0.9999444475306927,0.9999444475306927,0.9999444475306927,0.9999444475306927,0.9443919782234321,0.9443919782234321,0.9443919782234321,0.9443919782234321,0.9443919782234321,0.9443919782234321,0.8888395089161714,0.8888395089161714,0.8888395089161714,0.8332870396089106,0.8332870396089106,0.8332870396089106,0.7777345703016499,0.7777345703016499,0.7777345703016499,0.7777345703016499,0.7777345703016499,0.7221821009943892,0.7221821009943892,0.7221821009943892,0.7221821009943892,0.7221821009943892,0.6666296316871284,0.6666296316871284,0.6666296316871284,0.6666296316871284,0.6666296316871284,0.6666296316871284,0.6110771623798678,0.6110771623798678,0.6110771623798678,0.6110771623798678,0.6110771623798678,0.6110771623798678,0.6110771623798678,0.6110771623798678,0.6110771623798678,0.6110771623798678,0.6110771623798678,0.5555246930726071,0.5555246930726071,0.5555246930726071,0.5555246930726071,0.5555246930726071,0.5555246930726071,0.5555246930726071,0.5555246930726071,0.5555246930726071,0.49997222376534634,0.49997222376534634,0.49997222376534634,0.49997222376534634,0.49997222376534634,0.49997222376534634,0.4444197544580857,0.4444197544580857,0.4444197544580857,0.38886728515082497,0.38886728515082497,0.38886728515082497,0.38886728515082497,0.3333148158435642,0.3333148158435642,0.3333148158435642,0.3333148158435642,0.3333148158435642,0.27776234653630355,0.27776234653630355,0.27776234653630355,0.27776234653630355,0.27776234653630355,0.22220987722904284,0.22220987722904284,0.22220987722904284,0.22220987722904284,0.22220987722904284,0.22220987722904284,0.22220987722904284,0.22220987722904284,0.17776790178323482,0.1666574079217821,0.1666574079217821,0.1666574079217821,0.1666574079217821,0.1666574079217821,0.1666574079217821,0.1666574079217821,0.1666574079217821,0.1666574079217821,0.1666574079217821,0.11110493861452142,0.11110493861452142,0.11110493861452142,0.05555246930726071,0.05555246930726071,0.05555246930726071,0.05555246930726071,0.05555246930726071,0.0,0.0,0.0,0.0,0.0,0.0,0.0,0.0,0.0,0.0,0.0,0.0,0.0,0.0,0.0,0.0,0.0,0.0,0.0,0.0,0.0,0.0,0.0,0.0,0.0,0.0,0.0,0.0,0.0,0.0,0.0,0.0,0.0,0.0,0.0,0.0,0.0,0.0,0.0,0.0,0.0,0.0,0.0,0.0,0.0,0.0,0.0,0.0,0.0,0.0,0.0,0.0,0.0,0.0,0.0,0.0,0.0,0.0,0.0,0.0,0.0,0.0,0.0,0.0,0.0,0.0,0.0,0.0,0.0,0.0,0.0,0.0,0.0,0.0,0.0,0.0,0.0,0.0,0.0,0.0,0.0,0.0,0.0,0.0,0.0,0.0,0.0,0.0,0.0,0.0,0.0,0.0,0.0,0.0,0.0,0.0,0.0,0.0,0.0,0.0,0.0,0.0,0.0,0.0,0.0,0.0,0.0,0.0,0.0,0.0,0.0,0.0,0.0,0.0,0.0,0.0,0.0,0.0,0.0,0.0,0.0,0.0,0.0,0.0,0.0,0.0,0.0,0.0,0.0,0.0,0.0,0.0,0.0,0.0,0.0,0.0,0.0,0.0,0.0,0.0,0.0,0.0,0.0,0.0,0.0,0.0,0.0,0.0,0.0,0.0,0.0,0.0,0.0,0.0,0.0,0.0,0.0,0.0,0.0,0.0,0.0,0.0,0.0,0.0,0.0,0.0,0.0,0.0,0.0,0.0,0.0,0.0,0.0,0.0,0.0,0.0,0.0,0.0,0.0,0.0,0.0,0.0,0.0,0.0,0.0,0.0,0.05555246930726071,0.34442530970501695,0.4444197544580857,0.49997222376534634,0.5555246930726071,0.5555246930726071,0.6110771623798678,0.6110771623798678,0.6110771623798678,0.6110771623798678,0.6110771623798678,0.6110771623798678,0.6110771623798678,0.6110771623798678
11015000,0.052631024936579625,0.052631024936579625,0.052631024936579625,0.052631024936579625,0.05473626593404291,0.06315722992389554,0.06315722992389554,0.06315722992389554,0.07368343491121147,0.07368343491121147,0.07368343491121147,0.07368343491121147,0.07368343491121147,0.0842096398985274,0.0842096398985274,0.0842096398985274,0.0842096398985274,0.0842096398985274,0.09473584488584331,0.10526204987315925,0.10526204987315925,0.10526204987315925,0.10526204987315925,0.11578825486047517,0.12631445984779108,0.12631445984779108,0.12631445984779108,0.12631445984779108,0.1389459058325703,0.14736686982242295,0.15789307480973885,0.15789307480973885,0.15999831580720217,0.1705245207945182,0.19157693076914992,0.2105240997463185,0.2105240997463185,0.2210503047336344,0.2231555457310977,0.24210271470826628,0.2631551246828981,0.30736518562962506,0.34947000557888885,0.39999578951800513,0.4947316344038484,0.5178892853759436,0.557888864327744,0.5684150693150599,0.5810465152998393,0.5915727202871552,0.6315722992389554,0.6736771191882192,0.6842033241755351,0.705255734150167,0.7073609751476303,0.7368343491121147,0.7915706150461577,0.8147282660182529,0.8336754349954214,0.8526226039725899,0.865254049957369,0.8842012189345376,0.9073588699066327,0.9220955568888756,0.9494636898558964,0.9684108588330651,0.978937063820381,0.978937063820381,0.9999894737950127,0.9999894737950127,0.9999894737950127,0.9999894737950127,0.978937063820381,0.978937063820381,0.9684108588330651,0.9684108588330651,0.9599898948432126,0.9578846538457492,0.9473584488584332,0.9263060388838014,0.9157798338964854,0.9157798338964854,0.9073588699066327,0.9052536289091695,0.8968326649193169,0.8947274239218536,0.8842012189345376,0.8736750139472217,0.8631488089599058,0.8547278449700533,0.8547278449700533,0.8547278449700533,0.8547278449700533,0.8547278449700533,0.8526226039725899,0.8526226039725899,0.8315701939979581,0.8210439890106421,0.8210439890106421,0.8020968200334735,0.7894653740486943,0.7894653740486943,0.7789391690613784,0.7789391690613784,0.7705182050715259,0.75999200008421,0.7368343491121147,0.728413385122262,0.7073609751476303,0.694729529162851,0.6778876011831458,0.6736771191882192,0.6315722992389554,0.5915727202871552,0.5705203103125234,0.5263102493657962,0.46525826043936397,0.42315344049010023,0.4021010305154684,0.38104862054083666,0.34947000557888885,0.32631235460679364,0.3157861496194777,0.2947337396448459,0.28420753465752996,0.2652603656803614,0.2547341606930455,0.24210271470826628,0.23157650972095034,0.2105240997463185,0.19999789475900256,0.19999789475900256,0.18947168977168663,0.1684192797970548,0.1684192797970548,0.15789307480973885,0.14736686982242295,0.14736686982242295,0.14736686982242295,0.136840664835107,0.12631445984779108,0.11789349585793846,0.11578825486047517,0.11578825486047517,0.10526204987315925,0.09473584488584331,0.09473584488584331,0.0842096398985274,0.0842096398985274,0.07368343491121147,0.06315722992389554,0.06315722992389554,0.052631024936579625,0.052631024936579625,0.0421048199492637,0.03157861496194777,0.03157861496194777,0.03157861496194777,0.02105240997463185,0.02105240997463185,0.010526204987315924,0.0,0.0,0.0,0.0,0.0,0.0,0.0,0.0,0.0,0.0,0.0,0.0,0.0,0.0,0.0,0.0,0.0,0.0,0.0,0.0,0.0,0.0,0.0,0.0,0.0,0.0,0.0,0.0,0.0,0.0,0.0,0.0,0.0,0.0,0.0,0.0,0.0,0.0,0.0,0.0,0.0,0.0,0.0,0.0,0.0,0.0,0.0,0.0,0.0,0.0,0.0,0.0,0.0,0.0,0.0,0.0,0.0,0.0,0.0,0.0,0.0,0.0,0.0,0.0,0.0,0.0,0.0,0.0,0.0,0.0,0.0,0.0,0.0,0.0,0.0,0.0,0.0,0.0,0.0,0.0,0.0,0.0,0.0,0.0,0.0,0.0,0.0,0.0,0.0,0.0,0.0,0.0,0.0,0.0,0.0,0.0,0.0,0.0,0.0,0.0,0.0,0.0,0.0,0.0,0.0,0.0,0.0,0.0,0.0,0.0,0.0,0.0,0.0,0.0,0.0,0.0,0.0,0.0,0.0,0.0,0.0,0.0,0.0,0.0,0.0,0.0,0.0,0.0,0.0,0.0,0.0,0.0,0.0,0.0,0.0,0.0,0.0,0.0,0.0,0.0,0.0,0.0,0.0,0.0,0.0,0.0,0.0,0.0,0.0,0.0,0.0,0.0,0.0,0.0,0.0,0.0,0.0,0.0,0.0,0.0,0.0,0.0,0.0,0.0,0.0,0.0,0.0,0.0,0.0,0.0,0.0,0.0,0.0,0.0,0.0,0.0,0.0,0.0,0.0,0.0,0.0,0.0,0.0,0.0,0.0,0.0,0.0,0.0,0.0,0.0,0.0,0.0,0.0,0.0,0.0,0.0,0.0,0.0,0.0,0.0,0.0,0.0,0.0,0.0,0.0
11022480,0.6855805981620953,0.694417797188608,0.694417797188608,0.694417797188608,0.6855805981620953,0.67906897782677,0.6767433991355825,0.6767433991355825,0.6767433991355825,0.6767433991355825,0.6767433991355825,0.6767433991355825,0.6758131676591074,0.6737201468370386,0.6755806097899887,0.6758131676591074,0.6767433991355825,0.6737201468370386,0.6709294524076135,0.6697666630620197,0.6662782950252385,0.6653480635487633,0.6602317904281508,0.658138769606082,0.6572085381296068,0.6583713274752008,0.6583713274752008,0.6583713274752008,0.6593015589516756,0.6602317904281508,0.658138769606082,0.658138769606082,0.6583713274752008,0.6593015589516756,0.663952716334051,0.6641852742031698,0.6669759686325948,0.6758131676591074,0.680231767172364,0.6862782717694514,0.6872085032459265,0.6941852393194893,0.708836385073971,0.7258131095196403,0.744185181180022,0.7465107598712095,0.7634874843168789,0.7804642087625482,0.7944176809096735,0.8162781206068366,0.8376734445657623,0.8453478542466814,0.856975747702619,0.8688361990276757,0.8976733747984014,0.9093012682543393,0.9209291617102772,0.9325570551662149,0.9423244856692027,0.9465105273133405,0.9790686289899664,0.9999988372106544,0.9999988372106544,0.9832546706341043,0.9790686289899664,0.9502314532192406,0.9423244856692027,0.9281384556529587,0.9209291617102772,0.9093012682543393,0.8981384905366389,0.8934873331542638,0.8746501457556446,0.865812946729132,0.8599990000011629,0.8446501806393248,0.8302315927539621,0.8162781206068366,0.8046502271508987,0.7990688382920486,0.7813944402390232,0.7581386533271474,0.7476735492168033,0.7386037923211718,0.7197666049225524,0.7013945332621707,0.6965108180106768,0.6851154824238579,0.6779061884811762,0.6755806097899887,0.6651155056796447,0.6583713274752008,0.6425573923751252,0.6337201933486124,0.6123248693896868,0.6013946495411053,0.5897667560851673,0.5765109575453983,0.5606970224453227,0.5574412122776602,0.5488365711202663,0.5239528791245592,0.5139528907524527,0.5023249972965148,0.490697103840577,0.480231999730233,0.46976689561988877,0.46534829610663253,0.45627853921100103,0.4465111087080132,0.43744135181238175,0.42744136344027517,0.4199995116284748,0.40976696538724955,0.40139488209897434,0.3911623358577492,0.38395304191506757,0.37325537993560476,0.3627902758252607,0.35162749810756044,0.3409298361280976,0.3304647320177535,0.32790659545744716,0.3209298593838845,0.31627870200150937,0.3104647552735404,0.2999996511631964,0.29302291508963363,0.28279036884840836,0.2804647901572208,0.26976712817775794,0.26976712817775794,0.2618601606277203,0.25813923472182015,0.25813923472182015,0.25813923472182015,0.25395319307768255,0.24674389913500105,0.24651134126588228,0.23883693158496327,0.23488344780994444,0.23092996403492563,0.22325555435400657,0.22325555435400657,0.22023230205546288,0.21279045024366253,0.21162766089806873,0.20465092482450606,0.1999997674421309,0.19906953596565588,0.19302303136856822,0.18837187398619307,0.1862788531641243,0.17674398053025522,0.16999980232581127,0.16511608707431735,0.16418585559784232,0.16046492969194226,0.15348819361837954,0.15348819361837954,0.15348819361837954,0.1455812260683418,0.1418603001624417,0.1418603001624417,0.13023240670650385,0.12906961736091008,0.12255799702558492,0.118604513250566,0.11627893455937843,0.1083719670093407,0.10697661979462815,0.10348825175784682,0.09534872633869032,0.09534872633869032,0.09069756895631517,0.08488362222834625,0.08139525419156489,0.07906967550037733,0.07558130746359597,0.07209293942681463,0.07209293942681463,0.06860457139003329,0.06511620335325193,0.060465045970876784,0.060465045970876784,0.058139467279689216,0.05697667793409543,0.05697667793409543,0.05488365711202664,0.05465109924290786,0.052558078420839094,0.051162731206126515,0.04999994186053273,0.046744131692870144,0.04441855300168257,0.04302320578697002,0.04186041644137623,0.039767395619307436,0.039534837750188664,0.03837204840459489,0.037209259059001104,0.03604646971340732,0.03488368036781354,0.03255810167662596,0.030465080854557177,0.02790694429425082,0.02558136560306325,0.022325555435400678,0.019999976744213107,0.018837187398619334,0.01744184018390677,0.01627905083831298,0.015116261492719196,0.01395347214712541,0.01395347214712541,0.01395347214712541,0.012790682801531625,0.012790682801531625,0.01162789345593784,0.01162789345593784,0.010465104110344054,0.010465104110344054,0.010465104110344054,0.009302314764750283,0.00837208328827528,0.008139525419156498,0.006976736073562712,0.006976736073562712,0.006976736073562712,0.005813946727968927,0.0046511573823751415,0.0046511573823751415,0.0046511573823751415,0.0037209259059001387,0.0023255786911875707,0.0011627893455937854,0.0011627893455937854,0.00023255786911876997,0.00023255786911876997,0.0,0.0,0.0,0.0,0.0,0.00023255786911876997,0.0013953472147125554,0.003488368036781356,0.0046511573823751415,0.005813946727968927,0.006046504597087709,0.006976736073562712,0.006976736073562712,0.006976736073562712,0.008139525419156498,0.00837208328827528,0.009534872633869065,0.010465104110344054,0.01162789345593784,0.012790682801531625,0.01395347214712541,0.016511608707431763,0.01744184018390677,0.017674398053025536,0.018604629529500552,0.018604629529500552,0.01976741887509434,0.01976741887509434,0.01976741887509434,0.021162766089806904,0.022325555435400678,0.024418576257469467,0.024651134126588235,0.026744154948657037,0.02790694429425082,0.02790694429425082,0.029069733639844608,0.031395312331032176,0.03255810167662596,0.03488368036781354,0.03604646971340732,0.037209259059001104,0.039534837750188664,0.040697627095782445,0.040697627095782445,0.04186041644137623,0.04302320578697002,0.04302320578697002,0.04302320578697002,0.04441855300168257,0.045348784478157586,0.04651157382375137,0.04767436316934516,0.05023249972965153,0.05465109924290786,0.05697667793409543,0.060465045970876784,0.06651155056796453,0.07209293942681463,0.07209293942681463,0.07232549729593342,0.07325572877240842,0.07558130746359597,0.08139525419156489,0.08279060140627746,0.08372083288275246,0.08372083288275246,0.08488362222834625,0.08837199026512761,0.09186035830190896,0.09534872633869032,0.0967440735534029,0.10348825175784682,0.10465104110344058,0.10697661979462815,0.10720917766374691,0.11069754570052825,0.11651149242849722,0.12906961736091008,0.13023240670650385,0.1418603001624417,0.1418603001624417,0.15023238345071693,0.1558137723095671,0.16627887641991115,0.17697653839937394,0.18837187398619307,0.1999997674421309,0.21465091319661275,0.23813925797760707,0.2548834245541575,0.2606973712821265,0.2795345586807458,0.2855810632778335,0.2941857044352275,0.30465080854557147,0.31627870200150937,0.32790659545744716,0.3341856579236536,0.3465112249869478,0.3513949402384416,0.3627902758252607,0.3744181692811986,0.3813949053547612,0.3883716414283239,0.3976739561930742,0.40720882882694326,0.41209254407843715,0.42092974310494985,0.42813903704763145,0.4325576365608878,0.4441855300168256,0.4558134234727635,0.47930176825375786,0.490697103840577,0.5023249972965148,0.5139528907524527,0.5244179948627967,0.5372086776643282,0.5534877285026413,0.560464464576204,0.5720923580321419,0.5793016519748233,0.5837202514880797,0.5953481449440174,0.5953481449440174,0.6025574388866991
11023000,0.6609180814519892,0.6634966450470227,0.6623685234741955,0.6612404019013685,0.6609180814519892,0.6605957610026101,0.6602734405532309,0.6583395178569558,0.6596287996544725,0.6593064792050933,0.6589841587557143,0.6586618383063351,0.6599511201038516,0.6599511201038516,0.6593064792050933,0.6596287996544725,0.6583395178569558,0.6583395178569558,0.6536658713409579,0.6526989099928203,0.6518931088693724,0.6502815066224765,0.6506038270718557,0.6502815066224765,0.6518931088693724,0.6570502360594391,0.6615627223507475,0.6623685234741955,0.6639801257210913,0.6684926120123997,0.6694595733605372,0.6736497392024664,0.678484545943154,0.6857367560541853,0.7010469773996958,0.7115223920045189,0.7195804032389982,0.7260268122265816,0.7340848234610609,0.7413370335720921,0.7445602380658839,0.7582588571644987,0.7582588571644987,0.766316868398978,0.7904909021024158,0.8146649358058534,0.8388389695092913,0.8388389695092913,0.8388389695092913,0.8710710144472084,0.8952450481506461,0.9194190818540839,0.9194190818540839,0.9194190818540839,0.9435931155575218,0.9597091380264803,0.9677671492609595,0.9677671492609595,0.9919411829643974,0.9999991941988766,0.9999991941988766,0.9999991941988766,0.9999991941988766,0.9999991941988766,0.9999991941988766,0.9999991941988766,0.9758251604954388,0.951651126792001,0.9194190818540839,0.9194190818540839,0.9194190818540839,0.9194190818540839,0.9113610706196047,0.8791290256816876,0.8549549919782498,0.8388389695092913,0.8388389695092913,0.8340041627686037,0.8146649358058534,0.7904909021024158,0.766316868398978,0.7582588571644987,0.7553579731200862,0.7287665360463046,0.7074933863872792,0.677678744819706,0.6668810097655038,0.6557609542619225,0.6390002908942057,0.6212726661783513,0.6130534947191824,0.6048343232600135,0.5945200688798801,0.5877513394429175,0.579371007759059,0.5716353169739591,0.5648665875369964,0.5587424989987921,0.549072885517417,0.535857747092871,0.5252211722633584,0.5210310064214292,0.512167194063502,0.5004024976611623,0.4875096796859954,0.4755838230589662,0.4614017232862827,0.4520544302542867,0.4439964190198074,0.43593840778532816,0.4291696783483656,0.42385139093360935,0.40692956734120284,0.39129702554631307,0.3767926053242505,0.3705073565613566,0.36099890330467105,0.3473002842060563,0.3398869138703353,0.3332793446580624,0.32312625050261845,0.3149070790434496,0.30523746556207454,0.29492321118194104,0.2908942055647014,0.2828361943302221,0.2688152547822283,0.25785635950333646,0.25060414939230513,0.2439965801800321,0.23690553029369033,0.23448812692334658,0.2302979610814174,0.2264301156888673,0.2204671873753527,0.21514889996059633,0.2103140932199088,0.20225608198542952,0.19419807075095025,0.1917806673806065,0.18614005951647097,0.17808204828199173,0.17469768356351045,0.17002403704751248,0.1666396723290312,0.1619660258130332,0.15616425772420814,0.15390801457855394,0.14810624648972887,0.1456888431193851,0.1377919921095954,0.13521342851456203,0.12973398087511617,0.12780005817884113,0.12312641166284317,0.1216759696406369,0.11909740604560352,0.11361795840615763,0.11361795840615763,0.11023359368767631,0.10555994717167835,0.10539878694698875,0.10153094155443873,0.09750193593719908,0.09750193593719908,0.09186132807306362,0.08944392470271981,0.08944392470271981,0.08702652133237605,0.08299751571513643,0.08138591346824058,0.07558414537941552,0.0733279022337613,0.0733279022337613,0.06768729436962581,0.06526989099928203,0.06526989099928203,0.06124088538204241,0.05721187976480278,0.05721187976480278,0.05721187976480278,0.055439117293217356,0.049798509429081865,0.049153868530323504,0.049153868530323504,0.04818690718218601,0.04415790156494636,0.04109585729584425,0.04109585729584425,0.040290056172396324,0.03867845392550047,0.03626105055515669,0.033037846061364985,0.03223204493791706,0.03142624381446913,0.030459282466331616,0.029008840444125345,0.0273972381972295,0.026591437073781574,0.025785635950333646,0.025785635950333646,0.024818674602196143,0.02417403370343779,0.023368232579989868,0.02256243145654194,0.021595470108404437,0.020950829209646086,0.020950829209646086,0.01933922696275023,0.018533425839302304,0.018533425839302304,0.018533425839302304,0.018533425839302304,0.017727624715854387,0.01756646449116481,0.01756646449116481,0.01756646449116481,0.01692182359240646,0.01692182359240646,0.01692182359240646,0.016760663367716883,0.016116022468958532,0.016116022468958532,0.014504420222062678,0.01369861909861475,0.012892817975166823,0.012892817975166823,0.01128121572827097,0.01128121572827097,0.010475414604823043,0.010314254380133467,0.008863812357927188,0.008863812357927188,0.008702652133237612,0.008863812357927188,0.008863812357927188,0.009669613481375116,0.008863812357927188,0.007896851009789685,0.006446408987583416,0.0056406078641354895,0.004834806740687562,0.004029005617239635,0.004029005617239635,0.003223204493791708,0.002417403370343781,0.001611602246895854,0.0006446408987583505,0.0,0.0,0.0,0.0,0.001611602246895854,0.002417403370343781,0.002417403370343781,0.003223204493791708,0.004029005617239635,0.0056406078641354895,0.008863812357927188,0.00950845325668554,0.009669613481375116,0.01128121572827097,0.01192585662702932,0.012892817975166823,0.014343259997373101,0.015149061120821029,0.015310221345510605,0.015310221345510605,0.015310221345510605,0.016116022468958532,0.01692182359240646,0.017727624715854387,0.019178066738060655,0.019983867861508582,0.020950829209646086,0.020950829209646086,0.021756630333094013,0.022401271231852364,0.023368232579989868,0.02417403370343779,0.02497983482688572,0.026591437073781574,0.0273972381972295,0.0273972381972295,0.02820303932067742,0.028847680219435762,0.02965348134288369,0.029814641567573272,0.029814641567573272,0.0306204426910212,0.03142624381446913,0.033037846061364985,0.033037846061364985,0.033843647184812906,0.035938730105777555,0.037066851678604615,0.03867845392550047,0.04109585729584425,0.04109585729584425,0.04109585729584425,0.04109585729584425,0.04190165841929218,0.04431906178963594,0.04673646515997972,0.04899270830563394,0.049153868530323504,0.049153868530323504,0.049153868530323504,0.05237707302411521,0.054794476394458995,0.05721187976480278,0.05721187976480278,0.05785652066356115,0.06124088538204241,0.06285248762893826,0.06510873077459245,0.06526989099928203,0.06849309549307374,0.07236094088562378,0.0733279022337613,0.07945199077196556,0.08138591346824058,0.08460911796203224,0.08944392470271981,0.09427873144340737,0.09975817908285331,0.10475414604823041,0.11120055503581383,0.11426259930491596,0.1295728206504266,0.13843663300835377,0.15374685435386437,0.16261066671179156,0.17002403704751248,0.17808204828199173,0.19371459007688152,0.21756630333094015,0.23239304400238198,0.24254613815782583,0.2667201718612636,0.28541475792525556,0.29895221679918066,0.32312625050261845,0.3473002842060563,0.36341630667501473,0.3821108927390067,0.40370636284741107,0.41933890464230084,0.4497981871086326,0.46817045272324526,0.47622846395772445,0.492344486426683,0.5004024976611623,0.5245765313646,0.5423041560804545,0.5648665875369964,0.5858174167466424,0.5890406212404342,0.6116030526969761,0.6293306774128306,0.6438350976348931,0.6486699043755807,0.6575337167335079,0.6696207335852268,0.6739720596518456,0.6751001812246726
11023340,0.6907180890820149,0.6907180890820149,0.6907180890820149,0.6907180890820149,0.6907180890820149,0.6907180890820149,0.6907180890820149,0.6907180890820149,0.6907180890820149,0.6907180890820149,0.6907180890820149,0.6907180890820149,0.6907180890820149,0.6907180890820149,0.6907180890820149,0.7216457647125529,0.7422642151329116,0.7422642151329116,0.7422642151329116,0.7422642151329116,0.7422642151329116,0.7422642151329116,0.7422642151329116,0.7422642151329116,0.7494806727800373,0.783501115973629,0.784532038494647,0.7938103411838083,0.7938103411838083,0.7938103411838083,0.7938103411838083,0.7938103411838083,0.7938103411838083,0.7938103411838083,0.7938103411838083,0.7938103411838083,0.7948412637048264,0.7989649537888979,0.7989649537888979,0.7989649537888979,0.8061814114360237,0.8247380168143461,0.8453564672347048,0.8453564672347048,0.8453564672347048,0.8453564672347048,0.8453564672347048,0.8453564672347048,0.8453564672347048,0.8463873897557228,0.8690676852181176,0.8876242905964402,0.8969025932856015,0.8969025932856015,0.8969025932856015,0.9072118184957808,0.9072118184957808,0.9185519662269782,0.92267565631105,0.9340158040422474,0.9484487193364982,0.9484487193364982,0.9484487193364982,0.9484487193364982,0.9484487193364982,0.9484487193364982,0.9484487193364982,0.9484487193364982,0.9700980922778747,0.9958711553033232,0.9999948453873949,0.9999948453873949,0.9999948453873949,0.9999948453873949,0.9907165426982336,0.9793763949670362,0.9515414868995519,0.9484487193364982,0.9484487193364982,0.9484487193364982,0.9484487193364982,0.9484487193364982,0.9484487193364982,0.9484487193364982,0.9484487193364982,0.9484487193364982,0.9340158040422474,0.9144282761429067,0.9030881284117094,0.9030881284117094,0.9020572058906913,0.8979335158066195,0.9020572058906913,0.9020572058906913,0.8969025932856015,0.8969025932856015,0.89277890320153,0.891747980680512,0.8876242905964402,0.8762841428652428,0.8566966149659022,0.8505110798397946,0.8453564672347048,0.8371090870665616,0.8298926294194359,0.7948412637048264,0.7938103411838083,0.7422642151329116,0.7144293070654277,0.6958727016871045,0.6907180890820149,0.6752542512667461,0.6566976458884233,0.6391719630311182,0.6206153576527957,0.5979350621904012,0.5876258369802219,0.5876258369802219,0.5876258369802219,0.582471224375132,0.5371106334503432,0.5360797109293252,0.5360797109293252,0.4969046551306439,0.4845335848784285,0.4845335848784285,0.45566775428992656,0.4432966840377111,0.4329874588275318,0.4329874588275318,0.4278328462224421,0.41339993092819116,0.39793609311292205,0.3927814805078325,0.3814413327766351,0.3814413327766351,0.3721630300874737,0.35566826975118687,0.342266276977954,0.3298952067257385,0.3298952067257385,0.2999984536162186,0.2783490806748418,0.2783490806748418,0.2783490806748418,0.27319446806975217,0.2536069401704114,0.24742140504430382,0.2371121798341246,0.22680295462394526,0.22680295462394526,0.22680295462394526,0.22680295462394526,0.22680295462394526,0.22680295462394526,0.22680295462394526,0.21133911680867626,0.17628775109406664,0.17525682857304858,0.17525682857304858,0.16597852588388728,0.1608239132787976,0.1546383781526899,0.14948376554760023,0.13917454033742094,0.12886531512724161,0.12371070252215194,0.11855608991706228,0.1134014773119726,0.1134014773119726,0.10824686470688294,0.10309225210179326,0.0979376394967036,0.09278302689161393,0.09278302689161393,0.08762841428652426,0.08350472420245258,0.08247380168143459,0.07731918907634498,0.0731954989922733,0.06804088638718368,0.06700996386616564,0.06700996386616564,0.06185535126107597,0.06185535126107597,0.06185535126107597,0.0567007386559863,0.0567007386559863,0.0567007386559863,0.0567007386559863,0.05154612605089663,0.04639151344580696,0.041236900840717294,0.041236900840717294,0.036082288235627626,0.036082288235627626,0.036082288235627626,0.03195859815155601,0.030927675630537957,0.03195859815155601,0.03195859815155601,0.036082288235627626,0.036082288235627626,0.03195859815155601,0.026803985546466336,0.025773063025448288,0.02061845042035862,0.02061845042035862,0.025773063025448288,0.025773063025448288,0.02061845042035862,0.02061845042035862,0.01546383781526895,0.01546383781526895,0.01546383781526895,0.01546383781526895,0.01546383781526895,0.010309225210179337,0.010309225210179337,0.010309225210179337,0.010309225210179337,0.010309225210179337,0.010309225210179337,0.005154612605089669,0.005154612605089669,0.005154612605089669,0.0010309225210180482,0.0,0.0,0.0,0.0,0.0,0.0,0.0010309225210180482,0.0,0.0010309225210180482,0.005154612605089669,0.005154612605089669,0.010309225210179337,0.00618553512610766,0.00618553512610766,0.010309225210179337,0.010309225210179337,0.010309225210179337,0.011340147731197386,0.01546383781526895,0.01546383781526895,0.01546383781526895,0.02061845042035862,0.021649372941376668,0.025773063025448288,0.036082288235627626,0.041236900840717294,0.04639151344580696,0.05154612605089663,0.05257704857191462,0.0567007386559863,0.06185535126107597,0.0721645764712553,0.0721645764712553,0.07731918907634498,0.07731918907634498,0.07731918907634498,0.08247380168143459,0.08762841428652426,0.08865933680754225,0.09278302689161393,0.0979376394967036,0.10309225210179326,0.10824686470688294,0.10824686470688294,0.1134014773119726,0.11958701243808033,0.12474162504316988,0.12989623764825972,0.1340199277323313,0.13917454033742094,0.14432915294251056,0.14948376554760023,0.14948376554760023,0.14432915294251056,0.1453600754635285,0.1546383781526899,0.1608239132787976,0.15566930067370796,0.16494760336286923,0.16494760336286923,0.16494760336286923,0.16494760336286923,0.1701022159679589,0.17525682857304858,0.17525682857304858,0.17525682857304858,0.17525682857304858,0.1804114411781387,0.21133911680867626,0.22680295462394526,0.22680295462394526,0.22680295462394526,0.22680295462394526,0.22680295462394526,0.22680295462394526,0.22680295462394526,0.22680295462394526,0.22680295462394526,0.22680295462394526,0.23195756722903493,0.25257601764939347,0.2587615527755011,0.2783490806748418,0.2783490806748418,0.2783490806748418,0.2783490806748418,0.2783490806748418,0.28865830588502117,0.2999984536162186,0.3298952067257385,0.3298952067257385,0.3298952067257385,0.3298952067257385,0.3298952067257385,0.3814413327766351,0.3814413327766351,0.3814413327766351,0.3814413327766351,0.38659594538172476,0.40205978319699376,0.40721439580208346,0.42267823361735246,0.42886376874346016,0.4329874588275318,0.4329874588275318,0.4329874588275318,0.4329874588275318,0.4329874588275318,0.4329874588275318,0.4329874588275318,0.4329874588275318,0.449482219163819,0.4845335848784285,0.4845335848784285,0.4845335848784285,0.4845335848784285,0.4999974226936974,0.505152035298787,0.505152035298787,0.5103066479038767,0.5309250983242353,0.5360797109293252,0.5360797109293252,0.5360797109293252,0.5360797109293252,0.551543548744594,0.5618527739547734,0.5876258369802219,0.5876258369802219,0.5876258369802219,0.5876258369802219,0.5876258369802219,0.5876258369802219,0.5876258369802219,0.5876258369802219,0.6391719630311182,0.6391719630311182,0.6391719630311182,0.6391719630311182
11025500,0.039998666711109965,0.033332222259258026,0.06666444451851605,0.06666444451851605,0.06666444451851605,0.06666444451851605,0.06666444451851605,0.06666444451851605,0.06666444451851605,0.06666444451851605,0.06666444451851605,0.06666444451851605,0.06666444451851605,0.06666444451851605,0.06666444451851605,0.06666444451851605,0.06666444451851605,0.09999666677777407,0.09999666677777407,0.09999666677777407,0.09999666677777407,0.09999666677777407,0.09999666677777407,0.09999666677777407,0.09999666677777407,0.1333288890370321,0.1333288890370321,0.1333288890370321,0.16666111129629013,0.16666111129629013,0.19999333355554813,0.19999333355554813,0.23332555581480618,0.23332555581480618,0.23332555581480618,0.23332555581480618,0.23332555581480618,0.2666577780740642,0.2666577780740642,0.29999000033332224,0.3066564447851741,0.3399886670444322,0.39998666711109626,0.43331888937035434,0.46665111162961237,0.49998333388887034,0.5066497783407223,0.5666477784073864,0.5666477784073864,0.5999800006666445,0.6333122229259025,0.6666444451851605,0.6666444451851605,0.7333088897036766,0.8333055564814507,0.9066364454518189,0.9666344455184827,0.9733008899703346,0.9666344455184827,0.9666344455184827,0.9666344455184827,0.9733008899703346,0.9999666677777407,0.9733008899703346,0.9666344455184827,0.9666344455184827,0.9999666677777407,0.9999666677777407,0.9999666677777407,0.9999666677777407,0.9999666677777407,0.9999666677777407,0.9999666677777407,0.9999666677777407,0.9066364454518189,0.8666377787407087,0.8333055564814507,0.8066397786740446,0.7999733342221925,0.7999733342221925,0.7666411119629346,0.7399753341555284,0.7333088897036766,0.7333088897036766,0.7333088897036766,0.6999766674444184,0.6999766674444184,0.6666444451851605,0.6666444451851605,0.6666444451851605,0.6666444451851605,0.6666444451851605,0.6399786673777543,0.6333122229259025,0.6066464451184964,0.5999800006666445,0.5999800006666445,0.5999800006666445,0.5999800006666445,0.5999800006666445,0.5733142228592387,0.5666477784073864,0.5666477784073864,0.5666477784073864,0.5666477784073864,0.5333155561481284,0.5333155561481284,0.5333155561481284,0.5333155561481284,0.49998333388887034,0.49998333388887034,0.46665111162961237,0.46665111162961237,0.43331888937035434,0.39998666711109626,0.3666544448518383,0.33332222259258026,0.29999000033332224,0.2666577780740642,0.2666577780740642,0.23332555581480618,0.23332555581480618,0.19999333355554813,0.19999333355554813,0.16666111129629013,0.16666111129629013,0.16666111129629013,0.1333288890370321,0.1333288890370321,0.1333288890370321,0.1333288890370321,0.09999666677777407,0.09999666677777407,0.09999666677777407,0.09999666677777407,0.09999666677777407,0.06666444451851605,0.06666444451851605,0.06666444451851605,0.06666444451851605,0.06666444451851605,0.06666444451851605,0.033332222259258026,0.033332222259258026,0.033332222259258026,0.033332222259258026,0.033332222259258026,0.033332222259258026,0.0,0.0,0.0,0.0,0.0,0.0,0.0,0.0,0.0,0.0,0.0,0.0,0.0,0.0,0.0,0.0,0.0,0.0,0.0,0.0,0.0,0.0,0.0,0.0,0.0,0.0,0.0,0.0,0.0,0.0,0.0,0.0,0.0,0.0,0.0,0.0,0.0,0.0,0.0,0.0,0.0,0.0,0.0,0.0,0.0,0.0,0.0,0.0,0.0,0.0,0.0,0.0,0.0,0.0,0.0,0.0,0.0,0.0,0.0,0.0,0.0,0.0,0.0,0.0,0.0,0.0,0.0,0.0,0.0,0.0,0.0,0.0,0.0,0.0,0.0,0.0,0.0,0.0,0.0,0.0,0.0,0.0,0.0,0.0,0.0,0.0,0.0,0.0,0.0,0.0,0.0,0.0,0.0,0.0,0.0,0.0,0.0,0.0,0.0,0.0,0.0,0.0,0.0,0.0,0.0,0.0,0.0,0.0,0.0,0.0,0.0,0.0,0.0,0.0,0.0,0.0,0.0,0.0,0.0,0.0,0.0,0.0,0.0,0.0,0.0,0.0,0.0,0.0,0.0,0.0,0.0,0.0,0.0,0.0,0.0,0.0,0.0,0.0,0.0,0.0,0.0,0.0,0.0,0.0,0.0,0.0,0.0,0.0,0.0,0.0,0.0,0.0,0.0,0.0,0.0,0.0,0.0,0.0,0.0,0.0,0.0,0.0,0.0,0.0,0.0,0.0,0.0,0.0,0.0,0.0,0.0,0.0,0.0,0.0,0.0,0.0,0.0,0.0,0.0,0.0,0.0,0.0,0.0,0.0,0.0,0.0,0.0,0.0,0.0,0.0,0.0,0.0,0.0,0.0,0.0,0.0,0.0,0.0,0.0,0.0,0.0,0.0,0.0,0.0,0.0,0.0,0.0,0.0,0.0,0.0,0.0,0.0,0.0,0.0,0.0,0.033332222259258026,0.033332222259258026,0.033332222259258026
11028500,0.0588200694076819,0.0588200694076819,0.0588200694076819,0.0588200694076819,0.0588200694076819,0.0588200694076819,0.0588200694076819,0.0588200694076819,0.0588200694076819,0.0588200694076819,0.07058408328921886,0.1176401388153638,0.1176401388153638,0.1176401388153638,0.1176401388153638,0.17646020822304567,0.17646020822304567,0.2352802776307276,0.2352802776307276,0.2352802776307276,0.2352802776307276,0.2352802776307276,0.2352802776307276,0.2352802776307276,0.2941003470384095,0.2941003470384095,0.2941003470384095,0.2941003470384095,0.35292041644609135,0.35292041644609135,0.35292041644609135,0.35292041644609135,0.4117404858537733,0.4117404858537733,0.4117404858537733,0.4117404858537733,0.4705605552614552,0.4705605552614552,0.4705605552614552,0.4823245691429921,0.529380624669137,0.529380624669137,0.541144638550674,0.588200694076819,0.588200694076819,0.588200694076819,0.6470207634845009,0.6470207634845009,0.6470207634845009,0.6587847773660378,0.7058408328921827,0.7646609022998646,0.8352449855890834,0.8823010411152283,0.8823010411152283,0.8823010411152283,0.8823010411152283,0.9411211105229104,0.9411211105229104,0.9411211105229104,0.9411211105229104,0.9411211105229104,0.9411211105229104,0.9411211105229104,0.9999411799305923,0.9528851244044478,0.9999411799305923,0.9999411799305923,0.9999411799305923,0.9411211105229104,0.9411211105229104,0.9411211105229104,0.8823010411152283,0.8823010411152283,0.8234809717075466,0.8234809717075466,0.8234809717075466,0.8234809717075466,0.8234809717075466,0.7646609022998646,0.7646609022998646,0.7058408328921827,0.7058408328921827,0.6587847773660378,0.6470207634845009,0.6470207634845009,0.6470207634845009,0.588200694076819,0.588200694076819,0.529380624669137,0.529380624669137,0.529380624669137,0.529380624669137,0.529380624669137,0.529380624669137,0.529380624669137,0.529380624669137,0.4705605552614552,0.4705605552614552,0.4705605552614552,0.42350449973531024,0.4117404858537733,0.4117404858537733,0.4117404858537733,0.4117404858537733,0.35292041644609135,0.35292041644609135,0.35292041644609135,0.35292041644609135,0.2941003470384095,0.2941003470384095,0.2941003470384095,0.2352802776307276,0.2352802776307276,0.2352802776307276,0.2352802776307276,0.17646020822304567,0.17646020822304567,0.17646020822304567,0.1176401388153638,0.1176401388153638,0.1176401388153638,0.1176401388153638,0.07058408328921886,0.0588200694076819,0.0588200694076819,0.0588200694076819,0.0588200694076819,0.0588200694076819,0.0,0.0,0.0,0.0,0.0,0.0,0.0,0.0,0.0,0.0,0.0,0.0,0.0,0.0,0.0,0.0,0.0,0.0,0.0,0.0,0.0,0.0,0.0,0.0,0.0,0.0,0.0,0.0,0.0,0.0,0.0,0.0,0.0,0.0,0.0,0.0,0.0,0.0,0.0,0.0,0.0,0.0,0.0,0.0,0.0,0.0,0.0,0.0,0.0,0.0,0.0,0.0,0.0,0.0,0.0,0.0,0.0,0.0,0.0,0.0,0.0,0.0,0.0,0.0,0.0,0.0,0.0,0.0,0.0,0.0,0.0,0.0,0.0,0.0,0.0,0.0,0.0,0.0,0.0,0.0,0.0,0.0,0.0,0.0,0.0,0.0,0.0,0.0,0.0,0.0,0.0,0.0,0.0,0.0,0.0,0.0,0.0,0.0,0.0,0.0,0.0,0.0,0.0,0.0,0.0,0.0,0.0,0.0,0.0,0.0,0.0,0.0,0.0,0.0,0.0,0.0,0.0,0.0,0.0,0.0,0.0,0.0,0.0,0.0,0.0,0.0,0.0,0.0,0.0,0.0,0.0,0.0,0.0,0.0,0.0,0.0,0.0,0.0,0.0,0.0,0.0,0.0,0.0,0.0,0.0,0.0,0.0,0.0,0.0,0.0,0.0,0.0,0.0,0.0,0.0,0.0,0.0,0.0,0.0,0.0,0.0,0.0,0.0,0.0,0.0,0.0,0.0,0.0,0.0,0.0,0.0,0.0,0.0,0.0,0.0,0.0,0.0,0.0,0.0,0.0,0.0,0.0,0.0,0.0,0.0,0.0,0.0,0.0,0.0,0.0,0.0,0.0,0.0,0.0,0.0,0.0,0.0,0.0,0.0,0.0,0.0,0.0,0.0,0.0,0.0,0.0,0.0,0.0,0.0,0.0,0.0,0.0,0.0,0.0,0.0,0.0,0.0,0.0,0.0,0.0,0.0,0.0,0.0,0.0,0.0,0.0,0.0,0.0,0.0,0.0,0.0,0.0,0.0,0.0,0.0,0.0,0.0
11042400,0.6851820130462358,0.6851820130462358,0.6888856996032425,0.6944412294387525,0.6944412294387525,0.6925893861602493,0.687959777963991,0.6851820130462358,0.6851820130462358,0.6805524048499775,0.6759227966537191,0.6740709533752158,0.6712931884574608,0.6712931884574608,0.6712931884574608,0.6759227966537191,0.6759227966537191,0.6805524048499775,0.6805524048499775,0.6805524048499775,0.6805524048499775,0.6805524048499775,0.6805524048499775,0.6805524048499775,0.6759227966537191,0.6759227966537191,0.6805524048499775,0.6898116212424942,0.6944412294387525,0.6990708376350109,0.7037004458312692,0.7083300540275276,0.7083300540275276,0.7129596622237859,0.7129596622237859,0.7129596622237859,0.7175892704200443,0.7314780950088192,0.7453669195975944,0.7638853523826278,0.7916630015601779,0.8055518261489529,0.847218299915278,0.8518479081115363,0.8657367327003115,0.8842551654853449,0.8842551654853449,0.8981439900741199,0.9074032064666366,0.9212920310554116,0.939810463840445,0.9444400720367034,0.9675881130179951,0.9814769376067702,0.990736153999287,0.990736153999287,0.9999953703918038,0.9999953703918038,0.9999953703918038,0.9999953703918038,0.990736153999287,0.990736153999287,0.990736153999287,0.990736153999287,0.990736153999287,0.990736153999287,0.990736153999287,0.990736153999287,0.990736153999287,0.990736153999287,0.990736153999287,0.990736153999287,0.9536992884292201,0.9444400720367034,0.9444400720367034,0.9166624228591533,0.8981439900741199,0.8981439900741199,0.8796255572890865,0.8518479081115363,0.8518479081115363,0.8518479081115363,0.8518479081115363,0.8518479081115363,0.847218299915278,0.8101814343452113,0.8055518261489529,0.8055518261489529,0.8055518261489529,0.8055518261489529,0.7824037851676612,0.7731445687751445,0.7592557441863694,0.7592557441863694,0.7592557441863694,0.7592557441863694,0.7546261359901111,0.7453669195975944,0.7361077032050776,0.7222188786163026,0.7129596622237859,0.7129596622237859,0.6990708376350109,0.6759227966537191,0.6666635802612024,0.6666635802612024,0.648145147476169,0.6388859310836523,0.6296267146911356,0.6203674982986188,0.6203674982986188,0.6064786737098439,0.5972194573173272,0.5740714163360354,0.5740714163360354,0.555552983551002,0.5277753343734519,0.5277753343734519,0.5046272933921601,0.49999768519590176,0.4907384688033851,0.4814792524108684,0.4722200360183517,0.45833121142957667,0.43981277864454327,0.43055356225202657,0.42592395405576816,0.4212943458595098,0.4027759130744765,0.3935166966819598,0.38888708848570147,0.37962787209318477,0.370368655700668,0.3611094393081513,0.3518502229156346,0.3425910065231179,0.3333317901306012,0.32870218193434286,0.3240725737380845,0.31944296554182616,0.3148133573455678,0.3009245327567927,0.29629492456053436,0.29629492456053436,0.291665316364276,0.28703570816801777,0.27777649177550107,0.2731468835792427,0.26851727538298437,0.2592580589904676,0.2592580589904676,0.25462845079420926,0.24536923440169256,0.2407396262054342,0.2314804098129175,0.22222119342040084,0.2175915852241425,0.20833236883162576,0.2037027606353674,0.19907315243910906,0.185184327850334,0.1759251114578173,0.16203628686904226,0.1481474622802672,0.13425863769149216,0.1296290294952338,0.1203698131027171,0.11574020490645875,0.1111105967102004,0.10648098851394204,0.10648098851394204,0.09722177212142537,0.09722177212142537,0.08796255572890865,0.07870333933639195,0.0740737311401336,0.0648145147476169,0.0648145147476169,0.06018490655135855,0.0555552983551002,0.0555552983551002,0.05092569015884186,0.05092569015884186,0.0462960819625835,0.04166647376632515,0.03703686557006681,0.03240725737380845,0.0277776491775501,0.02314804098129175,0.02314804098129175,0.018518432785033404,0.018518432785033404,0.01388882458877505,0.01388882458877505,0.01388882458877505,0.01388882458877505,0.01388882458877505,0.01388882458877505,0.01388882458877505,0.01388882458877505,0.01388882458877505,0.01388882458877505,0.01388882458877505,0.009259216392516702,0.009259216392516702,0.009259216392516702,0.0046296081962583545,0.0046296081962583545,0.0046296081962583545,0.0046296081962583545,0.0046296081962583545,0.0046296081962583545,0.0046296081962583545,0.0,0.0,0.0,0.0,0.0,0.0,0.0,0.0,0.0046296081962583545,0.0046296081962583545,0.0046296081962583545,0.0,0.0,0.0,0.0,0.0,0.0,0.0,0.0,0.0,0.0,0.0,0.0046296081962583545,0.0046296081962583545,0.0046296081962583545,0.0046296081962583545,0.009259216392516702,0.009259216392516702,0.009259216392516702,0.009259216392516702,0.009259216392516702,0.009259216392516702,0.01388882458877505,0.01388882458877505,0.01388882458877505,0.018518432785033404,0.018518432785033404,0.018518432785033404,0.018518432785033404,0.02314804098129175,0.02314804098129175,0.02314804098129175,0.0277776491775501,0.0277776491775501,0.0277776491775501,0.0277776491775501,0.029629492456053442,0.03240725737380845,0.034259100652311796,0.03703686557006681,0.03703686557006681,0.03888870884857014,0.04166647376632515,0.04166647376632515,0.04166647376632515,0.04166647376632515,0.04166647376632515,0.0462960819625835,0.0462960819625835,0.0462960819625835,0.05092569015884186,0.05092569015884186,0.05092569015884186,0.0555552983551002,0.0555552983551002,0.0555552983551002,0.0555552983551002,0.06018490655135855,0.06018490655135855,0.0648145147476169,0.0648145147476169,0.06944412294387525,0.0740737311401336,0.0740737311401336,0.0740737311401336,0.07870333933639195,0.0833329475326503,0.08796255572890865,0.092592163925167,0.09722177212142537,0.10185138031768372,0.10185138031768372,0.1111105967102004,0.11574020490645875,0.1203698131027171,0.1203698131027171,0.1296290294952338,0.13425863769149216,0.13425863769149216,0.1388882458877505,0.14351785408400886,0.1481474622802672,0.15277707047652556,0.1574066786727839,0.1666658950653006,0.17129550326155896,0.1759251114578173,0.18055471965407566,0.185184327850334,0.1944435442428507,0.1944435442428507,0.1944435442428507,0.1944435442428507,0.1944435442428507,0.2037027606353674,0.20833236883162576,0.2129619770278841,0.2175915852241425,0.2268508016166592,0.2314804098129175,0.24999884259795094,0.25462845079420926,0.263887667186726,0.263887667186726,0.2824060999717594,0.2824060999717594,0.28703570816801777,0.28703570816801777,0.291665316364276,0.3009245327567927,0.30555414095305106,0.3101837491493094,0.3148133573455678,0.3240725737380845,0.3240725737380845,0.3240725737380845,0.32870218193434286,0.32870218193434286,0.33796139832685956,0.3425910065231179,0.35647983111189296,0.3611094393081513,0.37962787209318477,0.3935166966819598,0.4120351294669931,0.4351831704482849,0.4351831704482849,0.4351831704482849,0.4351831704482849,0.4537016032333183,0.4722200360183517,0.49999768519590176,0.5277753343734519,0.5277753343734519,0.5509233753547437,0.5648121999435187,0.5740714163360354,0.5879602409248105,0.5925898491210688,0.6064786737098439,0.6203674982986188,0.6203674982986188,0.6203674982986188
11043000,0.3461405330564209,0.3461405330564209,0.3461405330564209,0.3461405330564209,0.3461405330564209,0.3461405330564209,0.3461405330564209,0.3461405330564209,0.3461405330564209,0.3461405330564209,0.3461405330564209,0.3461405330564209,0.3461405330564209,0.3461405330564209,0.3461405330564209,0.3461405330564209,0.3461405330564209,0.3846005922849121,0.3846005922849121,0.3846005922849121,0.42306065151340333,0.4615207107418945,0.4615207107418945,0.4615207107418945,0.4615207107418945,0.4615207107418945,0.4615207107418945,0.4615207107418945,0.4615207107418945,0.4615207107418945,0.4999807699703857,0.4999807699703857,0.4999807699703857,0.4999807699703857,0.4999807699703857,0.4999807699703857,0.4999807699703857,0.5384408291988769,0.5384408291988769,0.5384408291988769,0.5384408291988769,0.5769008884273681,0.5769008884273681,0.5769008884273681,0.6615130187300492,0.730741125341333,0.730741125341333,0.7692011845698242,0.7768931964155228,0.8076612437983154,0.8076612437983154,0.8076612437983154,0.8461213030268067,0.8845813622552978,0.9230414214837891,0.9230414214837891,0.9230414214837891,0.9230414214837891,0.930733433329488,0.9999615399407714,0.9999615399407714,0.930733433329488,0.9230414214837891,0.8845813622552978,0.8845813622552978,0.8845813622552978,0.8845813622552978,0.8845813622552978,0.8845813622552978,0.8538133148725052,0.8461213030268067,0.8461213030268067,0.8461213030268067,0.8076612437983154,0.7692011845698242,0.730741125341333,0.6922810661128418,0.6538210068843506,0.6538210068843506,0.6538210068843506,0.6153609476558594,0.6153609476558594,0.6153609476558594,0.5769008884273681,0.5384408291988769,0.5384408291988769,0.4999807699703857,0.4999807699703857,0.4999807699703857,0.4615207107418945,0.4615207107418945,0.4615207107418945,0.4615207107418945,0.4615207107418945,0.42306065151340333,0.42306065151340333,0.42306065151340333,0.42306065151340333,0.3846005922849121,0.3846005922849121,0.3846005922849121,0.3846005922849121,0.3846005922849121,0.3846005922849121,0.3846005922849121,0.3846005922849121,0.3846005922849121,0.3846005922849121,0.3846005922849121,0.3846005922849121,0.3846005922849121,0.3846005922849121,0.3846005922849121,0.3846005922849121,0.3538325449021195,0.3538325449021195,0.3461405330564209,0.3461405330564209,0.3461405330564209,0.3461405330564209,0.3461405330564209,0.3538325449021195,0.3846005922849121,0.3846005922849121,0.3846005922849121,0.3846005922849121,0.3846005922849121,0.3846005922849121,0.3846005922849121,0.3846005922849121,0.3846005922849121,0.3846005922849121,0.3846005922849121,0.3461405330564209,0.3461405330564209,0.3076804738279297,0.26922041459943846,0.26922041459943846,0.26922041459943846,0.26922041459943846,0.26922041459943846,0.26922041459943846,0.26922041459943846,0.26922041459943846,0.26922041459943846,0.26922041459943846,0.26922041459943846,0.26922041459943846,0.26922041459943846,0.26922041459943846,0.26922041459943846,0.26922041459943846,0.26922041459943846,0.23845236721664587,0.23076035537094725,0.23076035537094725,0.23076035537094725,0.23076035537094725,0.19230029614245606,0.19230029614245606,0.19230029614245606,0.23076035537094725,0.23076035537094725,0.23076035537094725,0.23076035537094725,0.23076035537094725,0.23076035537094725,0.23076035537094725,0.23076035537094725,0.23076035537094725,0.23076035537094725,0.19230029614245606,0.19230029614245606,0.19230029614245606,0.19230029614245606,0.19230029614245606,0.19230029614245606,0.19230029614245606,0.19230029614245606,0.19230029614245606,0.19230029614245606,0.19230029614245606,0.19230029614245606,0.19230029614245606,0.19230029614245606,0.19230029614245606,0.19230029614245606,0.15384023691396487,0.15384023691396487,0.15384023691396487,0.15384023691396487,0.15384023691396487,0.15384023691396487,0.15384023691396487,0.15384023691396487,0.15384023691396487,0.11538017768547362,0.11538017768547362,0.11538017768547362,0.11538017768547362,0.11538017768547362,0.11538017768547362,0.11538017768547362,0.11538017768547362,0.11538017768547362,0.11538017768547362,0.11538017768547362,0.11538017768547362,0.11538017768547362,0.11538017768547362,0.11538017768547362,0.11538017768547362,0.11538017768547362,0.11538017768547362,0.07692011845698243,0.07692011845698243,0.07692011845698243,0.07692011845698243,0.07692011845698243,0.07692011845698243,0.07692011845698243,0.07692011845698243,0.07692011845698243,0.07692011845698243,0.07692011845698243,0.07692011845698243,0.07692011845698243,0.07692011845698243,0.07692011845698243,0.07692011845698243,0.07692011845698243,0.07692011845698243,0.07692011845698243,0.03846005922849122,0.03846005922849122,0.03846005922849122,0.03846005922849122,0.03846005922849122,0.03846005922849122,0.03846005922849122,0.03846005922849122,0.03846005922849122,0.03846005922849122,0.03846005922849122,0.03846005922849122,0.03846005922849122,0.03846005922849122,0.03846005922849122,0.03846005922849122,0.03846005922849122,0.03846005922849122,0.03846005922849122,0.03846005922849122,0.03846005922849122,0.0,0.0,0.0,0.0,0.0,0.007692011845698623,0.03846005922849122,0.03846005922849122,0.03846005922849122,0.03846005922849122,0.03846005922849122,0.03846005922849122,0.03846005922849122,0.03846005922849122,0.03846005922849122,0.03846005922849122,0.03846005922849122,0.03846005922849122,0.03846005922849122,0.03846005922849122,0.03846005922849122,0.03846005922849122,0.03846005922849122,0.03846005922849122,0.07692011845698243,0.07692011845698243,0.07692011845698243,0.07692011845698243,0.07692011845698243,0.07692011845698243,0.07692011845698243,0.07692011845698243,0.07692011845698243,0.07692011845698243,0.07692011845698243,0.07692011845698243,0.07692011845698243,0.07692011845698243,0.07692011845698243,0.03846005922849122,0.03846005922849122,0.03846005922849122,0.03846005922849122,0.03846005922849122,0.03846005922849122,0.03846005922849122,0.03846005922849122,0.03846005922849122,0.03846005922849122,0.03846005922849122,0.03846005922849122,0.03846005922849122,0.03846005922849122,0.0,0.0,0.0,0.0,0.0,0.0,0.0,0.0,0.0,0.0,0.0,0.0,0.0,0.0,0.0,0.0,0.0,0.0,0.0,0.0,0.0,0.0,0.0,0.007692011845698623,0.03846005922849122,0.03846005922849122,0.03846005922849122,0.03846005922849122,0.03846005922849122,0.07692011845698243,0.07692011845698243,0.07692011845698243,0.07692011845698243,0.08461213030268105,0.11538017768547362,0.11538017768547362,0.11538017768547362,0.11538017768547362,0.11538017768547362,0.15384023691396487,0.15384023691396487,0.15384023691396487,0.15384023691396487,0.15384023691396487,0.15384023691396487,0.15384023691396487,0.15384023691396487,0.15384023691396487,0.1615322487596635,0.19230029614245606,0.19230029614245606,0.19230029614245606,0.19230029614245606,0.19230029614245606,0.23076035537094725,0.23076035537094725,0.23076035537094725,0.23845236721664587,0.26922041459943846
11044000,0.5624964843969726,0.5624964843969726,0.5624964843969726,0.5624964843969726,0.5624964843969726,0.5624964843969726,0.5624964843969726,0.5124967968950206,0.49999687501953116,0.49999687501953116,0.49999687501953116,0.49999687501953116,0.49999687501953116,0.49999687501953116,0.49999687501953116,0.49999687501953116,0.49999687501953116,0.5624964843969726,0.5624964843969726,0.5624964843969726,0.5624964843969726,0.49999687501953116,0.49999687501953116,0.5124967968950206,0.5624964843969726,0.5624964843969726,0.5749964062724621,0.6249960937744141,0.6874957031518553,0.6999956250273447,0.7499953125292967,0.8124949219067381,0.8249948437822275,0.8749945312841796,0.8749945312841796,0.8749945312841796,0.8749945312841796,0.8749945312841796,0.9374941406616211,0.9699939375378912,0.9999937500390622,0.9999937500390622,0.9999937500390622,0.9999937500390622,0.9999937500390622,0.9999937500390622,0.9999937500390622,0.9624939844125976,0.9624939844125976,0.9624939844125976,0.9699939375378912,0.9999937500390622,0.9999937500390622,0.9999937500390622,0.9999937500390622,0.9374941406616211,0.9374941406616211,0.9374941406616211,0.9374941406616211,0.9374941406616211,0.9374941406616211,0.9374941406616211,0.9374941406616211,0.9374941406616211,0.9374941406616211,0.9374941406616211,0.9374941406616211,0.9374941406616211,0.9374941406616211,0.9374941406616211,0.9374941406616211,0.9374941406616211,0.9374941406616211,0.9374941406616211,0.9374941406616211,0.9374941406616211,0.9374941406616211,0.9999937500390622,0.9999937500390622,0.9999937500390622,0.9999937500390622,0.9374941406616211,0.9374941406616211,0.9374941406616211,0.8749945312841796,0.8749945312841796,0.887494453159669,0.9374941406616211,0.9374941406616211,0.9374941406616211,0.9374941406616211,0.9137442890981934,0.9137442890981934,0.9374941406616211,0.9224942344110354,0.9074943281604492,0.8749945312841796,0.8749945312841796,0.8749945312841796,0.8749945312841796,0.8749945312841796,0.837494765657715,0.8124949219067381,0.8124949219067381,0.7624952344047861,0.8124949219067381,0.8124949219067381,0.8124949219067381,0.8124949219067381,0.8124949219067381,0.8124949219067381,0.8124949219067381,0.8124949219067381,0.8124949219067381,0.8124949219067381,0.8124949219067381,0.8124949219067381,0.8124949219067381,0.8124949219067381,0.8124949219067381,0.8124949219067381,0.8124949219067381,0.8124949219067381,0.8124949219067381,0.8124949219067381,0.8124949219067381,0.8124949219067381,0.8224948594071296,0.8749945312841796,0.8749945312841796,0.9374941406616211,0.9374941406616211,0.9374941406616211,0.9649939687876958,0.9999937500390622,0.9999937500390622,0.9999937500390622,0.9999937500390622,0.9999937500390622,0.9999937500390622,0.9999937500390622,0.9999937500390622,0.9999937500390622,0.9999937500390622,0.9999937500390622,0.9999937500390622,0.9999937500390622,0.9999937500390622,0.9999937500390622,0.9999937500390622,0.9999937500390622,0.9999937500390622,0.9999937500390622,0.9999937500390622,0.9999937500390622,0.9999937500390622,0.9999937500390622,0.9999937500390622,0.9999937500390622,0.9999937500390622,0.9499940625371099,0.9374941406616211,0.9374941406616211,0.9374941406616211,0.9374941406616211,0.9374941406616211,0.9374941406616211,0.9374941406616211,0.9374941406616211,0.9374941406616211,0.9374941406616211,0.9374941406616211,0.9374941406616211,0.9374941406616211,0.9374941406616211,0.9374941406616211,0.9374941406616211,0.9224942344110354,0.883744476597022,0.8749945312841796,0.8749945312841796,0.8749945312841796,0.8749945312841796,0.8749945312841796,0.8749945312841796,0.8749945312841796,0.8749945312841796,0.8749945312841796,0.8162448984693845,0.8124949219067381,0.8124949219067381,0.8124949219067381,0.8124949219067381,0.8124949219067381,0.7499953125292967,0.7499953125292967,0.7499953125292967,0.7499953125292967,0.7499953125292967,0.7499953125292967,0.7499953125292967,0.7499953125292967,0.7499953125292967,0.6874957031518553,0.6874957031518553,0.6874957031518553,0.6874957031518553,0.6874957031518553,0.6874957031518553,0.6874957031518553,0.6874957031518553,0.6874957031518553,0.6874957031518553,0.6874957031518553,0.6874957031518553,0.6874957031518553,0.6874957031518553,0.6874957031518553,0.6874957031518553,0.6874957031518553,0.6874957031518553,0.6874957031518553,0.6874957031518553,0.6999956250273447,0.7499953125292967,0.7499953125292967,0.7499953125292967,0.7499953125292967,0.7499953125292967,0.7512453047168457,0.8124949219067381,0.8124949219067381,0.8124949219067381,0.8124949219067381,0.8124949219067381,0.8124949219067381,0.8124949219067381,0.8749945312841796,0.8749945312841796,0.8749945312841796,0.8749945312841796,0.8749945312841796,0.8749945312841796,0.8749945312841796,0.8749945312841796,0.8749945312841796,0.8749945312841796,0.8749945312841796,0.8749945312841796,0.8749945312841796,0.8749945312841796,0.8749945312841796,0.8749945312841796,0.8749945312841796,0.8749945312841796,0.8749945312841796,0.8124949219067381,0.8124949219067381,0.8124949219067381,0.8124949219067381,0.7499953125292967,0.7499953125292967,0.7499953125292967,0.7499953125292967,0.7499953125292967,0.7499953125292967,0.7499953125292967,0.7499953125292967,0.6874957031518553,0.6874957031518553,0.6874957031518553,0.6874957031518553,0.6874957031518553,0.6874957031518553,0.6874957031518553,0.6874957031518553,0.6874957031518553,0.6874957031518553,0.6874957031518553,0.6874957031518553,0.6874957031518553,0.6874957031518553,0.6874957031518553,0.6874957031518553,0.6874957031518553,0.6874957031518553,0.6874957031518553,0.6874957031518553,0.6874957031518553,0.6874957031518553,0.6249960937744141,0.6249960937744141,0.6249960937744141,0.6249960937744141,0.5624964843969726,0.5624964843969726,0.49999687501953116,0.49999687501953116,0.43749726564208974,0.43749726564208974,0.3749976562646484,0.31249804688720695,0.24999843750976566,0.24999843750976566,0.1874988281323242,0.1874988281323242,0.1874988281323242,0.1874988281323242,0.12499921875488276,0.12499921875488276,0.12499921875488276,0.12499921875488276,0.06249960937744145,0.06249960937744145,0.06249960937744145,0.06249960937744145,0.06249960937744145,0.0,0.0,0.0,0.06249960937744145,0.06249960937744145,0.06249960937744145,0.06249960937744145,0.06249960937744145,0.06249960937744145,0.06249960937744145,0.11499928125449213,0.12499921875488276,0.12499921875488276,0.12499921875488276,0.12499921875488276,0.12499921875488276,0.12499921875488276,0.12499921875488276,0.12499921875488276,0.12499921875488276,0.12499921875488276,0.12499921875488276,0.1874988281323242,0.1874988281323242,0.1874988281323242,0.1874988281323242,0.1874988281323242,0.1874988281323242,0.1874988281323242,0.1874988281323242,0.1874988281323242,0.1874988281323242,0.1874988281323242,0.1874988281323242,0.1874988281323242,0.1874988281323242,0.1874988281323242,0.24999843750976566,0.24999843750976566,0.24999843750976566,0.24999843750976566,0.24999843750976566,0.24999843750976566,0.24999843750976566,0.24999843750976566,0.24999843750976566,0.24999843750976566,0.2624983593852549,0.31249804688720695
11046000,0.510181354380587,0.5181813471078663,0.5254540677690293,0.5367267847938321,0.5378176928930065,0.538908600992181,0.5399995090913554,0.5392722370252391,0.5385449649591229,0.5381813289260646,0.538908600992181,0.5381813289260646,0.5392722370252391,0.5399995090913554,0.5399995090913554,0.548363137851693,0.5545449504136815,0.5572722206616176,0.5736358421492344,0.58436310512445,0.5930903699178456,0.6007267266120668,0.608544901322817,0.6112721715707532,0.6174539841327417,0.6350903317360621,0.6503630451245045,0.6650903044633597,0.6758175674385751,0.6790902917360985,0.6905448267774303,0.7192720733890243,0.7323629705791178,0.7752720224799798,0.780726562975852,0.7903629178518928,0.799999272727934,0.8069083573560389,0.8090901735543877,0.8239992509097719,0.8314537895874641,0.835817421984162,0.8407265084304468,0.8509083173560751,0.8541810416535986,0.8556355857858312,0.8636355785131105,0.864726486612285,0.8645446685957558,0.8661810307445176,0.8650901226453431,0.8658173947114594,0.8847264684304832,0.9090900826453795,0.9090900826453795,0.9090900826453795,0.927271884298287,0.9363627851247409,0.9363627851247409,0.9454536859511946,0.9636354876041022,0.9818172892570098,0.9818172892570098,0.9818172892570098,0.9999990909099173,0.9999990909099173,0.9999990909099173,0.9999990909099173,0.9999990909099173,0.9999990909099173,0.9999990909099173,0.9999990909099173,0.9999990909099173,0.9999990909099173,0.9818172892570098,0.9636354876041022,0.9363627851247409,0.9090900826453795,0.8792719279346112,0.8714537532238608,0.8479992290916099,0.8369083300833363,0.799999272727934,0.778181110744445,0.754544768595665,0.732726606612176,0.7265447940501873,0.7032720879344657,0.6839993781823835,0.6674539386782375,0.6603630360336038,0.6523630433063243,0.6429085064468125,0.634726695703004,0.6238176147112594,0.6145448958682768,0.5978176383476016,0.5879994654550316,0.5794540186781649,0.5749085682649381,0.5769085664467578,0.5749085682649381,0.5727267520665891,0.5641813052897225,0.5636358512401353,0.5614540350417864,0.5583631287607922,0.5510904080996292,0.52727224793432,0.5249086137194422,0.5156358948764592,0.5067268120665346,0.49999954545495867,0.4914540986780922,0.4899995545458595,0.481454107768993,0.4712722988433648,0.464726850248318,0.4629086700830273,0.45418140528963163,0.44545414049623594,0.44018141801689276,0.4341814234714332,0.4272723388433284,0.4199996181821653,0.4165450758681129,0.407090539008601,0.3961814580168564,0.3834541968598212,0.3647269411573263,0.3636360330581518,0.354545132231698,0.34636332148788956,0.33818151074408115,0.32654515768622033,0.3150906226448885,0.306545175868022,0.2989088191738008,0.28181792562006763,0.2727270247936138,0.2574543114051715,0.24799977454565958,0.2356361494216824,0.22727252066134487,0.21872707388447832,0.2032725424795069,0.19272709752082046,0.18509074082659926,0.17527256793402923,0.1636362148761683,0.1514544077687202,0.13599987636374877,0.11818171074389933,0.10909080991744553,0.09999990909099175,0.08618173983478203,0.06909084628104883,0.04890904644632148,0.009272718842982907,0.0,0.0,0.0,0.0,0.0,0.0,0.0,0.0,0.0,0.0,0.0,0.0,0.0,0.0,0.0,0.0,0.0,0.0,0.0,0.0,0.0,0.0,0.0,0.0,0.0,0.0,0.0,0.0,0.0,0.0,0.0,0.0,0.0,0.0,0.0,0.0,0.0,0.0,0.0,0.0,0.0,0.0,0.0,0.0,0.0,0.0,0.0,0.0,0.0,0.0,0.0,0.0,0.0,0.0,0.0,0.0,0.0,0.0,0.0,0.0,0.0,0.0,0.0,0.0,0.0,0.0,0.0,0.0,0.0,0.0,0.0,0.0,0.0,0.0,0.0,0.0,0.0,0.0,0.0,0.0,0.0,0.0,0.0,0.0,0.0,0.0,0.0,0.0,0.0,0.0,0.0,0.0,0.0,0.0,0.0,0.0,0.0,0.0,0.0,0.0,0.0,0.0,0.0,0.0,0.0,0.0,0.0,0.0,0.0,0.0,0.0,0.0,0.0,0.0,0.0,0.0,0.0,0.0,0.0,0.0,0.0,0.0,0.0,0.0,0.0,0.0,0.0,0.0,0.0,0.0,0.0,0.0,0.0,0.0,0.0,0.0,0.0,0.0,0.0,0.0,0.0,0.0,0.0,0.0,0.0,0.0,0.0,0.0,0.0,0.0,0.0,0.0,0.0,0.0,0.0,0.0,0.0,0.0,0.0,0.0,0.0,0.0,0.0,0.0,0.0,0.0,0.0,0.0,0.0,0.0,0.0,0.0,0.0,0.0,0.0,0.0,0.0,0.0,0.0,0.0,0.0,0.0,0.0,0.03381815107440815,0.09072719024800886,0.10981808198356185,0.13199988000010918,0.1523634978513656,0.16963620942162783,0.1763634760332036,0.1854543768596574,0.20454526859521038,0.2118179892563734,0.2336361512398625,0.24727250247954322,0.26363612396716,0.27909065537213146,0.28999973636387605,0.2999997272729752,0.309090628099429,0.3181815289258828,0.32454515950440044,0.3363633305787904,0.34545423140524417,0.369090573554024,0.38218147074411757,0.39381782380197844
11051500,0.5152336730135976,0.5152336730135976,0.5152336730135976,0.5152336730135976,0.5152336730135976,0.5152336730135976,0.5152336730135976,0.4875329379053402,0.4875329379053402,0.4875329379053402,0.4875329379053402,0.5152336730135976,0.5152336730135976,0.5152336730135976,0.5152336730135976,0.5152336730135976,0.54985959189892,0.54985959189892,0.54985959189892,0.54985959189892,0.5152336730135976,0.5152336730135976,0.5152336730135976,0.5152336730135976,0.5152336730135976,0.5152336730135976,0.5152336730135976,0.5152336730135976,0.5152336730135976,0.54985959189892,0.556784775675985,0.5844855107842424,0.5844855107842424,0.5914106945613075,0.6191114296695648,0.6191114296695648,0.6191114296695648,0.6260366134466299,0.6537373485548873,0.6537373485548873,0.6606625323319524,0.6883632674402097,0.722989186325532,0.7576151052108544,0.7645402889879196,0.8268669429814993,0.8614928618668218,0.8614928618668218,0.8961187807521441,0.8961187807521441,0.8961187807521441,0.9030439645292092,0.9307446996374665,0.9307446996374665,0.9307446996374665,0.9307446996374665,0.965370618522789,0.965370618522789,0.965370618522789,0.965370618522789,0.965370618522789,0.965370618522789,0.965370618522789,0.965370618522789,0.965370618522789,0.965370618522789,0.965370618522789,0.9722958022998541,0.9999965374081115,0.9999965374081115,0.9999965374081115,0.9999965374081115,0.9722958022998541,0.965370618522789,0.965370618522789,0.965370618522789,0.965370618522789,0.965370618522789,0.965370618522789,0.9307446996374665,0.905814038040035,0.8968112991298506,0.905814038040035,0.8968112991298506,0.8968112991298506,0.8968112991298506,0.8961187807521441,0.8961187807521441,0.8961187807521441,0.8961187807521441,0.8961187807521441,0.8961187807521441,0.8961187807521441,0.8961187807521441,0.8961187807521441,0.8961187807521441,0.8961187807521441,0.8961187807521441,0.8961187807521441,0.8961187807521441,0.8961187807521441,0.8739581926655382,0.8628778986222349,0.8628778986222349,0.8614928618668218,0.8614928618668218,0.8614928618668218,0.8614928618668218,0.8614928618668218,0.8268669429814993,0.7998587262509478,0.7922410240961769,0.7756205830312224,0.7576151052108544,0.7576151052108544,0.722989186325532,0.722989186325532,0.6952884512172748,0.6883632674402097,0.6883632674402097,0.6537373485548873,0.6419645361338777,0.6198039480472711,0.6108012091370876,0.5844855107842424,0.54985959189892,0.48060775412827517,0.4459818352429527,0.41135591635763025,0.3767299974723079,0.34210407858698544,0.34210407858698544,0.34210407858698544,0.3074781597016631,0.3074781597016631,0.3074781597016631,0.3074781597016631,0.27285224081634063,0.26661957541698267,0.2631569835284504,0.25623179975138594,0.24930661597432152,0.24515150570808272,0.23268617490936674,0.22506847275459574,0.214680697088999,0.2077555133119346,0.20360040304569582,0.20360040304569582,0.2008303295348701,0.20013781115716356,0.19667521926863132,0.19667521926863132,0.19667521926863132,0.1932126273800991,0.1932126273800991,0.18975003549156683,0.18697996198074113,0.17589966793743786,0.16274181876101543,0.15512411660624442,0.15235404309541867,0.1516615247177122,0.14819893282917992,0.14196626742982196,0.14127374905211545,0.1378111571635832,0.13088597338651872,0.12742338149798646,0.12119071609862854,0.11426553232156404,0.10664783016679304,0.10110768314514156,0.09626005450119629,0.0893348707241318,0.08310220532477383,0.07963961343624157,0.07202191128147059,0.06509672750440612,0.05817154372734163,0.05817154372734163,0.05817154372734163,0.05817154372734163,0.05470895183880938,0.05470895183880938,0.05470895183880938,0.05193887832798367,0.05124635995027714,0.04847628643945142,0.04501369455091918,0.04085858428468042,0.03808851077385469,0.03462591888532242,0.03393340050761593,0.03393340050761593,0.03393340050761593,0.03393340050761593,0.03393340050761593,0.03393340050761593,0.031163326996790176,0.03047080861908369,0.03047080861908369,0.03047080861908369,0.03047080861908369,0.03047080861908369,0.03047080861908369,0.02770073510825793,0.027008216730551444,0.027008216730551444,0.027008216730551444,0.027008216730551444,0.027008216730551444,0.027008216730551444,0.027008216730551444,0.027008216730551444,0.024238143219725724,0.02354562484201922,0.02354562484201922,0.020083032953486974,0.017312959442661233,0.01662044106495473,0.013157849176422484,0.013157849176422484,0.009695257287890238,0.009695257287890238,0.0062326653993580025,0.0062326653993580025,0.0062326653993580025,0.0062326653993580025,0.0062326653993580025,0.0062326653993580025,0.0062326653993580025,0.0062326653993580025,0.0034625918885322353,0.0027700735108257576,0.0027700735108257576,0.0034625918885322353,0.0034625918885322353,0.0034625918885322353,0.0034625918885322353,0.0027700735108257576,0.0027700735108257576,0.0027700735108257576,0.0027700735108257576,0.0027700735108257576,0.0,0.0,0.0027700735108257576,0.0027700735108257576,0.0027700735108257576,0.0034625918885322353,0.0062326653993580025,0.0062326653993580025,0.00692518377706448,0.009695257287890238,0.009695257287890238,0.009695257287890238,0.009695257287890238,0.009695257287890238,0.00692518377706448,0.0062326653993580025,0.0062326653993580025,0.0062326653993580025,0.0062326653993580025,0.0062326653993580025,0.0062326653993580025,0.0062326653993580025,0.0062326653993580025,0.0062326653993580025,0.0062326653993580025,0.0062326653993580025,0.0062326653993580025,0.0062326653993580025,0.0062326653993580025,0.0062326653993580025,0.0062326653993580025,0.0062326653993580025,0.0062326653993580025,0.0062326653993580025,0.0062326653993580025,0.0062326653993580025,0.0062326653993580025,0.0062326653993580025,0.0062326653993580025,0.0062326653993580025,0.0062326653993580025,0.0062326653993580025,0.009695257287890238,0.010387775665596725,0.01385036755412897,0.01662044106495473,0.01662044106495473,0.01662044106495473,0.017312959442661233,0.020083032953486974,0.020083032953486974,0.017312959442661233,0.017312959442661233,0.017312959442661233,0.017312959442661233,0.017312959442661233,0.01662044106495473,0.01662044106495473,0.01662044106495473,0.01662044106495473,0.01662044106495473,0.01662044106495473,0.01662044106495473,0.017312959442661233,0.017312959442661233,0.017312959442661233,0.017312959442661233,0.020083032953486974,0.020083032953486974,0.017312959442661233,0.01662044106495473,0.01662044106495473,0.01662044106495473,0.01662044106495473,0.01385036755412897,0.013157849176422484,0.013157849176422484,0.01385036755412897,0.01662044106495473,0.020083032953486974,0.031163326996790176,0.05817154372734163,0.07894709505853507,0.08240968694706732,0.08240968694706732,0.08240968694706732,0.08310220532477383,0.09348998099037054,0.09695257287890278,0.158586708494777,0.17312959442661213,0.1793622598259701,0.18490240684762188,0.1939051457578056,0.20013781115716356,0.20360040304569582,0.21398817871129253,0.2354562484201925,0.23891884030872468,0.24238143219725702,0.25207668948514717,0.27285224081634063,0.3074781597016631,0.3074781597016631,0.34210407858698544,0.34210407858698544,0.34210407858698544,0.34210407858698544,0.3767299974723079,0.41135591635763025,0.41135591635763025,0.4182811001346953,0.4459818352429527,0.4459818352429527,0.4459818352429527,0.48060775412827517,0.48060775412827517,0.48060775412827517,0.48060775412827517,0.48060775412827517,0.48060775412827517
11057500,0.6899655017249141,0.579971001449927,0.5499725013749311,0.44997750112494367,0.44997750112494367,0.39998000099994996,0.3799810009499535,0.34998250087495625,0.34998250087495625,0.34998250087495625,0.34998250087495625,0.34998250087495625,0.34998250087495625,0.34998250087495625,0.34998250087495625,0.2999850007499625,0.2999850007499625,0.2999850007499625,0.24998750062496874,0.24998750062496874,0.24998750062496874,0.24998750062496874,0.24998750062496874,0.24998750062496874,0.24998750062496874,0.19999000049997498,0.19999000049997498,0.19999000049997498,0.19999000049997498,0.14999250037498124,0.14999250037498124,0.14999250037498124,0.14999250037498124,0.19999000049997498,0.19999000049997498,0.19999000049997498,0.19999000049997498,0.19999000049997498,0.19999000049997498,0.19999000049997498,0.19999000049997498,0.19999000049997498,0.19999000049997498,0.19999000049997498,0.19999000049997498,0.24998750062496874,0.24998750062496874,0.24998750062496874,0.2999850007499625,0.34998250087495625,0.34998250087495625,0.39998000099994996,0.34998250087495625,0.39998000099994996,0.39998000099994996,0.44997750112494367,0.4999750012499375,0.4999750012499375,0.5499725013749311,0.5499725013749311,0.599970001499925,0.6499675016249187,0.6499675016249187,0.599970001499925,0.6499675016249187,0.6499675016249187,0.6999650017499125,0.7499625018749061,0.7499625018749061,0.7499625018749061,0.7499625018749061,0.7499625018749061,0.7499625018749061,0.7499625018749061,0.6999650017499125,0.6999650017499125,0.6499675016249187,0.599970001499925,0.5499725013749311,0.4999750012499375,0.4999750012499375,0.4999750012499375,0.44997750112494367,0.44997750112494367,0.39998000099994996,0.39998000099994996,0.39998000099994996,0.34998250087495625,0.2999850007499625,0.24998750062496874,0.24998750062496874,0.24998750062496874,0.24998750062496874,0.19999000049997498,0.19999000049997498,0.14999250037498124,0.09999500024998749,0.049997500124993745,0.049997500124993745,0.0,0.0,0.0,0.0,0.0,0.0,0.0,0.0,0.0,0.0,0.0,0.0,0.0,0.0,0.0,0.049997500124993745,0.049997500124993745,0.049997500124993745,0.09999500024998749,0.049997500124993745,0.09999500024998749,0.09999500024998749,0.09999500024998749,0.049997500124993745,0.049997500124993745,0.049997500124993745,0.049997500124993745,0.049997500124993745,0.049997500124993745,0.049997500124993745,0.09999500024998749,0.09999500024998749,0.09999500024998749,0.09999500024998749,0.09999500024998749,0.09999500024998749,0.09999500024998749,0.09999500024998749,0.09999500024998749,0.09999500024998749,0.09999500024998749,0.14999250037498124,0.14999250037498124,0.14999250037498124,0.14999250037498124,0.14999250037498124,0.14999250037498124,0.14999250037498124,0.14999250037498124,0.14999250037498124,0.14999250037498124,0.14999250037498124,0.14999250037498124,0.09999500024998749,0.09999500024998749,0.09999500024998749,0.09999500024998749,0.09999500024998749,0.09999500024998749,0.049997500124993745,0.049997500124993745,0.049997500124993745,0.049997500124993745,0.049997500124993745,0.049997500124993745,0.049997500124993745,0.049997500124993745,0.049997500124993745,0.0,0.0,0.0,0.0,0.0,0.0,0.0,0.0,0.0,0.0,0.0,0.0,0.0,0.0,0.0,0.0,0.0,0.0,0.0,0.0,0.0,0.0,0.0,0.0,0.0,0.0,0.0,0.0,0.0,0.0,0.0,0.0,0.0,0.0,0.049997500124993745,0.049997500124993745,0.049997500124993745,0.049997500124993745,0.049997500124993745,0.049997500124993745,0.049997500124993745,0.049997500124993745,0.049997500124993745,0.049997500124993745,0.09999500024998749,0.09999500024998749,0.09999500024998749,0.09999500024998749,0.09999500024998749,0.09999500024998749,0.09999500024998749,0.09999500024998749,0.09999500024998749,0.09999500024998749,0.09999500024998749,0.09999500024998749,0.09999500024998749,0.09999500024998749,0.09999500024998749,0.09999500024998749,0.09999500024998749,0.09999500024998749,0.049997500124993745,0.049997500124993745,0.049997500124993745,0.049997500124993745,0.049997500124993745,0.049997500124993745,0.049997500124993745,0.049997500124993745,0.049997500124993745,0.049997500124993745,0.049997500124993745,0.049997500124993745,0.049997500124993745,0.049997500124993745,0.049997500124993745,0.049997500124993745,0.049997500124993745,0.049997500124993745,0.049997500124993745,0.049997500124993745,0.049997500124993745,0.049997500124993745,0.049997500124993745,0.09999500024998749,0.09999500024998749,0.09999500024998749,0.09999500024998749,0.09999500024998749,0.09999500024998749,0.09999500024998749,0.09999500024998749,0.09999500024998749,0.09999500024998749,0.09999500024998749,0.09999500024998749,0.09999500024998749,0.09999500024998749,0.09999500024998749,0.14999250037498124,0.14999250037498124,0.19999000049997498,0.19999000049997498,0.19999000049997498,0.19999000049997498,0.19999000049997498,0.19999000049997498,0.19999000049997498,0.19999000049997498,0.19999000049997498,0.19999000049997498,0.24998750062496874,0.24998750062496874,0.24998750062496874,0.2999850007499625,0.2999850007499625,0.2999850007499625,0.2999850007499625,0.2999850007499625,0.2999850007499625,0.34998250087495625,0.39998000099994996,0.39998000099994996,0.39998000099994996,0.39998000099994996,0.39998000099994996,0.44997750112494367,0.4999750012499375,0.4999750012499375,0.4999750012499375,0.4999750012499375,0.4999750012499375,0.4999750012499375,0.4999750012499375,0.4999750012499375,0.4999750012499375,0.5499725013749311,0.5499725013749311,0.5499725013749311,0.599970001499925,0.599970001499925,0.6499675016249187,0.6499675016249187,0.6499675016249187,0.6999650017499125,0.7499625018749061,0.7499625018749061,0.7499625018749061,0.7999600019998999,0.7999600019998999,0.7999600019998999,0.8499575021248937,0.8499575021248937,0.8499575021248937,0.8999550022498873,0.9499525023748812,0.8999550022498873,0.9499525023748812,0.8999550022498873,0.8999550022498873,0.8999550022498873,0.9499525023748812,0.9499525023748812,0.9499525023748812,0.9499525023748812,0.9499525023748812,0.9499525023748812,0.9499525023748812,0.9499525023748812,0.999950002499875,0.9499525023748812,0.999950002499875,0.999950002499875,0.999950002499875,0.9499525023748812,0.9499525023748812,0.9499525023748812,0.9499525023748812,0.9499525023748812,0.9499525023748812,0.9499525023748812,0.8999550022498873,0.8999550022498873,0.8999550022498873,0.8999550022498873,0.8499575021248937,0.8499575021248937,0.8499575021248937,0.8499575021248937,0.8499575021248937,0.8499575021248937,0.7999600019998999,0.7999600019998999,0.7999600019998999,0.7499625018749061,0.7499625018749061,0.7499625018749061,0.7999600019998999
11059300,0.6139112736266588,0.5918281342875704,0.5859392971304801,0.5852031924858437,0.5852031924858437,0.5852031924858437,0.5807865646180261,0.5601756345682103,0.5325717103943498,0.5233704023363961,0.5152732512453969,0.510120518732943,0.5097524664106249,0.5097524664106249,0.5097524664106249,0.5152732512453969,0.5152732512453969,0.5160093558900333,0.5123288326668518,0.5082802571213523,0.49503037351789925,0.4902456933277635,0.48950958868312716,0.48656517010458217,0.4766277574019922,0.46926671095562955,0.46926671095562955,0.45675293199681266,0.45675293199681266,0.4512321471620406,0.4508640948397224,0.45307240877363125,0.4615376121869486,0.46926671095562955,0.48619711778226393,0.49355816422862675,0.4953984258402174,0.49871089674108066,0.5049677862204892,0.5222662453694419,0.533307815038986,0.5579673206343013,0.5789463030064357,0.6076543841472503,0.6238486863292487,0.6595497615941083,0.6694871742966981,0.6794245869992878,0.687153685767969,0.7177020285203743,0.7257991796113734,0.7592919409423247,0.8376870855960883,0.8939990909107639,0.946630573002258,0.9517833055147119,0.9517833055147119,0.9517833055147119,0.9550957764155752,0.9642970844735287,0.991532956325071,0.9999981597383885,0.9907968516804349,0.9642970844735287,0.9550957764155752,0.910193393092762,0.8634507481583581,0.8034582196205012,0.7353685399916451,0.6996674647267854,0.6624941801726533,0.6256889479408392,0.5609117392128465,0.5178496175016241,0.49392621655094493,0.45564877502985834,0.4254684845997707,0.40191313597140976,0.3835105198555027,0.34817749691296107,0.3176291541605555,0.2944418578545126,0.2712545615484697,0.2532199977548809,0.23923400950679147,0.22635217822565654,0.20684540514279517,0.2024287772749774,0.19580383547325095,0.18991499831616068,0.17224848684488997,0.16451938807620894,0.1556861323405736,0.1453806673156656,0.14390845802639304,0.1387557255139391,0.1273461035220767,0.1273461035220767,0.1273461035220767,0.12881831281134923,0.1350752022907577,0.1350752022907577,0.12881831281134923,0.12881831281134923,0.13838767319162096,0.1417001440924842,0.1417001440924842,0.14022793480321163,0.13102662674525828,0.12881831281134923,0.11630453385253248,0.11078374901776039,0.09606165612503477,0.08354787716621799,0.07287435981899193,0.07177020285203745,0.06624941801726532,0.05925642389322069,0.051527325124539704,0.04048575545499548,0.03312470900863266,0.029444185785451257,0.0224511916614066,0.014722092892725629,0.005888837157090269,0.004048575545499566,0.003680523223181407,0.0018402616115907036,0.0,0.0,0.0,0.0,0.0,0.0,0.0,0.0,0.0,0.0,0.0,0.0,0.0,0.0,0.0,0.0,0.0,0.0,0.0,0.0,0.0,0.0,0.0,0.0,0.0,0.0,0.0,0.0,0.0,0.0,0.0,0.0,0.0,0.0,0.0,0.0,0.0,0.0,0.0,0.0,0.0,0.0,0.0,0.0,0.0,0.0,0.0,0.0,0.0,0.0,0.0,0.0,0.0,0.0,0.0,0.0,0.0,0.0,0.0,0.0,0.0,0.0,0.0,0.0,0.0,0.0,0.0,0.0,0.0,0.0,0.0,0.0,0.0,0.0,0.0,0.0,0.0,0.0,0.0,0.0,0.0,0.0,0.0,0.0,0.0,0.0,0.0,0.0,0.0,0.0,0.0,0.0,0.0,0.0,0.0,0.0,0.0,0.0,0.0,0.0,0.0,0.0,0.0,0.0,0.0,0.0,0.0,0.0,0.0,0.0,0.0,0.0,0.0,0.0,0.0,0.0,0.0,0.0,0.0,0.0,0.0,0.0,0.0,0.0,0.0,0.0,0.0,0.0,0.0,0.0,0.0,0.0,0.0,0.0,0.0,0.0,0.0,0.0,0.0,0.0,0.0,0.0,0.0,0.0,0.0,0.0,0.0,0.0,0.0,0.0,0.0,0.0,0.0,0.0,0.0,0.0,0.0,0.0,0.0,0.0,0.0,0.0,0.0,0.0,0.0,0.0,0.0,0.0,0.0,0.0,0.0,0.0,0.0,0.0,0.0,0.0,0.0,0.0,0.0,0.0,0.0,0.0,0.00036805232231815904,0.003680523223181407,0.005520784834772111,0.009201308057953519,0.018770668438225196,0.024291453272997303,0.027971976496178712,0.04821485422367647,0.05704810995931181,0.0603605808601752,0.07913124929840025,0.09201308057953518,0.10489491186067008,0.1199850570757139,0.12881831281134923,0.14611677196030193,0.1538458707289829,0.16562354504316332,0.17519290542343502,0.1969079924402053,0.2024287772749774,0.2134703469445216,0.23739374789520076,0.24880336988706317,0.26168520116819804,0.2859766544411954,0.30069874733392093,0.32572630525155455,0.33713592724341696,0.34817749691296107,0.3570107526485965,0.36989258392973134,0.37394115947523093,0.37909389198768495,0.3908715663018656,0.4144269149302264,0.4162671765418171,0.4217879613765893,0.4258365369220889,0.4435030483933596,0.44423915303799594,0.4508640948397224,0.47221112953417466,0.4799402283028556,0.49687063512949,0.5152732512453969,0.5307314487827589,0.5432452277415758,0.5432452277415758,0.5605436868905284,0.575265779783254,0.5888837157090252,0.5815226692626625,0.575265779783254,0.5660644717253005,0.5535506927664838
11066460,0.5818384019511206,0.5795962501131585,0.5795962501131585,0.5795962501131585,0.5908070093029681,0.5908070093029681,0.5908070093029681,0.5947307750194017,0.6076231480876827,0.6233182109534162,0.631165742386283,0.6356500460622068,0.6356500460622068,0.6367711219811879,0.6457397293330356,0.6558294126038641,0.6608742542392784,0.6608742542392784,0.6586321024013165,0.6558294126038641,0.6558294126038641,0.6608742542392784,0.661434792198769,0.661434792198769,0.6664796338341833,0.691703842011255,0.691703842011255,0.6961881456871788,0.7174885881478172,0.7197307399857791,0.7225334297832315,0.7309414991755889,0.7505603277577558,0.7640132387855273,0.7757845359348273,0.7763450738943178,0.7841926053271845,0.7881163710436181,0.7881163710436181,0.7841926053271845,0.7763450738943178,0.7841926053271845,0.7858742192056561,0.8049325098283325,0.8290356420864231,0.853138774344514,0.8492150086280802,0.86042576781789,0.8654706094533046,0.8878921278329237,0.894058045387319,0.9030266527391669,0.9030266527391669,0.910313646212543,0.9159190258074479,0.9159190258074479,0.9198427915238813,0.9276903229567484,0.943945923781972,0.943945923781972,0.9450669997009531,0.9551566829717818,0.9568382968502532,0.971972821756496,0.9730938976754772,0.9730938976754772,0.9803808911488536,0.9932732642171346,0.9999997197310202,0.9999997197310202,0.9999997197310202,0.9999997197310202,0.9955154160550964,0.9921521882981534,0.9730938976754772,0.971972821756496,0.971972821756496,0.971972821756496,0.971972821756496,0.9652463662426104,0.9495513033768769,0.9164795637669382,0.9159190258074479,0.9159190258074479,0.8968607351847716,0.8766813686431143,0.8497755465875709,0.835762097600309,0.8318383318838756,0.8110984273827279,0.8015692820713896,0.7853136812461657,0.7729818461373749,0.7589683971501128,0.7483181759197938,0.7219728918237411,0.7006724493631027,0.6754482411860311,0.6586321024013165,0.6446186534140544,0.6367711219811879,0.6249998248318878,0.6188339072774922,0.6109863758446257,0.6081836860471732,0.6025783064522683,0.5941702370599111,0.5807173260321397,0.566143339085387,0.5599774215309916,0.5571747317335394,0.5543720419360869,0.5465245105032202,0.5403585929488248,0.538116441110863,0.5297083717185056,0.5235424541641104,0.5213003023261484,0.5100895431363388,0.4960760941490768,0.48991017659468133,0.4792599553643623,0.46748865821506214,0.4596411267821953,0.44394606391646174,0.439461760240538,0.43665907044308555,0.43665907044308555,0.43105369084818085,0.4204034696178616,0.409192710428052,0.3923765716433375,0.3890133438863947,0.38340796429148977,0.37499989489913266,0.3593048320333991,0.34473084508664664,0.34417030712715607,0.34417030712715607,0.34417030712715607,0.34417030712715607,0.3368833136537799,0.3329595479373465,0.33015685813989404,0.32062771282855596,0.3167039471121225,0.3060537258818033,0.3026904981248605,0.29932727036791745,0.29932727036791745,0.2914797389350507,0.2830716695426935,0.2718609103528839,0.2713003723933934,0.26569499279848846,0.26345284096052657,0.25784746136562187,0.2550447715681694,0.25448423360867883,0.25448423360867883,0.2499999299327551,0.24663670217581227,0.23542594298600247,0.22757841155313588,0.22421518379619287,0.21860980420128817,0.21524657644434514,0.21300442460638325,0.2102017348089308,0.206838507051988,0.19674882378115932,0.19338559602421632,0.1877802164293116,0.176569457239502,0.17040353968510652,0.16199547029274938,0.15190578702192092,0.13677126211567772,0.13396857231822526,0.13116588252077283,0.12275781312841566,0.11210759189809644,0.10426006046522984,0.10313898454624872,0.10313898454624872,0.10313898454624872,0.10313898454624872,0.10313898454624872,0.10313898454624872,0.10313898454624872,0.10313898454624872,0.09809414291083438,0.09248876331592967,0.08688338372102478,0.08352015596408176,0.07567262453121518,0.0751120865717246,0.0695067069768197,0.0695067069768197,0.0695067069768197,0.0695067069768197,0.0695067069768197,0.06726455513885801,0.06446186534140556,0.0582959477870101,0.053251106151595964,0.04708518859720049,0.04708518859720049,0.033632277569429006,0.03307173960993844,0.03307173960993844,0.030269049812485987,0.030269049812485987,0.02466367021758129,0.021860980420128837,0.019618828582166955,0.019058290622676385,0.019058290622676385,0.019058290622676385,0.019058290622676385,0.019058290622676385,0.019058290622676385,0.016816138784714503,0.016816138784714503,0.019058290622676385,0.019058290622676385,0.019058290622676385,0.019058290622676385,0.019058290622676385,0.019058290622676385,0.019058290622676385,0.019058290622676385,0.019058290622676385,0.019058290622676385,0.019058290622676385,0.019058290622676385,0.019058290622676385,0.019618828582166955,0.021860980420128837,0.022421518379619407,0.021860980420128837,0.019618828582166955,0.019618828582166955,0.019058290622676385,0.019058290622676385,0.019058290622676385,0.019058290622676385,0.019058290622676385,0.013452911027771484,0.007847531432866782,0.007847531432866782,0.008408069392357352,0.007847531432866782,0.011210759189809802,0.008408069392357352,0.008408069392357352,0.007847531432866782,0.007847531432866782,0.002242151837961881,0.0,0.002242151837961881,0.007847531432866782,0.011210759189809802,0.011210759189809802,0.014573986946752623,0.011210759189809802,0.010650221230319232,0.010650221230319232,0.010650221230319232,0.010650221230319232,0.011210759189809802,0.019058290622676385,0.02858743593401468,0.04708518859720049,0.04708518859720049,0.060538099624971975,0.0751120865717246,0.0751120865717246,0.0751120865717246,0.07623316249070575,0.0846412318830629,0.09473091515389155,0.10313898454624872,0.10313898454624872,0.10313898454624872,0.10313898454624872,0.10313898454624872,0.12892373068281093,0.13116588252077283,0.15358740090039202,0.15919278049529692,0.15919278049529692,0.17320622948255898,0.18721967846982104,0.19618828582166875,0.2124438866468927,0.21524657644434514,0.21524657644434514,0.2236546458367023,0.22982056339109777,0.23598648094549304,0.24103132258090737,0.24327347441886926,0.2443945503378504,0.24887885401377416,0.2572869234061313,0.2713003723933934,0.29932727036791745,0.29932727036791745,0.3245514785449891,0.3273541683424416,0.3273541683424416,0.3273541683424416,0.3273541683424416,0.3363227756942893,0.3413676173297036,0.3531389144790038,0.3553810663169657,0.3581837561144181,0.3587442940739087,0.36098644591187057,0.3637891357093228,0.3721972051016802,0.38060527449403736,0.38340796429148977,0.3946187234812994,0.40358733083314713,0.4114348622660139,0.4170402418609188,0.425448311253276,0.439461760240538,0.439461760240538,0.4456276777949333,0.4540357471872906,0.46748865821506214,0.4708518859720051,0.4955155561895862,0.5151343847717532,0.5162554606907341,0.5241029921236009,0.5274662198805438,0.535874289272901,0.5493272003006725,0.5515693521386345,0.5515693521386345,0.5543720419360869,0.5543720419360869,0.567264415004368,0.5795962501131585,0.5795962501131585,0.5852016297080634,0.5852016297080634,0.5852016297080634,0.5829594778701016,0.5801567880726491,0.5801567880726491,0.5795962501131585,0.5801567880726491,0.5863227056270444,0.5913675472624588,0.5863227056270444,0.5863227056270444,0.5801567880726491,0.5795962501131585,0.5807173260321397,0.5807173260321397
11070500,0.829991700082999,0.829991700082999,0.829991700082999,0.829991700082999,0.829991700082999,0.829991700082999,0.829991700082999,0.829991700082999,0.829991700082999,0.829991700082999,0.829991700082999,0.8319916800831992,0.8399916000839991,0.8399916000839991,0.8399916000839991,0.849991500084999,0.8519914800851993,0.8619913800861991,0.8699913000869991,0.8699913000869991,0.8719912800871993,0.879991200087999,0.879991200087999,0.879991200087999,0.879991200087999,0.879991200087999,0.879991200087999,0.879991200087999,0.8899911000889991,0.8919910800891993,0.8999910000899991,0.8999910000899991,0.9019909800901991,0.909990900090999,0.909990900090999,0.909990900090999,0.909990900090999,0.9199908000919991,0.9199908000919991,0.9219907800921991,0.9299907000929991,0.9399906000939989,0.949990500094999,0.9599904000959989,0.9599904000959989,0.9699903000969989,0.9719902800971991,0.9899901000989989,0.9999900000999989,0.9999900000999989,0.9999900000999989,0.9999900000999989,0.9999900000999989,0.9999900000999989,0.9999900000999989,0.9999900000999989,0.9999900000999989,0.9999900000999989,0.9999900000999989,0.9999900000999989,0.9999900000999989,0.9999900000999989,0.9999900000999989,0.9899901000989989,0.979990200097999,0.9699903000969989,0.949990500094999,0.949990500094999,0.9399906000939989,0.9299907000929991,0.9199908000919991,0.8999910000899991,0.8819911800881992,0.8699913000869991,0.8599914000859991,0.849991500084999,0.8399916000839991,0.829991700082999,0.8199918000819991,0.8099919000809992,0.7919920800791994,0.7799922000779992,0.7799922000779992,0.7599924000759992,0.7499925000749992,0.7399926000739993,0.7199928000719992,0.7099929000709992,0.6899931000689992,0.6799932000679993,0.6699933000669993,0.6599934000659994,0.6499935000649993,0.6399936000639993,0.6299937000629994,0.6099939000609993,0.5999940000599994,0.5899941000589993,0.5899941000589993,0.5699943000569994,0.5699943000569994,0.5599944000559994,0.5499945000549995,0.5419945800541996,0.5299947000529994,0.5119948800511996,0.5099949000509995,0.49999500004999947,0.49999500004999947,0.4899951000489995,0.47999520004799945,0.46999530004699946,0.44999550004499955,0.4399956000439995,0.4399956000439995,0.42999570004299953,0.41999580004199955,0.40999590004099956,0.40999590004099956,0.3999960000399996,0.3899961000389996,0.3799962000379996,0.3699963000369996,0.3599964000359996,0.3499965000349996,0.3299967000329997,0.3299967000329997,0.31999680003199965,0.31999680003199965,0.30999690003099967,0.2999970000299997,0.2999970000299997,0.2999970000299997,0.28999710002899964,0.2799972000279997,0.2799972000279997,0.26999730002699973,0.25999740002599975,0.25999740002599975,0.24999750002499974,0.24999750002499974,0.23999760002399972,0.22999770002299977,0.22999770002299977,0.21999780002199976,0.20999790002099977,0.1999980000199998,0.1999980000199998,0.1799982000179998,0.1799982000179998,0.16999830001699984,0.15999840001599983,0.15999840001599983,0.14999850001499984,0.13999860001399986,0.12999870001299987,0.11999880001199986,0.10999890001099988,0.0899991000089999,0.07999920000799991,0.07999920000799991,0.06999930000699993,0.05999940000599993,0.04999950000499995,0.039999600003999956,0.039999600003999956,0.029999700002999966,0.029999700002999966,0.019999800001999978,0.019999800001999978,0.009999900000999989,0.009999900000999989,0.0,0.0,0.0,0.0,0.0,0.0,0.0,0.0,0.0,0.0,0.0,0.0,0.0,0.0,0.0,0.0,0.0,0.0,0.0,0.0,0.0,0.0,0.0,0.0,0.0,0.0,0.0,0.0,0.0,0.0,0.0,0.0,0.0,0.0,0.0,0.0,0.0,0.0,0.0,0.0,0.0,0.0,0.0,0.0,0.0,0.0,0.0,0.0,0.0,0.0,0.0,0.0,0.0,0.0,0.0,0.0,0.0,0.0,0.0,0.0,0.0,0.0,0.0,0.0,0.0,0.0,0.0,0.0,0.0,0.0,0.0,0.0,0.0,0.0,0.0,0.0,0.0,0.0,0.0,0.0,0.0,0.0,0.0,0.0,0.0,0.0,0.0,0.0,0.0,0.0,0.0,0.0,0.0,0.0,0.0,0.0,0.0,0.0,0.0,0.0,0.0,0.009999900000999989,0.009999900000999989,0.009999900000999989,0.019999800001999978,0.019999800001999978,0.029999700002999966,0.039999600003999956,0.039999600003999956,0.04999950000499995,0.05999940000599993,0.05999940000599993,0.06999930000699993,0.07999920000799991,0.0899991000089999,0.0999990000099999,0.10999890001099988,0.12999870001299987,0.13999860001399986,0.14999850001499984,0.15999840001599983,0.16999830001699984,0.1799982000179998,0.1899981000189998,0.1999980000199998,0.20999790002099977,0.21999780002199976,0.21999780002199976,0.22999770002299977,0.23999760002399972,0.25199748002519984,0.25999740002599975,0.2799972000279997,0.28999710002899964,0.28999710002899964,0.30999690003099967,0.31999680003199965,0.3299967000329997,0.3299967000329997,0.3319966800331998,0.3399966000339997,0.3499965000349996,0.3599964000359996,0.3699963000369996,0.3719962800371998,0.3799962000379996,0.3899961000389996,0.3999960000399996,0.41999580004199955,0.42999570004299953,0.42999570004299953,0.4399956000439995,0.44999550004499955,0.45999540004599954,0.46999530004699946,0.47999520004799945,0.49999500004999947,0.5099949000509995,0.5199948000519995,0.5299947000529994,0.5299947000529994,0.5399946000539995,0.5499945000549995,0.5599944000559994,0.5699943000569994,0.5799942000579993,0.5799942000579993,0.5999940000599994,0.5999940000599994,0.6099939000609993,0.6199938000619993,0.6299937000629994,0.6499935000649993,0.6499935000649993,0.6599934000659994,0.6799932000679993,0.6799932000679993,0.6899931000689992,0.6919930800691994,0.6999930000699992,0.6999930000699992,0.7099929000709992,0.7299927000729992,0.7299927000729992,0.7399926000739993,0.7399926000739993,0.7499925000749992,0.7499925000749992,0.7599924000759992,0.7699923000769991,0.7799922000779992,0.7899921000789992,0.7899921000789992,0.7899921000789992
11074000,0.8654466586755477,0.8667921914160258,0.8721743223779385,0.8721743223779385,0.8735198551184166,0.8789019860803292,0.8735198551184166,0.8721743223779385,0.8721743223779385,0.8721743223779385,0.8721743223779385,0.8721743223779385,0.8721743223779385,0.8667921914160258,0.8654466586755477,0.8721743223779385,0.8789019860803292,0.8735198551184166,0.8789019860803292,0.88562964978272,0.88562964978272,0.88562964978272,0.8789019860803292,0.8789019860803292,0.88562964978272,0.88562964978272,0.88562964978272,0.8802475188208073,0.8735198551184166,0.8721743223779385,0.8654466586755477,0.8587189949731571,0.8587189949731571,0.8587189949731571,0.8533368640112443,0.8587189949731571,0.8587189949731571,0.8587189949731571,0.8600645277136351,0.8654466586755477,0.8654466586755477,0.8587189949731571,0.8587189949731571,0.8587189949731571,0.8654466586755477,0.8721743223779385,0.8721743223779385,0.8721743223779385,0.8735198551184166,0.8721743223779385,0.8789019860803292,0.8802475188208073,0.88562964978272,0.8990849771875015,0.8990849771875015,0.9004305099279796,0.9058126408898922,0.9125403045922831,0.9340688284399334,0.9529062868066276,0.9730892779138,0.9798169416161907,0.9878901380590595,0.9932722690209722,0.999999932723363,0.999999932723363,0.999999932723363,0.9878901380590595,0.9865446053185815,0.9798169416161907,0.9798169416161907,0.9798169416161907,0.9798169416161907,0.9811624743566687,0.9811624743566687,0.9865446053185815,0.9865446053185815,0.9865446053185815,0.9798169416161907,0.9798169416161907,0.9798169416161907,0.9730892779138,0.9596339505090183,0.9529062868066276,0.9394509594018461,0.9259956319970646,0.8990849771875015,0.8667921914160258,0.8264262092016813,0.8062432180945089,0.7914423579492494,0.7847146942468586,0.7793325632849459,0.7645317031396863,0.7578040394372956,0.7389665810706013,0.7308933846277326,0.7187835899634291,0.7120559262610383,0.7053282625586476,0.7039827298181695,0.691872935153866,0.6837997387109972,0.6716899440466937,0.6568890839014341,0.6447792892371309,0.6367060927942618,0.611140970725177,0.6030677742823081,0.5896124468775265,0.5896124468775265,0.5896124468775265,0.584230315915614,0.5828847831751357,0.5775026522132233,0.5694294557703542,0.5627017920679634,0.5559741283655727,0.5425188009607912,0.5290634735560096,0.5169536788917064,0.5021528187464466,0.4954251550440558,0.4752421639368835,0.4631323692725803,0.4564047055701895,0.45505917282971126,0.4362217144630172,0.43487618172253895,0.4281485180201482,0.4214208543177574,0.41469319061536664,0.4079655269129759,0.4025833959510634,0.40123786321058513,0.40123786321058513,0.39585573224867265,0.3945101995081944,0.3945101995081944,0.3945101995081944,0.37432720840102207,0.3675995446986313,0.36087188099624057,0.35548975003432803,0.35414421729384976,0.35414421729384976,0.35414421729384976,0.3487620863319373,0.347416553591459,0.34203442262954653,0.34068888988906826,0.3339612261866775,0.32857909522476497,0.3218514315223742,0.32050589878189595,0.3137782350795052,0.3003229076747237,0.2882131130104204,0.28686758026994214,0.28148544930802966,0.2801399165675514,0.2747577856056389,0.2666845891627699,0.2532292617579883,0.24650159805559757,0.23977393435320682,0.23304627065081604,0.21286327954364376,0.20613561584125298,0.19268028843647148,0.1859526247340807,0.17922496103168994,0.17922496103168994,0.17249729732929917,0.16711516636738669,0.1657696336269084,0.15904196992451763,0.15231430622212688,0.15231430622212688,0.14558664251973613,0.13885897881734535,0.13885897881734535,0.13347684785543287,0.1321313151149546,0.1321313151149546,0.1321313151149546,0.12540365141256382,0.12432722522018133,0.12405811867208566,0.11490849603683423,0.10535521357943933,0.10400968083896116,0.09526371802585318,0.0920344394487057,0.08732507485703223,0.07992464478440224,0.07440796054844186,0.07427340727439406,0.06996770250486398,0.06579655100938167,0.06431646499485572,0.05960710040318216,0.05772335456651274,0.05691603492222591,0.05382130961912611,0.050861137590074185,0.04790096556102227,0.04628632627244852,0.043595260791492174,0.04090419531053583,0.032561892319571316,0.030005380112662856,0.029332613742423724,0.028121634275993436,0.027852527727897765,0.024488695876702382,0.018433798544550753,0.011167921745968644,0.011033368471920855,0.005651237510008264,0.004574811317625765,0.0016146392885738445,0.0,0.0016146392885737488,0.002152852384765094,0.002152852384765094,0.004574811317625765,0.005920344058103937,0.007669536620725569,0.004574811317625765,0.005920344058103937,0.005920344058103937,0.004574811317625765,0.0018837458366694213,0.005920344058103937,0.010495155375729606,0.011033368471920855,0.011033368471920855,0.011033368471920855,0.011167921745968644,0.01466630687121191,0.01466630687121191,0.01776103217431162,0.018299245270502962,0.022739503314080846,0.024488695876702382,0.024488695876702382,0.024488695876702382,0.02462324915075017,0.024488695876702382,0.026506994987419593,0.029870826838614972,0.030678146482901895,0.031216359579093144,0.031216359579093144,0.031216359579093144,0.031216359579093144,0.031216359579093144,0.031216359579093144,0.031216359579093144,0.03215823249742786,0.033503765237906026,0.03740581018529266,0.040096875666249004,0.04480624025792246,0.04534445335411371,0.04534445335411371,0.04534445335411371,0.04561355990220938,0.04978471139769169,0.05139935068626544,0.0570505881962737,0.06431646499485572,0.06996770250486398,0.07777179239963723,0.07857911204392416,0.08503766919821926,0.0855758822944105,0.08813239450131896,0.09176533290061001,0.09849299660300077,0.09849299660300077,0.10010763589157452,0.10522066030539154,0.1119483240077823,0.11275564365206922,0.12486543831637258,0.1321313151149546,0.13885897881734535,0.14558664251973613,0.15904196992451763,0.1657696336269084,0.17249729732929917,0.17922496103168994,0.1859526247340807,0.1859526247340807,0.19268028843647148,0.19940795213886223,0.20613561584125298,0.20613561584125298,0.21286327954364376,0.21420881228412203,0.2195909432460345,0.2195909432460345,0.2195909432460345,0.2263186069484253,0.2263186069484253,0.2263186069484253,0.23304627065081604,0.23977393435320682,0.24650159805559757,0.26130245820085735,0.2801399165675514,0.28686758026994214,0.30166844041520197,0.32050589878189595,0.3339612261866775,0.347416553591459,0.35414421729384976,0.3675995446986313,0.3810548721034128,0.39585573224867265,0.40123786321058513,0.40931105965345416,0.4214208543177574,0.43487618172253895,0.44833150912732045,0.4765876966773618,0.48869749134166507,0.4967706877845341,0.5088804824488373,0.5223358098536188,0.5357911372584004,0.5492464646631819,0.5627017920679634,0.5828847831751357,0.6165231016870896,0.6299784290918711,0.6380516255347402,0.6501614201990433,0.6636167476038249,0.6703444113062157,0.6837997387109972,0.690527402413388,0.6932184678943445,0.7039827298181695,0.7107103935205602,0.7107103935205602,0.717438057222951,0.7241657209253417,0.7241657209253417,0.7308933846277326,0.7308933846277326,0.7376210483301233,0.7443487120325141,0.7510763757349048,0.7591495721777737,0.7779870305444678,0.7847146942468586,0.7981700216516402,0.804897685354031,0.8062432180945089,0.8129708817968998,0.8183530127588124,0.8183530127588124,0.8183530127588124
13011000,0.0023682652316858186,0.0024866784932701365,0.0024866784932701365,0.0024866784932701365,0.0024866784932701365,0.0024866784932701365,0.0024866784932701365,0.0024866784932701365,0.0024866784932701365,0.0023682652316858186,0.0023682652316858186,0.0023682652316858186,0.0023682652316858186,0.0023682652316858186,0.0023682652316858186,0.001776198923764364,0.001776198923764364,0.001776198923764364,0.001776198923764364,0.001776198923764364,0.001776198923764364,0.001776198923764364,0.001776198923764364,0.001776198923764364,0.001776198923764364,0.001776198923764364,0.001776198923764364,0.0018946121853486819,0.0023682652316858186,0.0023682652316858186,0.0023682652316858186,0.0023682652316858186,0.0023682652316858186,0.0029603315396072734,0.0030787448011915914,0.003670811109113046,0.004144464155450183,0.004144464155450183,0.004262877417034501,0.0053285967712930924,0.005920663079214547,0.005920663079214547,0.005920663079214547,0.005920663079214547,0.005920663079214547,0.005920663079214547,0.005920663079214547,0.005920663079214547,0.005920663079214547,0.005920663079214547,0.005920663079214547,0.005920663079214547,0.005920663079214547,0.006039076340798865,0.005920663079214547,0.005920663079214547,0.005920663079214547,0.005920663079214547,0.005920663079214547,0.005920663079214547,0.0054470100328774095,0.004854943724955955,0.004736530463371637,0.004736530463371637,0.004736530463371637,0.004144464155450183,0.004144464155450183,0.003552397847528728,0.0026050917548544206,0.0018946121853486819,0.001776198923764364,0.001776198923764364,0.001776198923764364,0.001776198923764364,0.001776198923764364,0.001776198923764364,0.001776198923764364,0.001776198923764364,0.001776198923764364,0.001776198923764364,0.001776198923764364,0.001776198923764364,0.001776198923764364,0.0013025458774272272,0.0011841326158429093,0.0013025458774272272,0.001776198923764364,0.001776198923764364,0.001776198923764364,0.001776198923764364,0.001776198923764364,0.001776198923764364,0.001776198923764364,0.001776198923764364,0.001776198923764364,0.001776198923764364,0.001776198923764364,0.001776198923764364,0.001776198923764364,0.0023682652316858186,0.0023682652316858186,0.0023682652316858186,0.0023682652316858186,0.0023682652316858186,0.0029603315396072734,0.0029603315396072734,0.0030787448011915914,0.004144464155450183,0.004144464155450183,0.004736530463371637,0.004736530463371637,0.005920663079214547,0.007223208956641774,0.008288928310900365,0.00888099461882182,0.010065127234664729,0.010657193542586185,0.012551805727934866,0.01314387203585632,0.014209591390114911,0.016104203575463594,0.01776198923764364,0.018472468807149412,0.019064535115070867,0.02131438708517237,0.02249851970101528,0.023682652316858187,0.02380106557844247,0.024866784932701096,0.026050917548544005,0.026050917548544005,0.026761397118049778,0.027235050164386914,0.02782711647230837,0.028419182780229823,0.029011249088151277,0.029011249088151277,0.030787448011915644,0.033747779551522916,0.039076376322816006,0.0444049730941091,0.0522202483586723,0.06808762541096729,0.069982237596316,0.07104795695057456,0.07460035479810335,0.08419182898643092,0.08845470640346531,0.1166370626605266,0.13333333254391166,0.17679099954534644,0.27779751167674654,0.32776790806531764,0.4446417972490126,0.6222616896254488,0.7454114816731114,0.765541736142441,0.875666069415832,0.9171107109703333,0.9230313740495478,0.946714026366406,0.9775014743783217,0.9940793310001224,0.9999999940793369,0.9999999940793369,0.9999999940793369,0.9999999940793369,0.9999999940793369,0.9999999940793369,0.9999999940793369,0.9940793310001224,0.9940793310001224,0.9940793310001224,0.9881586679209079,0.9881586679209079,0.9822380048416933,0.9775014743783217,0.9703966786832642,0.9585553525248351,0.9526346894456206,0.9526346894456206,0.9478981589822489,0.9313203023604482,0.9289520371287624,0.9289520371287624,0.9242155066653908,0.9230313740495478,0.9171107109703333,0.906453517427747,0.9052693848119042,0.9052693848119042,0.9005328543485326,0.8993487217326896,0.8993487217326896,0.8993487217326896,0.8993487217326896,0.8993487217326896,0.8993487217326896,0.8934280586534751,0.8934280586534751,0.8886915281901034,0.8875073955742605,0.8875073955742605,0.8827708651108889,0.881586732495046,0.881586732495046,0.8756660694158315,0.8756660694158315,0.8756660694158315,0.8756660694158315,0.8756660694158315,0.8756660694158315,0.8756660694158315,0.8756660694158315,0.8756660694158315,0.8756660694158315,0.8756660694158315,0.8768502020316745,0.8756660694158315,0.8756660694158315,0.8756660694158315,0.8756660694158315,0.8756660694158315,0.8756660694158315,0.8756660694158315,0.87092953895246,0.87092953895246,0.87092953895246,0.8756660694158315,0.8756660694158315,0.8756660694158315,0.8756660694158315,0.8756660694158315,0.8756660694158315,0.881586732495046,0.881586732495046,0.8827708651108889,0.8875073955742605,0.8827708651108889,0.881586732495046,0.881586732495046,0.8768502020316745,0.8768502020316745,0.8768502020316745,0.8768502020316745,0.8768502020316745,0.87092953895246,0.8697454063366169,0.8413262235563871,0.8401420909405442,0.8401420909405442,0.8401420909405442,0.8401420909405442,0.8401420909405442,0.8342214278613296,0.8342214278613296,0.8046181124652569,0.7750147970691842,0.7394908185938969,0.7217288293562533,0.6684428616433223,0.5985790373085906,0.5334517434372308,0.48016577572429975,0.37714623814596665,0.27329780773654355,0.218117227838264,0.16648904578751308,0.14552989848709366,0.12966252143479856,0.12433392466350549,0.1018354049624902,0.07886323221513782,0.056838365560459646,0.051509768789166556,0.047483717895300655,0.03848431001489455,0.026761397118049778,0.016104203575463594,0.010775606804170501,0.007104795695057456,0.0053285967712930924,0.003552397847528728,0.0023682652316858186,0.0023682652316858186,0.001776198923764364,0.001776198923764364,0.0011841326158429093,0.0005920663079214546,0.0005920663079214546,0.0,0.0,0.0,0.0,0.0,0.0,0.0,0.0,0.0,0.0,0.0,0.0,0.0,0.0,0.0,0.0,0.0,0.0,0.0,0.0,0.0,0.0,0.0,0.0,0.0,0.0,0.0,0.0,0.00011841326158431785,0.0005920663079214546,0.0005920663079214546,0.0007104795695057725,0.0011841326158429093,0.001776198923764364,0.001776198923764364,0.001776198923764364,0.001776198923764364,0.001776198923764364,0.001776198923764364,0.001776198923764364,0.001776198923764364,0.001776198923764364,0.001776198923764364,0.001776198923764364,0.001776198923764364,0.001776198923764364,0.001776198923764364,0.001776198923764364,0.0018946121853486819,0.0023682652316858186,0.0023682652316858186,0.0023682652316858186,0.0023682652316858186,0.0023682652316858186,0.0024866784932701365,0.0024866784932701365,0.0029603315396072734,0.0029603315396072734,0.0029603315396072734,0.0029603315396072734,0.0029603315396072734,0.0029603315396072734,0.0029603315396072734,0.0029603315396072734,0.0029603315396072734,0.0029603315396072734,0.0029603315396072734,0.0029603315396072734,0.0029603315396072734,0.0024866784932701365,0.0023682652316858186,0.0024866784932701365,0.0023682652316858186,0.0023682652316858186,0.0023682652316858186,0.0023682652316858186
13011500,0.0,0.0,0.0,0.0,0.0,0.0,0.0,0.0,0.0,0.0,0.0,0.0,0.0,0.0,0.0,0.0,0.0,0.0,0.0,0.0,0.0,0.0,0.0,0.0,0.0,0.0,0.0,0.0,0.0,0.0,0.0,0.0,0.001527183849615396,0.001527183849615396,0.001527183849615396,0.001527183849615396,0.001527183849615396,0.0019242516505154066,0.003054367699230792,0.003054367699230792,0.003054367699230792,0.003054367699230792,0.003054367699230792,0.003054367699230792,0.003054367699230792,0.003054367699230792,0.003054367699230792,0.004581551548846188,0.004581551548846188,0.004581551548846188,0.004581551548846188,0.004581551548846188,0.004581551548846188,0.004581551548846188,0.006108735398461584,0.006108735398461584,0.006108735398461584,0.006108735398461584,0.006108735398461584,0.006414172168384689,0.00763591924807698,0.00763591924807698,0.00763591924807698,0.009163103097692376,0.009163103097692376,0.009163103097692376,0.009163103097692376,0.009835063991523157,0.010690286947307772,0.010690286947307772,0.012217470796923167,0.012217470796923167,0.012217470796923167,0.012217470796923167,0.013286499491653949,0.013744654646538564,0.014996945403223189,0.01527183849615396,0.01527183849615396,0.015729993651038575,0.016799022345769354,0.017409895885615513,0.01832620619538475,0.018692730319292448,0.020036652106954003,0.021380573894615545,0.02278558303626171,0.024160048500915566,0.024434941593846335,0.024526572624823263,0.026114843828423273,0.02748930929307713,0.02751985297006944,0.029291386235623305,0.03054367699230792,0.032070860841923315,0.033139889536654095,0.03359804469153871,0.03607208252791566,0.03805742153241567,0.04123396393961569,0.04428833163884648,0.05039706703730806,0.05497861858615426,0.059560170135000444,0.06695173996713896,0.07431276612228518,0.08023823945879291,0.08613316911830834,0.09077580802113913,0.09926695022500073,0.10690286947307771,0.11606597257077009,0.12981062721730866,0.15271838496153958,0.16799022345769354,0.1847892458034629,0.20525350938830927,0.21533292279577082,0.22785583036261706,0.25565057642561734,0.27367134585107894,0.293219299126156,0.31490530979069464,0.34239461908377183,0.3689676180670797,0.3927916861210799,0.4386072016095418,0.4773976713897728,0.5241294971880041,0.5604764728088503,0.5919364601109276,0.6429444006880817,0.6783750659991591,0.7147220416200053,0.7519853275506211,0.7837507516226213,0.8139889918450061,0.8356750025095447,0.8524740248553141,0.8735491619800064,0.887293816626545,0.9092852640610068,0.9288332173360839,0.9563225266291608,0.9636530091073149,0.9886988242410075,0.9886988242410075,0.9999999847281615,0.998778237648469,0.9880879507011612,0.963958445877238,0.9563225266291608,0.9376908836638531,0.9169211833090839,0.8979841035738528,0.8750763458296219,0.8472815997666218,0.8246792787923138,0.7880268664015445,0.755956005559621,0.7183872828590823,0.6725717673706203,0.6310323666610818,0.5867440350222353,0.5546731741803119,0.5119120263910809,0.4706780624514651,0.4496029253267726,0.4153940070953877,0.381795962403849,0.3576664575799258,0.3347586998356948,0.31490530979069464,0.2993280345246176,0.28252901217884824,0.26756261045261737,0.2519853351865403,0.235186312840771,0.2232742788137709,0.20983506093715545,0.19883933721992458,0.1908979812019245,0.17868051040500132,0.17409895885615514,0.1621869248291551,0.1557727526607704,0.1496640172623088,0.14355528186384722,0.13775198323530874,0.13133781106692405,0.12522907566846248,0.12064752411961628,0.1175931564203855,0.1130116048715393,0.1084300533226931,0.10259621101716233,0.09761759166741611,0.09300549644157763,0.09010384712730836,0.08704947942807757,0.08310934509606985,0.07941356018000059,0.07635919248076979,0.07299938801161591,0.06872327323269281,0.06572999288744664,0.06374465388294664,0.06108735398461584,0.05806352996237735,0.05650580243576965,0.05497861858615426,0.05226023133383885,0.05039706703730806,0.04886988318769267,0.04657910741326957,0.04434941899283111,0.04337202132907724,0.04236407998833109,0.04108124555465415,0.040348197306838765,0.039462430674061834,0.038179596240384896,0.0374160043155772,0.0366524123907695,0.03579718943498489,0.03512522854115411,0.033934025138454095,0.0331704332136464,0.032070860841923315,0.031154550532154074,0.03054367699230792,0.03054367699230792,0.029932803452461763,0.029352473589607908,0.029016493142692522,0.029016493142692522,0.028252901217884825,0.02748930929307713,0.02703115413819251,0.026572998983307887,0.026298105890377118,0.02596212544346173,0.02568723235053096,0.024954184102715576,0.02446548527083865,0.024434941593846335,0.024312766885877107,0.024129504823923252,0.023549174961069407,0.022907757744230938,0.022907757744230938,0.022907757744230938,0.022907757744230938,0.022449602589346324,0.022174709496415555,0.022021991111454014,0.022021991111454014,0.0219914474344617,0.0219914474344617,0.0219914474344617,0.022021991111454014,0.02214416581942324,0.02214416581942324,0.022021991111454014,0.0219914474344617,0.0219914474344617,0.02214416581942324,0.022449602589346324,0.022755039359269397,0.022907757744230938,0.022907757744230938,0.022907757744230938,0.022907757744230938,0.022907757744230938,0.022907757744230938,0.022907757744230938,0.022907757744230938,0.022907757744230938,0.022907757744230938,0.022907757744230938,0.022907757744230938,0.022907757744230938,0.022907757744230938,0.022907757744230938,0.022907757744230938,0.022907757744230938,0.022755039359269397,0.022510689943330938,0.022449602589346324,0.021899816403484783,0.021716554341530928,0.021411117571607855,0.021380573894615545,0.021258399186646314,0.0208002440317617,0.020616981969807845,0.019853390045000148,0.019853390045000148,0.019853390045000148,0.019853390045000148,0.019853390045000148,0.019700671660038607,0.01832620619538475,0.01832620619538475,0.016829566022761668,0.016799022345769354,0.016799022345769354,0.016371410867877044,0.01527183849615396,0.01527183849615396,0.01527183849615396,0.01383628567751549,0.013744654646538564,0.012217470796923167,0.012217470796923167,0.012217470796923167,0.012217470796923167,0.012217470796923167,0.012217470796923167,0.011301160487153928,0.010690286947307772,0.010690286947307772,0.010568112239338543,0.009163103097692376,0.009163103097692376,0.009163103097692376,0.009163103097692376,0.009163103097692376,0.009163103097692376,0.009040928389723146,0.007727550279053907,0.00763591924807698,0.00763591924807698,0.006108735398461584,0.006108735398461584,0.006108735398461584,0.006108735398461584,0.006108735398461584,0.006108735398461584,0.006108735398461584,0.006108735398461584,0.006108735398461584,0.006108735398461584,0.005742211274553897,0.005650580243576969,0.004581551548846188,0.004581551548846188,0.004581551548846188,0.004581551548846188,0.004581551548846188,0.004581551548846188,0.004581551548846188,0.004581551548846188,0.004581551548846188,0.0038179596240385007,0.003054367699230792,0.003054367699230792,0.003054367699230792,0.003054367699230792,0.003054367699230792,0.003054367699230792,0.003054367699230792,0.003054367699230792,0.003054367699230792,0.003054367699230792
13011900,0.004347826049149339,0.004347826049149339,0.0024347825875236273,0.0017391304196597355,0.0,0.0,0.0,0.0,0.0,0.0,0.0,0.0,0.0,0.0,0.0,0.0,0.0,0.0,0.0,0.0,0.0,0.0,0.0,0.0,0.0,0.0,0.0,0.0,0.0,0.0,0.0,0.0,0.0,0.0017391304196597355,0.0017391304196597355,0.0017391304196597355,0.0017391304196597355,0.0017391304196597355,0.0017391304196597355,0.0017391304196597355,0.0017391304196597355,0.0017391304196597355,0.0017391304196597355,0.0017391304196597355,0.0017391304196597355,0.0017391304196597355,0.0017391304196597355,0.0017391304196597355,0.0017391304196597355,0.002608695629489603,0.002608695629489603,0.003478260839319471,0.003478260839319471,0.004347826049149339,0.004347826049149339,0.004347826049149339,0.004347826049149339,0.004347826049149339,0.004347826049149339,0.005217391258979206,0.006086956468809074,0.006086956468809074,0.006956521678638942,0.006956521678638942,0.006956521678638942,0.008695652098298678,0.008695652098298678,0.008695652098298678,0.008695652098298678,0.008695652098298678,0.008695652098298678,0.008695652098298678,0.008695652098298678,0.008695652098298678,0.008695652098298678,0.008695652098298678,0.008695652098298678,0.010434782517958412,0.012173912937618148,0.013043478147448016,0.013043478147448016,0.013913043357277884,0.014782608567107752,0.01565217377693762,0.01565217377693762,0.016521738986767488,0.017391304196597356,0.017391304196597356,0.017391304196597356,0.019130434616257092,0.01999999982608696,0.021739130245746693,0.021739130245746693,0.024347825875236297,0.026086956294896033,0.026086956294896033,0.026086956294896033,0.028695651924385637,0.030434782344045373,0.030434782344045373,0.032173912763705105,0.03391304318336484,0.03478260839319471,0.03652173881285445,0.038260869232514184,0.03999999965217392,0.04173913007183365,0.043478260491493385,0.04782608654064273,0.052173912589792065,0.054782608219281666,0.05826086905860114,0.06173912989792061,0.06782608636672968,0.07391304283553876,0.08260869493383743,0.09304347745179585,0.10086956434026466,0.10869565122873347,0.11652173811720228,0.12173912937618149,0.12956521626465028,0.13565217273345936,0.14347825962192817,0.1539130421398866,0.1669565202873346,0.1756521723856333,0.18434782448393197,0.19304347658223064,0.2052173895198488,0.21913043287712666,0.22782608497542536,0.24608695438185257,0.2634782585784499,0.2860869540340265,0.3130434755387524,0.341739127463138,0.374782605436673,0.41391303987901706,0.453913039531191,0.49217390876370515,0.5399999953043478,0.5686956472287336,0.6234782554480152,0.6495652117429113,0.6869565157655956,0.7113043416408318,0.7486956456635161,0.7817391236370511,0.808695645141777,0.8434782535349717,0.860869557731569,0.8869565140264651,0.8956521661247638,0.9130434703213611,0.9304347745179585,0.9391304266162572,0.9478260787145558,0.9652173829111532,0.9739130350094519,0.9826086871077506,0.9826086871077506,0.9826086871077506,0.9913043392060492,0.9913043392060492,0.9999999913043479,0.9999999913043479,0.9999999913043479,0.9913043392060492,0.9826086871077506,0.9652173829111532,0.9478260787145558,0.9304347745179585,0.9130434703213611,0.9043478182230624,0.8695652098298677,0.8434782535349717,0.808695645141777,0.7817391236370511,0.7417391239848772,0.7017391243327032,0.6634782551001891,0.6286956467069944,0.5886956470548205,0.5634782559697543,0.5182608650586011,0.49478260439319477,0.466956517678639,0.44086956138374295,0.4147826050888469,0.3939130400529301,0.3721739098071834,0.3504347795614367,0.33826086662381855,0.3208695624272212,0.30956521469943293,0.2965217365519849,0.282608693194707,0.2704347802570889,0.25826086731947073,0.24869565001134217,0.2399999979130435,0.23043478060491496,0.21999999808695656,0.21217391119848775,0.20695651993950853,0.19913043305103972,0.19217391137240078,0.18695652011342156,0.17999999843478262,0.1721739115463138,0.1678260854971645,0.16260869423818528,0.15826086818903592,0.15565217255954633,0.15217391172022685,0.14782608567107752,0.14173912920226844,0.13826086836294899,0.13565217273345936,0.1321739118941399,0.12956521626465028,0.1269565206351607,0.12521739021550096,0.12173912937618149,0.11913043374669188,0.11652173811720228,0.1130434772778828,0.11130434685822307,0.10956521643856333,0.10695652080907374,0.10434782517958413,0.1026086947599244,0.10173912955009452,0.0999999991304348,0.09913043392060493,0.09739130350094519,0.09652173829111532,0.09565217308128546,0.09391304266162571,0.09217391224196599,0.09130434703213612,0.09043478182230624,0.08956521661247638,0.08869565140264651,0.08782608619281665,0.0860869557731569,0.08521739056332704,0.08434782535349718,0.0834782601436673,0.08260869493383743,0.08173912972400757,0.08173912972400757,0.0808695645141777,0.0808695645141777,0.07999999930434784,0.07999999930434784,0.07999999930434784,0.07913043409451796,0.0782608688846881,0.0782608688846881,0.0782608688846881,0.07739130367485823,0.07739130367485823,0.07739130367485823,0.07652173846502837,0.07565217325519849,0.07565217325519849,0.07565217325519849,0.07478260804536863,0.07391304283553876,0.07391304283553876,0.0730434776257089,0.0730434776257089,0.0730434776257089,0.0730434776257089,0.07217391241587902,0.07130434720604915,0.07130434720604915,0.07130434720604915,0.07043478199621929,0.06956521678638942,0.06956521678638942,0.0690434776604915,0.06869565157655955,0.06782608636672968,0.06782608636672968,0.0671304341988658,0.06695652115689982,0.06608695594706995,0.06521739073724009,0.06521739073724009,0.06452173856937621,0.06260869510775048,0.06260869510775048,0.06173912989792061,0.06173912989792061,0.060869564688090745,0.059999999478260874,0.05913043426843101,0.05704347776483935,0.0565217386389414,0.0539130430094518,0.052173912589792065,0.052173912589792065,0.05043478217013233,0.049565216960302465,0.04782608654064273,0.04695652133081286,0.04521739091115312,0.043478260491493385,0.043478260491493385,0.043478260491493385,0.043478260491493385,0.04173913007183365,0.040869564862003785,0.03913043444234405,0.03913043444234405,0.038260869232514184,0.03739130402268431,0.03478260839319471,0.03478260839319471,0.03478260839319471,0.03478260839319471,0.03478260839319471,0.033043477973534977,0.03130434755387524,0.030434782344045373,0.02782608671455577,0.026086956294896033,0.026086956294896033,0.026086956294896033,0.026086956294896033,0.026086956294896033,0.026086956294896033,0.026086956294896033,0.021739130245746693,0.021739130245746693,0.019130434616257092,0.017391304196597356,0.017391304196597356,0.017391304196597356,0.017391304196597356,0.017391304196597356,0.017391304196597356,0.017391304196597356,0.01565217377693762,0.014782608567107752,0.013043478147448016,0.013043478147448016,0.013043478147448016,0.013043478147448016,0.012173912937618148,0.008695652098298678,0.008695652098298678,0.008695652098298678,0.008695652098298678,0.008695652098298678,0.008695652098298678,0.008695652098298678,0.008695652098298678,0.008695652098298678,0.008695652098298678,0.008695652098298678,0.008695652098298678,0.008695652098298678
13018300,0.01731600981990917,0.01731600981990917,0.01731600981990917,0.01731600981990917,0.01731600981990917,0.016277049230714654,0.01445886819962418,0.01298700736493187,0.01298700736493187,0.01298700736493187,0.01298700736493187,0.01298700736493187,0.01298700736493187,0.01298700736493187,0.01298700736493187,0.01298700736493187,0.01298700736493187,0.01298700736493187,0.01298700736493187,0.011774886677538227,0.008658004909954574,0.008658004909954574,0.008658004909954574,0.008658004909954574,0.008658004909954574,0.008658004909954574,0.008658004909954574,0.008658004909954574,0.008658004909954574,0.008658004909954574,0.007965364517158206,0.006060603436968215,0.004415582504076833,0.0043290024549772965,0.0043290024549772965,0.0043290024549772965,0.0043290024549772965,0.0043290024549772965,0.0043290024549772965,0.0043290024549772965,0.0043290024549772965,0.0,0.0,0.0,0.0,0.0,0.0,0.0,0.0,0.0,0.0,0.0,0.0,0.0,0.0,0.0,0.0,0.0,0.0,0.0,0.00025974014729866665,0.00025974014729866665,0.002770561571185489,0.0043290024549772965,0.0043290024549772965,0.0043290024549772965,0.0043290024549772965,0.0043290024549772965,0.0043290024549772965,0.0043290024549772965,0.005281382995072311,0.006147183486067771,0.007012983977063211,0.007792204418959114,0.008658004909954574,0.008658004909954574,0.008658004909954574,0.008658004909954574,0.009264065253651425,0.010476185941045048,0.011255406382940952,0.01168830662843869,0.01168830662843869,0.012121206873936412,0.01298700736493187,0.01298700736493187,0.01341990761042961,0.014285708101425069,0.015584408837918248,0.01731600981990917,0.01731600981990917,0.0187012906055019,0.021212112029388726,0.021645012274886462,0.02173159232398602,0.02467531399337056,0.02597401472986376,0.030303017184841036,0.03160171792133423,0.03463201963981834,0.03896102209479563,0.04025972283128883,0.04329002454977291,0.04346318464797202,0.04761902700475022,0.05160170926332932,0.0519480294597275,0.05428569078541525,0.05627703191470482,0.057229412454799795,0.06320343584266849,0.06926403927963669,0.07359304173461396,0.08406922767565901,0.09523805400950043,0.10562765990144594,0.11601726579339144,0.12987007364931877,0.13852807855927335,0.15151508592420523,0.16025967088325935,0.1731600981990917,0.1894371474298063,0.20173151440194184,0.21246744049028557,0.22987003035929426,0.2380951350237511,0.251082142388683,0.2684847322576917,0.29333320634926136,0.2987011693934332,0.34199119394320615,0.34199119394320615,0.37662321358302453,0.4034630288038838,0.4337660459887247,0.4718612675925249,0.5108222896873206,0.5151512921422978,0.5463201098181345,0.5584413166920708,0.5982681392778619,0.6112551466427939,0.6450213657916166,0.6883113903413896,0.7359304173461397,0.8181814639907082,0.8614714885404812,0.9047615130902541,0.9445883356760453,0.948051537640027,0.9653675474599361,0.9913415621898,0.993073163171791,0.9999995670997546,0.993073163171791,0.9913415621898,0.9913415621898,0.9878783602258182,0.9653675474599361,0.948051537640027,0.948051537640027,0.9402593332210679,0.9047615130902541,0.8883113037613405,0.8614714885404812,0.8614714885404812,0.8233762669366811,0.8181814639907082,0.7766230404229264,0.7705624369859579,0.7316014148911624,0.7316014148911624,0.6978351957423394,0.6883113903413896,0.6623373756115257,0.6450213657916166,0.6277053559717075,0.6017313412418437,0.5887443338769118,0.5584413166920708,0.5497833117821163,0.5203460950882706,0.5151512921422978,0.4987010828133841,0.4718612675925249,0.4718612675925249,0.45887426022759303,0.43722924795270657,0.428571243042752,0.428571243042752,0.407792031258861,0.3852812184929791,0.3852812184929791,0.38181801652899733,0.37229421112804717,0.3593072037631153,0.34199119394320615,0.34199119394320615,0.34199119394320615,0.3333331890332516,0.32467518412329693,0.30303017184841047,0.2987011693934332,0.2943721669384559,0.29004316448347867,0.28190463986812125,0.27705615711854675,0.2707358135342799,0.2641557298027144,0.2599998874459363,0.2529003234197735,0.24675313993370573,0.24285703772422618,0.2380951350237511,0.23376613256877382,0.22943713011379654,0.22467522741332147,0.2203462249583442,0.21696960304346186,0.21645012274886463,0.21212112029388736,0.20995661906639868,0.20779211783891008,0.20398259567853003,0.19913411292895544,0.19480511047397817,0.1904761080190009,0.1861471055640236,0.18181810310904625,0.18112546271624996,0.17748910065406898,0.1757574996720781,0.1731600981990917,0.17064927677520486,0.16883109574411442,0.16493499353463487,0.16294365240534534,0.16017309083415981,0.15714278911567575,0.15376616720079345,0.14935058469671658,0.14718608346922796,0.14597396278183433,0.14285708101425068,0.1390475588538706,0.136883057626382,0.1346319763497938,0.13419907610429607,0.13073587414031423,0.12987007364931877,0.12692635197993427,0.1255410711943415,0.1255410711943415,0.1255410711943415,0.12207786923035965,0.12043284829746827,0.11731596652988462,0.1168830662843869,0.1168830662843869,0.11255406382940962,0.11047614265102051,0.1082250613744323,0.1082250613744323,0.10787874117803412,0.10536791975414733,0.10389605891945503,0.10311683847755916,0.10225103798656364,0.10138523749556824,0.09965363651357728,0.09956705646447775,0.09956705646447775,0.09809519562978547,0.09662333479509316,0.09567095425499815,0.09567095425499815,0.09523805400950043,0.09523805400950043,0.09523805400950043,0.09523805400950043,0.09480515376400271,0.09437225351850499,0.09393935327300723,0.09307355278201179,0.09177485204551859,0.09090905155452315,0.09090905155452315,0.09090905155452315,0.0897835109162291,0.08883113037613405,0.08658004909954584,0.08658004909954584,0.08536792841215225,0.08493502816665445,0.08450212792115673,0.08398264762655948,0.08268394689006628,0.08225104664456856,0.08225104664456856,0.08095234590807536,0.0796536451715822,0.07878784468058672,0.07792204418959128,0.07748914394409352,0.0757575429621026,0.07359304173461396,0.07359304173461396,0.07012983977063213,0.06926403927963669,0.06883113903413897,0.0650216168737589,0.06493503682465937,0.06493503682465937,0.06285711564627026,0.06103893461517981,0.060606034369682094,0.060606034369682094,0.05774889274939709,0.057142832405700256,0.05627703191470482,0.05627703191470482,0.05627703191470482,0.05411253068721614,0.0519480294597275,0.0519480294597275,0.05151512921422978,0.05073590877233384,0.049004307790342996,0.048138507299347516,0.04761902700475022,0.04761902700475022,0.04761902700475022,0.04761902700475022,0.0471861267592525,0.045108205580863404,0.04329002454977291,0.04329002454977291,0.04329002454977291,0.04329002454977291,0.04329002454977291,0.04329002454977291,0.04329002454977291,0.04329002454977291,0.04259738415697658,0.041991323813279746,0.03904760214389517,0.03896102209479563,0.03896102209479563,0.03896102209479563,0.03896102209479563,0.03774890140740199,0.03463201963981834,0.03463201963981834,0.03463201963981834,0.03290041865782742,0.030303017184841036,0.030303017184841036,0.030303017184841036,0.030303017184841036,0.030303017184841036,0.029004316448347858,0.02597401472986376,0.02597401472986376,0.02597401472986376,0.02597401472986376
13018750,0.0034650034590003407,0.0034650034590003407,0.0034650034590003407,0.0034650034590003407,0.0034650034590003407,0.0034650034590003407,0.0034650034590003407,0.0034650034590003407,0.0034650034590003407,0.0034650034590003407,0.0034650034590003407,0.0034650034590003407,0.0034650034590003407,0.0034650034590003407,0.0034650034590003407,0.0034650034590003407,0.0034650034590003407,0.0034650034590003407,0.0034650034590003407,0.0034650034590003407,0.0034650034590003407,0.0034650034590003407,0.0034650034590003407,0.0034650034590003407,0.0034650034590003407,0.0034650034590003407,0.0034650034590003407,0.0034650034590003407,0.0034650034590003407,0.0034650034590003407,0.0034650034590003407,0.0034650034590003407,0.0034650034590003407,0.0034650034590003407,0.0034650034590003407,0.0034650034590003407,0.0034650034590003407,0.0034650034590003407,0.0034650034590003407,0.0034650034590003407,0.0034650034590003407,0.0034650034590003407,0.0034650034590003407,0.0034650034590003407,0.0034650034590003407,0.0034650034590003407,0.0034650034590003407,0.0020790020754002042,0.0017325017295001703,0.0017325017295001703,0.0017325017295001703,0.00034650034590007347,0.0,0.0,0.0,0.0017325017295001703,0.0017325017295001703,0.0020790020754002042,0.0034650034590003407,0.0034650034590003407,0.0034650034590003407,0.0034650034590003407,0.0034650034590003407,0.0034650034590003407,0.003811503804900414,0.005197505188500511,0.005197505188500511,0.005197505188500511,0.006930006918000681,0.00866250864750085,0.00866250864750085,0.010395010377001022,0.010395010377001022,0.012127512106501192,0.012127512106501192,0.013860013836001363,0.013860013836001363,0.015592515565501532,0.0173250172950017,0.0173250172950017,0.019057519024501875,0.020790020754002044,0.020790020754002044,0.022522522483502214,0.022522522483502214,0.024255024213002383,0.025987525942502556,0.027720027672002726,0.029452529401502895,0.031185031131003065,0.03291753286050324,0.0346500345900034,0.03811503804900375,0.04158004150800409,0.04504504496700443,0.0467775466965046,0.05024255015550494,0.05197505188500511,0.05370755361450528,0.05544005534400545,0.05890505880300579,0.06237006226200613,0.06410256399150631,0.06756756745050664,0.07103257090950699,0.07276507263900715,0.0762300760980075,0.08142758128650801,0.08489258474550834,0.08835758820450869,0.09216909200940906,0.09528759512250937,0.10048510031100988,0.10568260549951039,0.11434511414701125,0.11988911968141179,0.12820512798301262,0.13686763663051346,0.14726264700751449,0.15592515565501533,0.16285516257301602,0.16978516949101669,0.17671517640901738,0.18537768505651822,0.19750519716301942,0.22383922345142201,0.244282743859524,0.2650727646135261,0.2806652801790276,0.294871794360929,0.3121968116559307,0.3312543306804326,0.35516285454753493,0.3846153839490378,0.40228690158993957,0.4313929306455424,0.4684684676568461,0.5076230067435499,0.5308385299188522,0.5807345797284571,0.6136521125889604,0.6531531520215642,0.6878031866115676,0.7106722094409699,0.7415107402260729,0.7588357575210746,0.7765072751619764,0.8007622993749788,0.8367983353485823,0.8510048495304837,0.8870408855040872,0.9081774066039895,0.9442134425775929,0.9549549533004938,0.9736659719790958,0.9899514882363974,0.9996534979215983,0.9996534979215983,0.9999999982674983,0.9999999982674983,0.9999999982674983,0.9996534979215983,0.9996534979215983,0.9965349948084979,0.9909909892740975,0.9809424792429965,0.9743589726708958,0.9688149671364953,0.9514899498414936,0.9393624377349924,0.9116424100629896,0.8853083837745871,0.8596673581779846,0.8180873166699805,0.8028413014503789,0.7813582800045769,0.7661122647849753,0.7487872474899736,0.7241857229310712,0.7072072059819695,0.6933471921459682,0.6794871783099669,0.6652806641280654,0.6483021471789637,0.6375606364560626,0.6237006226200613,0.6136521125889604,0.5980595970234588,0.5821205811120572,0.570339569351456,0.559598058628555,0.5544005534400545,0.5457380447925536,0.5370755361450528,0.528759527843452,0.5249480240385516,0.5128205119320505,0.5045045036304496,0.4961884953288488,0.4871794863354479,0.48163548080104734,0.4712404704240463,0.46465696385194566,0.4559944552044448,0.4504504496700443,0.4452529444815438,0.44178794102254343,0.43693693617994295,0.4313929306455424,0.4282744275324421,0.4261954254570419,0.42446292372754174,0.4175329168095411,0.4126819119669406,0.40921690850794024,0.4040194033194397,0.3988218981309392,0.39501039432603885,0.39189189121293855,0.3898128891375383,0.3846153839490378,0.3794178787605373,0.375952875301537,0.37075537011303644,0.36590436527043596,0.3620928614655356,0.35862785800653524,0.35343035281803475,0.3482328476295342,0.3465003459000341,0.34303534244103373,0.33957033898203337,0.33610533552303307,0.3343728337935329,0.3309078303345325,0.3295218289509324,0.32917532860503235,0.32605682549193205,0.32571032514603204,0.32397782341653186,0.3222453216870317,0.3222453216870317,0.3205128199575315,0.3205128199575315,0.3205128199575315,0.3187803182280313,0.3187803182280313,0.3173943168444312,0.31704781649853114,0.31704781649853114,0.31704781649853114,0.31704781649853114,0.31358281303953084,0.31185031131003066,0.3101178095805305,0.3066528061215302,0.30492030439203,0.3031878026625298,0.29625779574452915,0.2879417874429283,0.27927927879542747,0.2636867632299259,0.24982674939392457,0.23042273002352265,0.213444213074421,0.19438669404991912,0.1819126815975179,0.1718641715664169,0.16320166291891605,0.152460152196015,0.1403326400895138,0.13167013144201295,0.12300762279451209,0.11954261933551175,0.11122661103391097,0.1042966041159103,0.09702009685200953,0.0935550933930092,0.08835758820450869,0.08316008301600818,0.07969507955700783,0.0762300760980075,0.07449757436850732,0.07276507263900715,0.0693000691800068,0.06756756745050664,0.06583506572100647,0.06410256399150631,0.06237006226200613,0.06063756053250596,0.05890505880300579,0.057172557073505624,0.05578655568990552,0.05544005534400545,0.05370755361450528,0.05370755361450528,0.05197505188500511,0.05197505188500511,0.05024255015550494,0.05024255015550494,0.048510048426004766,0.048510048426004766,0.0467775466965046,0.0453915453129045,0.04504504496700443,0.04504504496700443,0.04331254323750426,0.04192654185390416,0.04158004150800409,0.039847539778503915,0.03811503804900375,0.03811503804900375,0.036382536319503576,0.0346500345900034,0.0346500345900034,0.0346500345900034,0.03291753286050324,0.03291753286050324,0.031185031131003065,0.031185031131003065,0.031185031131003065,0.031185031131003065,0.029452529401502895,0.029452529401502895,0.029452529401502895,0.029452529401502895,0.027720027672002726,0.027720027672002726,0.026334026288402628,0.025987525942502556,0.02460152455890246,0.024255024213002383,0.024255024213002383,0.024255024213002383,0.022522522483502214,0.022522522483502214,0.020790020754002044,0.020790020754002044,0.020790020754002044,0.020790020754002044,0.019057519024501875,0.019057519024501875,0.0173250172950017,0.0173250172950017,0.0173250172950017,0.015939015911401566,0.015592515565501532,0.015592515565501532,0.014206514181901437,0.013860013836001363,0.013860013836001363,0.012127512106501192,0.012127512106501192,0.012127512106501192,0.012127512106501192,0.012127512106501192,0.010395010377001022,0.010395010377001022,0.010395010377001022,0.010395010377001022,0.009009008993400886,0.00866250864750085,0.00866250864750085,0.007276507263900755,0.006930006918000681,0.006930006918000681
13022500,0.009446693644471399,0.009446693644471399,0.009446693644471399,0.009446693644471399,0.008097165980975485,0.006747638317479571,0.00566801618668287,0.0053981106539836565,0.0053981106539836565,0.0053981106539836565,0.0053981106539836565,0.0053981106539836565,0.0053981106539836565,0.0053981106539836565,0.0053981106539836565,0.004048582990487742,0.0026990553269918283,0.0026990553269918283,0.0026990553269918283,0.0026990553269918283,0.0026990553269918283,0.0026990553269918283,0.0026990553269918283,0.0026990553269918283,0.0026990553269918283,0.0026990553269918283,0.0026990553269918283,0.0013495276634959141,0.0,0.0,0.0,0.0002699055326992135,0.0002699055326992135,0.0013495276634959141,0.0013495276634959141,0.0013495276634959141,0.0002699055326992135,0.0,0.0,0.0,0.0,0.0,0.0,0.0,0.0,0.0,0.0,0.0,0.0,0.0,0.0,0.0,0.0,0.0,0.0013495276634959141,0.0013495276634959141,0.0026990553269918283,0.0026990553269918283,0.0026990553269918283,0.0026990553269918283,0.0026990553269918283,0.004048582990487742,0.004318488523186956,0.006747638317479571,0.008097165980975485,0.008097165980975485,0.008097165980975485,0.008097165980975485,0.009446693644471399,0.009446693644471399,0.010796221307967313,0.010796221307967313,0.012145748971463227,0.012145748971463227,0.013495276634959141,0.014844804298455055,0.014844804298455055,0.01619433196195097,0.01619433196195097,0.017543859625446884,0.018893387288942798,0.018893387288942798,0.020242914952438712,0.021592442615934626,0.02294197027943054,0.024291497942926454,0.02564102560642237,0.028340080933414197,0.029959514129609323,0.03400809712009704,0.037786774577885596,0.04183535756837334,0.04318488523186925,0.047233468222356995,0.05128205121284474,0.053981106539836565,0.056680161866828394,0.05937921719382022,0.06207827252081205,0.0674763831747957,0.07152496616528345,0.07557354915577119,0.07827260448276302,0.08367071513674668,0.08771929812723442,0.09338731431391725,0.09986504709869765,0.10661268541617722,0.11497975692985188,0.12172739524733145,0.12955465569560776,0.1365721995457865,0.14331983786326608,0.15141700384424156,0.1632928472830056,0.172739540927477,0.18515519543163947,0.19568151120690755,0.20647773251487486,0.21619433169204544,0.227260458532712,0.24426450709276046,0.26180836671820734,0.28070175400715014,0.3095816460059627,0.3265856945660112,0.35033738144353943,0.3635627525457993,0.37921727344235184,0.39568151093700205,0.4129554650297497,0.43616734084187947,0.4493927119441394,0.47368420988706583,0.5022941963531793,0.5338731436789836,0.5659919020701863,0.5870445336207226,0.634817812908478,0.6777327926076481,0.7141700395220377,0.7368421042687691,0.7546558694269152,0.7708502013888662,0.7924426440048008,0.8056680151070608,0.8245614023960035,0.8545209165256128,0.8839406195898237,0.9022941958133683,0.9192982443734167,0.930094465681384,0.9546558691570096,0.9740890675113508,0.9905533050060009,0.9989203765196757,0.9999999986504724,0.9989203765196757,0.9937921713983912,0.9908232105387001,0.9859649109501148,0.9719298232497574,0.9641025628014811,0.9543859636243105,0.9446693644471399,0.936032387400766,0.9284750324851889,0.9192982443734167,0.9047233456076609,0.8852901472533197,0.8564102552545071,0.8461538450119381,0.8232118747325076,0.7951416993317926,0.7703103903234678,0.7506072864364275,0.7344129544744765,0.7160593782509321,0.6966261798965909,0.6709851542901685,0.6504723338050306,0.6302294188525919,0.6170040477503319,0.6059379209096655,0.5927125498074055,0.5792172731724463,0.5643724688739913,0.5533063420333247,0.5387314432675689,0.5279352219596016,0.5209176781094228,0.5090418346706588,0.49932523549348823,0.49122806951251274,0.48043184820454543,0.4726045877562691,0.4601889332521067,0.4493927119441394,0.4439946012901557,0.43589743530918024,0.42537111953391216,0.4183535756837334,0.41565452035674155,0.4116059373662538,0.40890688203926195,0.4035087713852783,0.39676113306779875,0.392712550077311,0.38893387261952245,0.38596491175983144,0.38083670663854696,0.37516869045186413,0.3727395406575715,0.36707152447088864,0.3643724691438968,0.361673413816905,0.3576248308264172,0.3551956810321246,0.3535762478359295,0.34817813718194585,0.34143049886446625,0.3360323882104826,0.32928474989300305,0.3265856945660112,0.3238866392390194,0.32118758391202756,0.3198380562485316,0.3171390009215398,0.31039136260406025,0.3076923072770684,0.30364372428658065,0.30229419662308477,0.29959514129609294,0.298245613632597,0.2958164638383044,0.29284750297861334,0.2901484476516215,0.2887989199881256,0.2874493923246297,0.28475033699763785,0.28340080933414197,0.282051281670646,0.27962213187635343,0.2780026986801583,0.2755735488858657,0.2742240212223698,0.27287449355887383,0.27260458802617465,0.270175438231882,0.2699055326991828,0.2688259105683861,0.2685560050356869,0.267206477372191,0.26585694970869506,0.26450742204519917,0.26180836671820734,0.2604588390547114,0.2591093113912155,0.25506072840072774,0.2461538458216548,0.23643724664448415,0.2280701751308095,0.2186234814863381,0.20782726017837078,0.1916329282164198,0.17543859625446884,0.1632928472830056,0.1538461536385342,0.1443994599940628,0.13900134934007916,0.13090418335910367,0.1241565450416241,0.1147098513971527,0.10958164627586822,0.10283400795838865,0.09851551943520173,0.09446693644471399,0.08906882579073033,0.08502024280024259,0.08124156534245403,0.07962213214625893,0.0769230768192671,0.07422402149227528,0.07152496616528345,0.0674763831747957,0.06612685551129979,0.06477732784780388,0.06342780018430796,0.06099865039001532,0.05937921719382022,0.05802968953032431,0.056680161866828394,0.05533063420333248,0.05533063420333248,0.053981106539836565,0.053981106539836565,0.05263157887634065,0.05263157887634065,0.05155195674554395,0.05128205121284474,0.05020242908204801,0.04993252354934882,0.047233468222356995,0.046153846091560265,0.044534412895365166,0.044534412895365166,0.04318488523186925,0.04183535756837334,0.040485829904877424,0.03913630224138151,0.037786774577885596,0.03643724691438968,0.03508771925089377,0.03373819158739785,0.03373819158739785,0.03238866392390194,0.03238866392390194,0.031039136260406025,0.02968960859691011,0.02968960859691011,0.02968960859691011,0.02968960859691011,0.02968960859691011,0.02968960859691011,0.02968960859691011,0.028340080933414197,0.028340080933414197,0.026990553269918283,0.026990553269918283,0.026990553269918283,0.026990553269918283,0.026990553269918283,0.02564102560642237,0.02564102560642237,0.024291497942926454,0.024291497942926454,0.02294197027943054,0.02294197027943054,0.02294197027943054,0.02294197027943054,0.021592442615934626,0.021592442615934626,0.020242914952438712,0.020242914952438712,0.018893387288942798,0.017813765158146068,0.017543859625446884,0.01619433196195097,0.01619433196195097,0.01619433196195097,0.01619433196195097,0.01619433196195097,0.01619433196195097,0.01619433196195097,0.01619433196195097,0.01619433196195097,0.014844804298455055,0.014844804298455055,0.013495276634959141,0.013495276634959141,0.013495276634959141,0.013495276634959141,0.013495276634959141,0.013495276634959141,0.012145748971463227,0.012145748971463227
13027500,0.03138657069156584,0.02979737723882853,0.027413587059722053,0.027413587059722053,0.024235200154247204,0.021454111611956372,0.01986491815921883,0.01787842634329705,0.01748112798011258,0.015494636164190686,0.015494636164190686,0.013905442711453261,0.013508144348268792,0.013508144348268792,0.013905442711453261,0.013508144348268792,0.011918950895531254,0.011521652532346898,0.009932459079609473,0.009535160716425004,0.009535160716425004,0.009535160716425004,0.007548668900503109,0.007548668900503109,0.007548668900503109,0.007548668900503109,0.005562177084581214,0.005562177084581214,0.005562177084581214,0.003972983631843677,0.00357568526865932,0.0019864918159218947,0.0015891934527374253,0.0,0.0,0.0015891934527374253,0.00357568526865932,0.00357568526865932,0.00357568526865932,0.003972983631843677,0.005562177084581214,0.005562177084581214,0.005562177084581214,0.005562177084581214,0.005562177084581214,0.003972983631843677,0.00357568526865932,0.00357568526865932,0.003972983631843677,0.003972983631843677,0.005562177084581214,0.005562177084581214,0.005959475447765684,0.007548668900503109,0.007548668900503109,0.009535160716425004,0.009535160716425004,0.011521652532346898,0.011521652532346898,0.011521652532346898,0.013508144348268792,0.015891934527375157,0.021454111611956372,0.02940007887564395,0.03138657069156584,0.035359554323409634,0.0452920134030191,0.05125148885078479,0.05721096429855047,0.06158124629357884,0.06912991519408183,0.07310289882592563,0.07707588245776942,0.0810488660896132,0.0870083415373789,0.09098132516922268,0.09296781698514457,0.09694080061698836,0.10091378424883216,0.10885975151251973,0.11521652532346977,0.12276519422397299,0.12912196803492326,0.13309495166676705,0.13865712875134814,0.14700039437822007,0.1565355550946452,0.16646801417425466,0.18235994870162983,0.20063567340811145,0.21613030957230203,0.2320222440996772,0.24831147699023692,0.26618990333353376,0.28168453949772454,0.2955899822091778,0.30790623146789375,0.3357171168908002,0.3496225596022534,0.36511719576644414,0.3857767106520318,0.40524433044806646,0.4465633602192418,0.480333721089914,0.5224473475874583,0.554628515005393,0.5780691184332711,0.5999205284084121,0.6197854465676311,0.6475963319905376,0.6650774599706502,0.6789829026821035,0.686928869945791,0.7012316110204287,0.7111640701000382,0.724672214448307,0.7334127784383635,0.7449344309707104,0.7504966080552916,0.7564560835030574,0.7723480180304325,0.7751291065727232,0.7806912836573046,0.7846642672891481,0.7922129361896515,0.8065156772642892,0.8144616445279768,0.8228049101548486,0.8339292643240113,0.8458482152195428,0.8597536579309959,0.8684942219210524,0.8895510351698243,0.8963051073439586,0.8998807926126182,0.9062375664235683,0.9257051862196028,0.9423917174733467,0.9598728454534593,0.9650377241748562,0.9694080061698845,0.979340465249494,0.9833134488813378,0.9837107472445222,0.9837107472445222,0.9956296981400536,0.9999999801350818,0.9956296981400536,0.981326957065416,0.9678188127171471,0.9495430880106656,0.9352403469360279,0.9078267598763058,0.8939213171648526,0.8827969629956901,0.8343265626871957,0.8065156772642892,0.781088582020489,0.7508939064184761,0.7262614079010447,0.7056018930154568,0.6825585879507632,0.6285260105576876,0.5820421020651153,0.5399284755675711,0.49940404252276427,0.4704012620103045,0.44537146512968884,0.4175605797067821,0.3933253795525351,0.37147396957739426,0.35359554323409725,0.33134683489577194,0.32141437581616245,0.3055224412887873,0.2936034903932559,0.28168453949772454,0.2697655886021932,0.2602304278857683,0.2502979688061586,0.24195470317928666,0.23599522773152098,0.2300357522837553,0.2224870833832523,0.22010329320414582,0.21811680138822392,0.21295192266682697,0.20262216522403312,0.19268970614442388,0.18633293233347362,0.17918156179615474,0.16845450599017656,0.15931664363693604,0.15057607964687952,0.14263011238319193,0.1390544271145325,0.13667063693542625,0.13309495166676705,0.12872466967173868,0.12673817785581679,0.12276519422397299,0.11680571877620731,0.11481922696028542,0.1112435416916262,0.1072705580597822,0.09773539734335708,0.09336511534832916,0.0870083415373789,0.085021849721457,0.0810488660896132,0.07906237427369131,0.07707588245776942,0.07707588245776942,0.07548668900503187,0.07350019718911022,0.07111640701000374,0.07111640701000374,0.06912991519408183,0.0675407217413443,0.06714342337815994,0.06714342337815994,0.06317043974631616,0.06317043974631616,0.06317043974631616,0.06158124629357884,0.05800556102491918,0.05721096429855047,0.05721096429855047,0.05721096429855047,0.05721096429855047,0.05522447248262858,0.05562177084581316,0.05721096429855047,0.05721096429855047,0.06158124629357884,0.06317043974631616,0.06317043974631616,0.06356773810950074,0.06714342337815994,0.06912991519408183,0.07310289882592563,0.07508939064184753,0.07707588245776942,0.07906237427369131,0.0810488660896132,0.085021849721457,0.08939213171648537,0.09296781698514457,0.09535160716425105,0.10131108261201674,0.10687325969659783,0.10925704987570431,0.11481922696028542,0.11680571877620731,0.1207787024080511,0.1247516860398949,0.12872466967173868,0.13071116148766057,0.13468414511950436,0.13706793529861083,0.14064362056727003,0.14104091893045462,0.14660309601503574,0.14898688619414222,0.1545490632787233,0.15494636164190767,0.15891934527375168,0.16289232890559524,0.16448152235833277,0.16487882072151736,0.16646801417425466,0.16686531253743925,0.17044099780609845,0.17282478798520493,0.17640047325386415,0.17838696506978605,0.18235994870162983,0.18434644051755172,0.1883194241493955,0.1903059159653174,0.1922924077812393,0.19268970614442388,0.1942788995971612,0.19626539141308308,0.19864918159218956,0.2002383750449269,0.20222486686084878,0.20421135867677068,0.20421135867677068,0.20619785049269257,0.20619785049269257,0.20818434230861446,0.21017083412453635,0.21215732594045825,0.21414381775638014,0.21613030957230203,0.21652760793548662,0.21811680138822392,0.21811680138822392,0.21811680138822392,0.21811680138822392,0.21811680138822392,0.21811680138822392,0.21811680138822392,0.21811680138822392,0.21811680138822392,0.21811680138822392,0.21613030957230203,0.21414381775638014,0.21017083412453635,0.20818434230861446,0.20619785049269257,0.20619785049269257,0.20421135867677068,0.20262216522403312,0.20222486686084878,0.19825188322900497,0.19626539141308308,0.1922924077812393,0.1883194241493955,0.18633293233347362,0.18633293233347362,0.18275724706481442,0.18037345688570794,0.17838696506978605,0.17640047325386415,0.17441398143794226,0.1708382961692828,0.16845450599017656,0.16448152235833277,0.160508538726489,0.1585220469105671,0.15494636164190767,0.15057607964687952,0.14858958783095763,0.14660309601503574,0.14104091893045462,0.13865712875134814,0.13468414511950436,0.13071116148766057,0.1247516860398949,0.12117600077123568,0.11918950895531379,0.11680571877620731,0.11481922696028542,0.11084624332844162,0.1072705580597822,0.10488676788067594,0.10290027606475405,0.09892729243291026,0.09694080061698836,0.09296781698514457,0.0870083415373789,0.0810488660896132,0.077473180820954,0.07350019718911022,0.06912991519408183,0.06515693156223805,0.06317043974631616,0.059594754477656726,0.059197456114472365,0.05562177084581316,0.053635279029891264,0.05125148885078479,0.04966229539804748,0.049264997034862895
13032500,0.0037831021403502956,0.0037831021403502956,0.003422806698412172,0.0031165555727647692,0.002792289675020456,0.0025400828656637737,0.0025400828656637737,0.0025400828656637737,0.0025400828656637737,0.0025220680935668636,0.0025220680935668636,0.0025220680935668636,0.002450009005179243,0.0024319942330823328,0.002359935144694712,0.002269861284210181,0.0021617726516287403,0.0020897135632411195,0.0019996397027565887,0.0019816249306596786,0.0019816249306596786,0.0019816249306596786,0.0019095658422720579,0.001819491981787527,0.0018014772096906168,0.0018014772096906168,0.0018014772096906168,0.0017294181213029962,0.001711403349206086,0.001711403349206086,0.001711403349206086,0.001711403349206086,0.001711403349206086,0.001711403349206086,0.001711403349206086,0.0017294181213029962,0.001711403349206086,0.001711403349206086,0.0017294181213029962,0.001711403349206086,0.001711403349206086,0.001711403349206086,0.001711403349206086,0.001711403349206086,0.001711403349206086,0.0017294181213029962,0.0018014772096906168,0.001819491981787527,0.0019996397027565887,0.002341920372597802,0.002341920372597802,0.0021978021958225505,0.0019996397027565887,0.0019996397027565887,0.0019996397027565887,0.0019095658422720579,0.0019095658422720579,0.0018915510701751478,0.0018915510701751478,0.0018915510701751478,0.0018915510701751478,0.001819491981787527,0.001711403349206086,0.001711403349206086,0.001711403349206086,0.001711403349206086,0.001711403349206086,0.001711403349206086,0.001711403349206086,0.001711403349206086,0.0018014772096906168,0.001819491981787527,0.0018915510701751478,0.0018915510701751478,0.0019095658422720579,0.0019816249306596786,0.0020716987911442095,0.0020716987911442095,0.0020716987911442095,0.0020716987911442095,0.0020716987911442095,0.0020897135632411195,0.0024319942330823328,0.0026301567261483045,0.0030625112564740486,0.003422806698412172,0.004053323721803888,0.004377589619548201,0.005062150959230637,0.009367681490391229,0.011889749583958071,0.012970635909772462,0.01387137451461775,0.014591965398493997,0.014591965398493997,0.015492704003339306,0.015672851724308386,0.017294181213029922,0.021797874237256463,0.022878760563070855,0.02450009005179239,0.026301567261483007,0.02990452168086424,0.02990452168086424,0.03260673749540016,0.038911907729317324,0.039812646334162635,0.04251486214869856,0.06593406587467666,0.08214736076189214,0.09836065564910768,0.110970996116942,0.11745631407182822,0.12628355239931224,0.13619167705261062,0.15168438105594995,0.16069176710440305,0.18122860729487605,0.1913168796691436,0.2370744007952852,0.2740046835939429,0.3244460454652801,0.3451630333767223,0.36786164621882395,0.40929562204170816,0.4386597005596653,0.45775535898238573,0.46352008605339573,0.5049540618762802,0.5645829575170394,0.6054764901770163,0.6296162847868707,0.6615024313983945,0.6910466576373206,0.7200504407133396,0.7373446219263695,0.7432894967183485,0.7481534851845132,0.76796973449111,0.7868852451928614,0.7955323357993764,0.7991352902187576,0.8027382446381389,0.8189515395253544,0.8198522781301998,0.8198522781301998,0.8288596641786529,0.8288596641786529,0.837867050227106,0.8396685274367967,0.846874436275559,0.846874436275559,0.846874436275559,0.8558818223240121,0.8558818223240121,0.8666906855821561,0.8738965944209183,0.875698071630609,0.8829039804693714,0.8829039804693714,0.8829039804693714,0.8829039804693714,0.8919113665178244,0.8919113665178244,0.9009187525662775,0.9099261386147306,0.9189335246631837,0.9279409107116368,0.9459556828085429,0.9477571600182337,0.954963068856996,0.9639704549054491,0.9639704549054491,0.9729778409539022,0.9819852270023552,0.9819852270023552,0.9909926130508083,0.9909926130508083,0.9909926130508083,0.9999999990992614,0.9999999990992614,0.9999999990992614,0.9999999990992614,0.9999999990992614,0.9999999990992614,0.9999999990992614,0.9999999990992614,0.9999999990992614,0.9999999990992614,0.9999999990992614,0.9999999990992614,0.9909926130508083,0.9909926130508083,0.9819852270023552,0.9639704549054491,0.9459556828085429,0.9279409107116368,0.9009187525662775,0.8919113665178244,0.875698071630609,0.8558818223240121,0.837867050227106,0.8173302100366329,0.811925778407561,0.797333813009067,0.774094757004058,0.7632858937459144,0.7540983599764922,0.738785803694122,0.7317600425763285,0.7279769404359783,0.7234732474117518,0.7200504407133396,0.7162673385729893,0.7110430546648865,0.7081606911293815,0.7002341914067428,0.6946496120567018,0.6885245895437537,0.6838407487985582,0.6820392715888676,0.6793370557743316,0.677535578564641,0.6739326241452598,0.6667267153064973,0.659881101909673,0.6550171134435083,0.64510898879021,0.639704557161138,0.6352008641369115,0.6279949552981491,0.6245721485997369,0.6207890464593866,0.618987569249696,0.6153846148303147,0.6036750129673257,0.6002522062689135,0.5912448202204604,0.581156547846193,0.5757521162171212,0.5678256164944825,0.5568366055153696,0.5514321738862978,0.5444064127685044,0.5334174017893917,0.5263916406715983,0.5208070613215573,0.5117996752731042,0.5058548004811252,0.5000900734101152,0.49378490317619805,0.4838767785228997,0.4739686538696013,0.46315979061145757,0.45505314316784984,0.4415420640951702,0.42803098502249054,0.4137993150659347,0.40461178129651254,0.3930823271544926,0.3757881459414627,0.3703837143123908,0.3624572145897521,0.3507476127267631,0.327148261279816,0.3181408752313629,0.3028283189489927,0.2885966489924368,0.27940911522301465,0.26247522945192286,0.25689065010188195,0.24428030963404765,0.2370744007952852,0.23347144637590395,0.2262655375371415,0.2082507654402353,0.20014411799662754,0.1965411635772463,0.1904161410642982,0.18393082310941197,0.17600432338677327,0.16429472152378427,0.15780940356889803,0.15060349473013557,0.14519906310106373,0.1415961086816825,0.13439019984292003,0.12358133658477631,0.11115114383791105,0.10826878030240607,0.09836065564910768,0.08845253099580928,0.08214736076189214,0.07043775889890312,0.0598090433617285,0.0470185551729251,0.044316339358389176,0.03711043051962671,0.02810304447117362,0.027202305866328314,0.023058908284039937,0.020897135632411155,0.019095658422720537,0.017294181213029922,0.015492704003339306,0.014591965398493997,0.014591965398493997,0.01279048818880338,0.009115474681034526,0.005764727071009974,0.0038011169124472057,0.0029724373959895177,0.002269861284210181,0.0018014772096906168,0.0014411817677524935,0.001170960186298901,0.0008106647443607776,0.0005404431629071851,0.0004503693024226542,0.00036029544193812336,0.00019816249306597194,0.00018014772096906168,0.00018014772096906168,1.8014772096900023e-05,0.0,0.0,0.0,9.007386048453084e-05,0.00010808863258144111,0.00018014772096906168,0.00027022158145359254,0.00036029544193812336,0.0004503693024226542,0.0004503693024226542,0.0004503693024226542,0.0005404431629071851,0.0006305170233917159,0.0006485317954886262,0.0007205908838762467,0.0008106647443607776,0.0009187533769422187,0.0010808863258143701,0.001170960186298901,0.0013511079072679626,0.001369122679364873,0.001621329488721555,0.001711403349206086,0.001819491981787527,0.001927580614368958,0.0020897135632411195,0.002341920372597802,0.0025400828656637737,0.0027202305866328358,0.002882363535504987,0.0029724373959895177,0.0029724373959895177,0.0032606737495400207,0.003332732837927641,0.0033507476100245515,0.0034408214705090824,0.0034408214705090824,0.0034408214705090824,0.0036029544193812335,0.0036930282798657644,0.003711043051962675,0.0037831021403502956
13037500,0.002659574465727328,0.002659574465727328,0.002659574465727328,0.002659574465727328,0.0017730496438182184,0.0017730496438182184,0.0017730496438182184,0.0017730496438182184,0.0017730496438182184,0.0017730496438182184,0.0017730496438182184,0.0017730496438182184,0.0017730496438182184,0.0017730496438182184,0.001063829786290931,0.0008865248219091092,0.0008865248219091092,0.0008865248219091092,0.0008865248219091092,0.0008865248219091092,0.0008865248219091092,0.0008865248219091092,0.0008865248219091092,0.0,0.0,0.0,0.0,0.0,0.0,0.0,0.0,0.0,0.0,0.0008865248219091092,0.0008865248219091092,0.0008865248219091092,0.0008865248219091092,0.0008865248219091092,0.0008865248219091092,0.0008865248219091092,0.0008865248219091092,0.0008865248219091092,0.0008865248219091092,0.0008865248219091092,0.0008865248219091092,0.0008865248219091092,0.001063829786290931,0.0017730496438182184,0.0017730496438182184,0.0017730496438182184,0.0017730496438182184,0.0017730496438182184,0.0017730496438182184,0.0017730496438182184,0.0017730496438182184,0.0017730496438182184,0.0017730496438182184,0.0017730496438182184,0.0017730496438182184,0.0017730496438182184,0.0017730496438182184,0.0017730496438182184,0.0017730496438182184,0.0017730496438182184,0.0017730496438182184,0.002659574465727328,0.002659574465727328,0.002659574465727328,0.002659574465727328,0.0028368794301091697,0.003546099287636437,0.003546099287636437,0.004432624109545546,0.004432624109545546,0.004432624109545546,0.004432624109545546,0.005319148931454656,0.005319148931454656,0.006205673753363765,0.006205673753363765,0.007092198575272874,0.007978723397181984,0.007978723397181984,0.007978723397181984,0.008865248219091092,0.008865248219091092,0.009751773041000202,0.010638297862909311,0.01152482268481842,0.01241134750672753,0.013297872328636638,0.015070921972454857,0.015248226936836678,0.015957446794363967,0.017730496438182183,0.018617021260091293,0.020390070903909513,0.02304964536963684,0.02570921983536417,0.030141843944909714,0.03457446805445526,0.037234042520182586,0.04184397159410998,0.04432624109545546,0.04698581556118279,0.05053191484881923,0.05407801413645566,0.06560283682127409,0.07641843964856522,0.10035460984011116,0.1136524821687478,0.12145390060154797,0.13421985803703917,0.14627659561500303,0.15691489347791232,0.17765957431058552,0.18989361685293119,0.1978723402501132,0.22003546079784098,0.24060283666613233,0.2742907798986784,0.3122340422763883,0.35035460961848,0.3663120564128439,0.4040780138261721,0.44929077974353654,0.49397163076775563,0.5203900704606471,0.553368793835666,0.5861702122463031,0.624999999445922,0.6663120561468865,0.70656028306156,0.7464539000474701,0.7801418432800162,0.8049645382934711,0.8138297865125622,0.8226950347316534,0.8315602829507445,0.8315602829507445,0.8404255311698355,0.8492907793889266,0.8492907793889266,0.8581560276080177,0.8670212758271089,0.8758865240461999,0.8758865240461999,0.8776595736900182,0.884751772265291,0.884751772265291,0.884751772265291,0.8936170204843821,0.8936170204843821,0.9024822687034731,0.9024822687034731,0.9113475169225643,0.9202127651416554,0.9202127651416554,0.9202127651416554,0.9219858147854736,0.9290780133607465,0.9290780133607465,0.9290780133607465,0.9379432615798375,0.9379432615798375,0.9468085097989286,0.9556737580180198,0.9556737580180198,0.9663120558809292,0.9734042544562019,0.9734042544562019,0.9734042544562019,0.982269502675293,0.982269502675293,0.9911347508943841,0.9911347508943841,0.9911347508943841,0.9911347508943841,0.9929078005382025,0.9999999991134751,0.9999999991134751,0.9999999991134751,0.9999999991134751,0.9999999991134751,0.9911347508943841,0.9911347508943841,0.9911347508943841,0.9911347508943841,0.9911347508943841,0.9911347508943841,0.9911347508943841,0.982269502675293,0.982269502675293,0.9734042544562019,0.9645390062371109,0.9379432615798375,0.9202127651416554,0.9024822687034731,0.884751772265291,0.8758865240461999,0.8581560276080177,0.8404255311698355,0.8315602829507445,0.8138297865125622,0.7960992900743801,0.7783687936361979,0.7668439709513795,0.7528368787652155,0.7413120560803971,0.7326241128256878,0.7242907794997422,0.7189716305682876,0.7129432617793057,0.7074468078834691,0.7039007085958328,0.697695034842469,0.6941489355548325,0.6923758859110143,0.6888297866233779,0.6852836873357414,0.681737588048105,0.6746453894728321,0.6702127653632866,0.6684397157194684,0.6624113469304864,0.6570921979990317,0.649822694459377,0.6436170207060133,0.632978722843104,0.6260638292322129,0.6214539001582856,0.61702127604874,0.6127659569035763,0.608156027829649,0.6037234037201034,0.6012411342187579,0.5968085101092123,0.5914893611777576,0.5815602831723756,0.570390070416321,0.563297871841048,0.5593971626246479,0.5514184392274659,0.5416666661864658,0.5336879427892838,0.5232269498907562,0.5159574463511015,0.5035460988443741,0.4957446804115739,0.4877659570143919,0.478723403830919,0.46737588611048236,0.4618794322146459,0.45496453860375485,0.43705673720119087,0.4301418435902998,0.4175531911191904,0.4044326237549356,0.39095744646191716,0.381205673420917,0.36897163087857127,0.36170212733891655,0.35035460961848,0.33882978693366156,0.33156028339400684,0.3200354607091884,0.3051418437011154,0.2891843969067514,0.27570921961373296,0.26507092175082364,0.2606382976412781,0.25017730474275063,0.2395390068798413,0.22517730476491374,0.2193262409403137,0.21294326222256804,0.20673758846920426,0.2003546097514587,0.18882978706664028,0.18546099274338565,0.17836879416811277,0.1719858154503672,0.1631205672312761,0.1551418438340941,0.1515957445464577,0.1453900707930939,0.13847517718220287,0.13209219846445727,0.12429078003165711,0.11897163110020245,0.10656028359347493,0.0966312055880929,0.09219858147854736,0.07801418432800161,0.0682624112870014,0.06294326235554676,0.05336879427892838,0.041666666629728136,0.03634751769827348,0.032092198553109776,0.029255319123000605,0.020390070903909513,0.017730496438182183,0.015957446794363967,0.015957446794363967,0.01347517729301848,0.01152482268481842,0.009751773041000202,0.008865248219091092,0.007978723397181984,0.007269503539654716,0.007092198575272874,0.006205673753363765,0.006205673753363765,0.005319148931454656,0.005319148931454656,0.004609929073927368,0.004432624109545546,0.003546099287636437,0.003546099287636437,0.003546099287636437,0.002659574465727328,0.002659574465727328,0.002659574465727328,0.0017730496438182184,0.0017730496438182184,0.0017730496438182184,0.0017730496438182184,0.0017730496438182184,0.0017730496438182184,0.0017730496438182184,0.0017730496438182184,0.0017730496438182184,0.0017730496438182184,0.0017730496438182184,0.0017730496438182184,0.0017730496438182184,0.0017730496438182184,0.0017730496438182184,0.0017730496438182184,0.0017730496438182184,0.0017730496438182184,0.0017730496438182184,0.0017730496438182184,0.0017730496438182184,0.0017730496438182184,0.002659574465727328,0.002659574465727328,0.002659574465727328,0.002659574465727328,0.002659574465727328,0.002659574465727328,0.002659574465727328,0.002659574465727328,0.002659574465727328,0.002659574465727328,0.002659574465727328,0.003546099287636437,0.003546099287636437,0.003546099287636437,0.002659574465727328,0.002659574465727328,0.002659574465727328,0.002659574465727328,0.002659574465727328,0.002659574465727328
13038500,0.013307240678459412,0.013307240678459412,0.013307240678459412,0.013307240678459412,0.013307240678459412,0.013307240678459412,0.013307240678459412,0.013307240678459412,0.013307240678459412,0.013307240678459412,0.013307240678459412,0.012328767099160927,0.012328767099160927,0.01135029351986244,0.01135029351986244,0.010371819940563954,0.009784735792984863,0.009393346361265468,0.009393346361265468,0.009393346361265468,0.008610567497826679,0.008414872781966981,0.008219178066107283,0.008023483350247588,0.00782778863438789,0.007866927577559838,0.007866927577559838,0.007866927577559838,0.008062622293419535,0.008258317009279233,0.008454011725138929,0.008923679043202199,0.009393346361265468,0.009393346361265468,0.009393346361265468,0.009393346361265468,0.009393346361265468,0.009393346361265468,0.008610567497826679,0.008610567497826679,0.008454011725138929,0.008454011725138929,0.008454011725138929,0.008610567497826679,0.008454011725138929,0.008610567497826679,0.008610567497826679,0.008610567497826679,0.009236790588577718,0.009393346361265468,0.009236790588577718,0.00919765164540577,0.00919765164540577,0.00919765164540577,0.00919765164540577,0.00919765164540577,0.008649706440998627,0.008454011725138929,0.008023483350247588,0.007632093918528192,0.007632093918528192,0.007475538145840421,0.0074363992026684955,0.006536203509713883,0.005949119362134792,0.005322896271383774,0.004696673180632734,0.004696673180632734,0.0048140900101485565,0.005283757328211826,0.005283757328211826,0.005362035214555722,0.005283757328211826,0.005283757328211826,0.005714285703103168,0.006536203509713883,0.007632093918528192,0.00919765164540577,0.009432485304437415,0.009902152622500706,0.012172211326473155,0.013346379621631361,0.014481408973617596,0.015459882552916082,0.015851271984635477,0.016438356132214567,0.017455968654685003,0.018590998006671237,0.019412915813281976,0.022309197608005486,0.023874755334883063,0.025831702493480036,0.02759295493621731,0.02900195689040714,0.03209393340099035,0.035851271945496546,0.041800391307631336,0.04778864961293808,0.04978473571470697,0.05405088052044839,0.05733855174689129,0.06121330712091329,0.06673189810815676,0.07244618381125993,0.08180039122935344,0.08962817986374133,0.0958904107712517,0.10528375713251711,0.11545988235722142,0.12876712303568078,0.14050880598726262,0.15420743609744142,0.18395303290811546,0.21291585085535059,0.23091976471444278,0.2598825826616779,0.2759295493621731,0.2970645786750204,0.3268101754856944,0.3463796470716642,0.3675146763845114,0.3855185902436036,0.40117416751237933,0.424657533415543,0.46418786601920214,0.5084148718034934,0.5283757328211826,0.541682973499642,0.5753424646275099,0.5945205467817603,0.6203522492752402,0.6356164371122967,0.6532289615396694,0.6602739713106187,0.67866927460143,0.6923679047116088,0.7064579242535071,0.7162426600464918,0.7275929535663543,0.7299412901566708,0.7334637950421452,0.7358121316324616,0.7397260259496555,0.7412915836765331,0.7455968674254465,0.7542074349232734,0.7608610552625029,0.7651663390114162,0.7690802333286102,0.7784735796898756,0.7882583154828605,0.7984344407075648,0.8097847342274271,0.825440311496203,0.8360078261526266,0.85322896114828,0.8610567497826679,0.8708414855756527,0.8747553798928467,0.8802348319369182,0.8845401156858316,0.8872798417078674,0.8978473563642909,0.8998043035228879,0.9037181978400819,0.9095890393158728,0.9158512702233831,0.921722111699174,0.9315068474921588,0.9428571410120213,0.9553816028270419,0.9667318963469044,0.9722113483909759,0.9761252427081698,0.9780821898667668,0.9839530313425577,0.986301367932874,0.9917808199769456,0.9917808199769456,0.9921722094086651,0.9937377671355426,0.9937377671355426,0.9960861037258589,0.9976516614527365,0.9999999980430528,0.9980430508844559,0.9976516614527365,0.9976516614527365,0.9960861037258589,0.994129156567262,0.9937377671355426,0.9937377671355426,0.9878669256597516,0.9823874736156801,0.9761252427081698,0.968297454073782,0.962426612597991,0.9506849296464092,0.9373776889679498,0.9252446165846485,0.9041095872718012,0.8864970628444285,0.8653620335315811,0.8414872781966981,0.825440311496203,0.8078277870688302,0.7863013683242636,0.7690802333286102,0.7475538145840435,0.7315068478835483,0.7236790592491604,0.7178082177733695,0.7099804291389816,0.7041095876631907,0.6908023469847313,0.6810176111917465,0.6727984331256391,0.6610567501740573,0.6442270046101235,0.6336594899536997,0.6317025427951027,0.6242661435924344,0.6199608598435209,0.6180039126849238,0.6144814077994494,0.607045008596781,0.604305282574745,0.6023483354161481,0.5984344410989542,0.5906066524645662,0.5827788638301784,0.5769080223543874,0.571428570310316,0.5616438345173311,0.5514677092926268,0.5455968678168359,0.543639920658239,0.537769079182448,0.5283757328211826,0.5228962807771111,0.5205479441867946,0.5142857132792843,0.5084148718034934,0.49902152544222805,0.49315068396643713,0.48532289533204914,0.4829745587417328,0.48101761158313583,0.47710371726594186,0.469275928631554,0.4594911928385691,0.4477495098869873,0.4399217212525994,0.43405087977680845,0.4183953025080327,0.4046966723978539,0.396868883763466,0.3839530325167261,0.3718199601334248,0.35577299343292956,0.3385518584372762,0.326418786053975,0.3107632087851992,0.2970645786750204,0.2833659485648416,0.2544031306176064,0.23874755334883063,0.22465753380693243,0.2191780817628609,0.2050880622209627,0.17612524427372755,0.16399217189042628,0.1487279840533699,0.1350293539431911,0.12289628155988987,0.11154598804002747,0.10332680997392014,0.09393346361265467,0.08571428554654739,0.0778864969121595,0.07025440299363131,0.06520547932445113,0.060704500859678094,0.05428571417948001,0.04853228953320492,0.045440313022621706,0.0424657533415543,0.04031311146709763,0.038395303251672605,0.03655577292259148,0.034442269991306715,0.032720156491741384,0.029549902094814284,0.024931506800525447,0.02160469663091057,0.019412915813281976,0.01780821914323245,0.016477495075386515,0.015303326780228312,0.013933463769210452,0.012407044985504823,0.010998043031314993,0.009589041077125165,0.007866927577559838,0.006653620339229706,0.0061056751348225625,0.005518590987243471,0.005479452044071523,0.005479452044071523,0.005283757328211826,0.005127201555524077,0.005127201555524077,0.005088062612352128,0.004892367896492431,0.0047358121238046825,0.0047358121238046825,0.0047358121238046825,0.0047358121238046825,0.004696673180632734,0.004540117407944985,0.004109589033053642,0.0037181996013342477,0.0031311154537551557,0.0027397260220357613,0.0025831702493480124,0.002544031306176064,0.002544031306176064,0.002544031306176064,0.002544031306176064,0.002387475533488315,0.0019960861017689208,0.0019960861017689208,0.0018003913859092236,0.0016046966700495264,0.0015655577268775778,0.0015655577268775778,0.0012133072383301317,0.0005479452044071657,7.82778863438967e-05,0.0,7.82778863438967e-05,7.82778863438967e-05,7.82778863438967e-05,0.000587084147579114,0.001722113499565349,0.004383561635257236,0.0047358121238046825,0.005009784726008254,0.005518590987243471,0.005518590987243471,0.0066927592824016545,0.0074363992026684955,0.007475538145840421,0.007671232861700141,0.007945205463903713,0.008610567497826679,0.009080234815889947,0.009393346361265468,0.009902152622500706,0.010567514656423652,0.01135029351986244,0.01135029351986244,0.012328767099160927,0.012328767099160927,0.012328767099160927,0.012328767099160927
13042500,0.08782483051221329,0.08782483051221329,0.08782483051221329,0.08782483051221329,0.08782483051221329,0.08782483051221329,0.08782483051221329,0.08782483051221329,0.08806544648621935,0.08902791038224361,0.08902791038224361,0.08902791038224361,0.08926852635624967,0.09023099025227393,0.09023099025227393,0.09023099025227393,0.0907122222002861,0.0938402298623649,0.0950433097323952,0.09576515765441347,0.09937439726450442,0.10226178895257712,0.10226178895257712,0.10226178895257712,0.10226178895257712,0.10226178895257712,0.10226178895257712,0.10226178895257712,0.10226178895257712,0.10226178895257712,0.10250240492658318,0.10346486882260744,0.10346486882260744,0.10250240492658318,0.10226178895257712,0.10226178895257712,0.10226178895257712,0.10226178895257712,0.10226178895257712,0.10226178895257712,0.10226178895257712,0.10226178895257712,0.10226178895257712,0.10226178895257712,0.10226178895257712,0.10226178895257712,0.10226178895257712,0.10033686116052866,0.09889316531649223,0.09865254934248617,0.0976900854464619,0.09624638960242553,0.0950433097323952,0.09408084583637094,0.0938402298623649,0.0938402298623649,0.09167468609631031,0.09143407012230426,0.09047160622627999,0.09023099025227393,0.08926852635624967,0.09023099025227393,0.09023099025227393,0.09023099025227393,0.09023099025227393,0.09023099025227393,0.09023099025227393,0.09023099025227393,0.09023099025227393,0.09143407012230426,0.0938402298623649,0.0950433097323952,0.0950433097323952,0.0950433097323952,0.09528392570640126,0.09624638960242553,0.09624638960242553,0.09624638960242553,0.09624638960242553,0.09624638960242553,0.09624638960242553,0.09624638960242553,0.09624638960242553,0.09744946947245585,0.09889316531649223,0.09985562921251649,0.09985562921251649,0.10105870908254681,0.10105870908254681,0.10105870908254681,0.10611164453667414,0.1070741084326984,0.1070741084326984,0.10851780427673477,0.11308950778285,0.11429258765288032,0.11669874739294096,0.11790182726297127,0.11934552310700765,0.12151106687306223,0.12391722661312288,0.1251203064831532,0.1251203064831532,0.12632338635318352,0.12872954609324416,0.12993262596327446,0.13137632180731085,0.13354186557336542,0.13594802531342606,0.1383541850534867,0.14076034479354735,0.15664099907794754,0.1636188623241234,0.1686717977782508,0.17468719712840247,0.210538977255306,0.23869104621401535,0.25288738868037314,0.2661212672507067,0.27309913049688245,0.2820019215351069,0.2911453285473372,0.3007699675075798,0.3132819981558951,0.3731953756834051,0.3837824785396718,0.39220403762988404,0.39821943698003565,0.4189124107445571,0.4427333921711574,0.4651106777537215,0.47305100489592156,0.48628488346625504,0.5043310815167098,0.5101058648928554,0.5250240552812312,0.5401828616436133,0.5558228999540075,0.5596727555381045,0.56544753891425,0.5702598583943713,0.572666018134432,0.5753127938484986,0.5801251133286199,0.5873435925488019,0.5945620717689838,0.6063522544952809,0.6087584142353415,0.6123676538454325,0.6162175094295296,0.621992292805675,0.625601532415766,0.6328200116359479,0.6364292512460388,0.6426852665701965,0.6503849777383905,0.6556785291665239,0.6607314646206514,0.6653031681267665,0.666746863970803,0.6677093278668271,0.6691530237108636,0.6732434952689667,0.6787776626711061,0.6809432064371607,0.6833493661772213,0.6908084613714093,0.6968238607215609,0.7066891156558096,0.7115014351359309,0.7170356025380702,0.7244946977322583,0.7377285763025918,0.7435033596787373,0.7473532152628343,0.7509624548729252,0.7581809340931072,0.7627526375992223,0.772617892533471,0.7846486912337742,0.795235794090041,0.8024542733102229,0.8123195282444715,0.8183349275946231,0.8291626464248959,0.8411934451251992,0.8498556201894175,0.8654956584998117,0.8787295370701452,0.8883541760303878,0.8987006629126484,0.91939363667717,0.9323868992734974,0.9400866104416914,0.9578921925181402,0.9764196225166071,0.9843599496588071,0.991337812904983,0.9963907483591103,0.9975938282291407,0.9997593719951952,0.9999999879692013,0.9973532122551346,0.9927815087490194,0.9889316531649224,0.9855630295288375,0.9841193336848011,0.9805100940747101,0.979547630178686,0.9771414704386253,0.975938390568595,0.9735322308285344,0.9639075918682918,0.9504330973239521,0.9408084583637095,0.9314244353774731,0.9227622603132548,0.9157843970670788,0.9049566782368061,0.8974975830426181,0.8902791038224361,0.8770452252521027,0.8604427230456843,0.8493743882414053,0.8322906540869749,0.8253127908407989,0.8147256879845322,0.8038979691542593,0.7964388739600713,0.7832049953897379,0.7596246299371436,0.7437439756527433,0.7338787207184947,0.7134263629279792,0.7038017239677367,0.6920115412414396,0.6763715029310455,0.6619345444906817,0.6523099055304391,0.6426852665701965,0.625601532415766,0.6195861330656144,0.6051491746252505,0.5885466724188322,0.5656881548882561,0.5486044207338255,0.5269489830732798,0.49687198632252183,0.47521654866197605,0.45476419087146064,0.43936476853507267,0.4201154906145876,0.40808469191428437,0.38739171814976275,0.37776707918952024,0.3662175124372291,0.35611164152897445,0.35033685815282906,0.34311837893264713,0.3320500441283681,0.30389797516965866,0.27815206595100983,0.2718960506268521,0.26828681101676116,0.24903753309627608,0.23363811075988802,0.2189605363455181,0.20933589738527553,0.19056785141280258,0.18407122011463883,0.17107795751831142,0.15880654284400214,0.147016360117705,0.1383541850534867,0.13354186557336542,0.13354186557336542,0.13137632180731085,0.13017324193728053,0.12752646622321384,0.11910490713300159,0.11549566752291064,0.10972088414676509,0.10490856466664382,0.09624638960242553,0.09143407012230426,0.08782483051221329,0.08301251103209202,0.08301251103209202,0.07820019155197075,0.07483156791588584,0.064003849085613,0.058950913631485635,0.056544753891425,0.053176130255340126,0.04258902739907334,0.038498555840970214,0.033686236360848935,0.02767083701069734,0.024061597400606382,0.021655437660545746,0.019249277920485107,0.019249277920485107,0.00697786324617595,0.004812319480121277,0.0036092396100909576,0.0036092396100909576,0.0024061597400606384,0.0024061597400606384,0.0012030798700303192,0.0012030798700303192,0.0012030798700303192,0.0012030798700303192,0.00024061597400608435,0.00024061597400608435,0.00024061597400608435,0.00024061597400608435,0.0,0.0,0.0,0.00024061597400608435,0.0012030798700303192,0.0012030798700303192,0.0014436958440364035,0.0036092396100909576,0.0036092396100909576,0.004812319480121277,0.0060153993501515955,0.0060153993501515955,0.0060153993501515955,0.0060153993501515955,0.0060153993501515955,0.0060153993501515955,0.007459095194187999,0.008421559090212234,0.008421559090212234,0.008662175064218318,0.009624638960242553,0.009624638960242553,0.009624638960242553,0.009624638960242553,0.009624638960242553,0.010827718830272873,0.012030798700303191,0.019730509868497274,0.022858517530576064,0.02767083701069734,0.030798844672776233,0.038498555840970214,0.039701635711000535,0.04090471558103085,0.04571703506115213,0.04595765103515821,0.048123194801212764,0.049326274671243085,0.049326274671243085,0.049326274671243085,0.04956689064524917,0.054138594151364364,0.054138594151364364,0.054138594151364364,0.054138594151364364,0.05534167402139468,0.058950913631485635,0.06280076921558268,0.06424446505961909,0.06809432064371612
13046000,0.04459861204560345,0.04479682809913951,0.045787908366819584,0.04479682809913951,0.04459861204560345,0.04459861204560345,0.04459861204560345,0.04459861204560345,0.04459861204560345,0.04459861204560345,0.04459861204560345,0.04459861204560345,0.04459861204560345,0.045787908366819584,0.0465807725809636,0.045787908366819584,0.045787908366819584,0.043805747831459435,0.04479682809913951,0.0465807725809636,0.04677898863449955,0.04757185284864368,0.04757185284864368,0.04677898863449955,0.04677898863449955,0.04757185284864368,0.04777006890217974,0.048959365223395876,0.05054509365168391,0.05074330970521997,0.05351833445472414,0.05351833445472414,0.05272547024058012,0.0537165505082602,0.05470763077594028,0.05649157525776437,0.05649157525776437,0.05470763077594028,0.05272547024058012,0.051536173919363985,0.051536173919363985,0.051536173919363985,0.051536173919363985,0.05054509365168391,0.049752229437539895,0.0479682849557158,0.0479682849557158,0.05054509365168391,0.051536173919363985,0.051536173919363985,0.05074330970521997,0.05074330970521997,0.05054509365168391,0.05054509365168391,0.049752229437539895,0.05054509365168391,0.05054509365168391,0.05074330970521997,0.051536173919363985,0.051536173919363985,0.051734389972900044,0.05272547024058012,0.05351833445472414,0.05450941472240422,0.05450941472240422,0.05450941472240422,0.05450941472240422,0.05649157525776437,0.05649157525776437,0.05867195184666058,0.06541129766688505,0.06957383479114143,0.07254707559418165,0.07353815586186173,0.0763131806113659,0.07829534114672605,0.0834489585386625,0.0856293351275586,0.09217046489424713,0.09712586623264752,0.10128840335690388,0.10426164415994411,0.11119920603370465,0.1189296321216092,0.12903865085194602,0.1397423177428908,0.14767095988433143,0.15758176256113218,0.16749256523793296,0.1774033679147337,0.1873141705915345,0.19722497326833527,0.19722497326833527,0.20713577594513602,0.2170465786219368,0.2170465786219368,0.22695738129873755,0.23686818397553833,0.23686818397553833,0.25668978932913983,0.2666005920059406,0.28642219735954216,0.30822596324850404,0.3260654080667452,0.3458870134203468,0.37561942145074906,0.3875123846629102,0.40535182948115134,0.4449950401883544,0.47472744821875673,0.49454905357235823,0.5143706589259598,0.5441030669563621,0.5639246723099636,0.5837462776635651,0.6035678830171667,0.6134786856939675,0.6253716489061286,0.6451932542597302,0.6630326990779712,0.6828543044315728,0.7125867124619751,0.7224975151387759,0.7324083178155767,0.7423191204923775,0.7522299231691781,0.7621407258459789,0.7621407258459789,0.7720515285227797,0.7819623311995805,0.7819623311995805,0.7819623311995805,0.7819623311995805,0.7819623311995805,0.7839444917349409,0.7918731338763813,0.7918731338763813,0.7938552944117414,0.7918731338763813,0.7918731338763813,0.7918731338763813,0.7918731338763813,0.7918731338763813,0.7918731338763813,0.7918731338763813,0.7938552944117414,0.7918731338763813,0.7918731338763813,0.7839444917349409,0.7819623311995805,0.7819623311995805,0.7819623311995805,0.7819623311995805,0.7819623311995805,0.7819623311995805,0.7819623311995805,0.7819623311995805,0.7819623311995805,0.7819623311995805,0.7819623311995805,0.7819623311995805,0.7740336890581401,0.7720515285227797,0.7720515285227797,0.7720515285227797,0.7819623311995805,0.7819623311995805,0.7819623311995805,0.7819623311995805,0.7918731338763813,0.7918731338763813,0.7918731338763813,0.801783936553182,0.8116947392299828,0.8116947392299828,0.8216055419067836,0.8315163445835844,0.841427147260385,0.8513379499371858,0.8711595552907874,0.8711595552907874,0.8810703579675881,0.8810703579675881,0.8909811606443889,0.8909811606443889,0.9008919633211897,0.9108027659979905,0.9108027659979905,0.9306243713515919,0.9405351740283927,0.9504459767051935,0.9603567793819943,0.9603567793819943,0.9603567793819943,0.970267582058795,0.9722497425941552,0.9801783847355958,0.9900891874123966,0.9900891874123966,0.9900891874123966,0.9999999900891974,0.9999999900891974,0.9999999900891974,0.9999999900891974,0.9900891874123966,0.9900891874123966,0.9801783847355958,0.9801783847355958,0.970267582058795,0.9603567793819943,0.9603567793819943,0.9504459767051935,0.9405351740283927,0.9306243713515919,0.9207135686747913,0.9028741238565501,0.8909811606443889,0.8711595552907874,0.8612487526139866,0.8513379499371858,0.841427147260385,0.8216055419067836,0.8116947392299828,0.801783936553182,0.7918731338763813,0.7918731338763813,0.7819623311995805,0.7720515285227797,0.7621407258459789,0.7522299231691781,0.7423191204923775,0.7324083178155767,0.7324083178155767,0.7224975151387759,0.7125867124619751,0.7026759097851744,0.6927651071083736,0.6828543044315728,0.6630326990779712,0.6432110937243698,0.633300291047569,0.6134786856939675,0.5857284381989255,0.5738354749867643,0.5540138696331629,0.5361744248149217,0.5242814616027606,0.504459856249159,0.4866204114309179,0.46481664554195595,0.4449950401883544,0.4350842375115537,0.4251734348347529,0.4152626321579521,0.39544102680435056,0.37561942145074906,0.35777997663250766,0.3557978160971475,0.3458870134203468,0.3280475686021056,0.30624380271314366,0.29633300003634294,0.28642219735954216,0.2765113946827414,0.2666005920059406,0.25668978932913983,0.24677898665233908,0.23686818397553833,0.23686818397553833,0.22695738129873755,0.2170465786219368,0.2170465786219368,0.2170465786219368,0.19722497326833527,0.1873141705915345,0.1774033679147337,0.16749256523793296,0.15758176256113218,0.1446977190812912,0.13042616322669812,0.12388503346000958,0.11714568763978511,0.11119920603370465,0.10822596523066441,0.10406342810640805,0.09930624282154372,0.09534192175082341,0.09335976121546327,0.09217046489424713,0.08939544014474296,0.08721506355584674,0.0834489585386625,0.07730426087904597,0.06580772977395707,0.05668979131130043,0.04598612442035553,0.04063429097488314,0.03468780936880268,0.029137759869794343,0.02299306221017771,0.01803766087177744,0.01486620401520115,0.014073339801057133,0.009910802676800766,0.007928642141440614,0.007928642141440614,0.00594648160608046,0.00594648160608046,0.004162537124256367,0.004162537124256367,0.003964321070720307,0.00297324080304023,0.00297324080304023,0.00297324080304023,0.00297324080304023,0.00297324080304023,0.00297324080304023,0.0009910802676800768,0.0009910802676800768,0.0,0.0,0.0,0.0,0.0001982160535360604,0.0013875123747521974,0.00297324080304023,0.0031714568565762904,0.003964321070720307,0.0031714568565762904,0.003964321070720307,0.0051536173919364435,0.006342913713152468,0.007928642141440614,0.008126858194976674,0.011100098998016904,0.01189296321216092,0.013875123747521072,0.015064420068737098,0.016848364550561302,0.018830525085921458,0.018830525085921458,0.018830525085921458,0.021803765888961685,0.02101090167481767,0.02101090167481767,0.02101090167481767,0.021803765888961685,0.024777006692001915,0.024777006692001915,0.024777006692001915,0.024777006692001915,0.024777006692001915,0.027750247495042145,0.026164519066754002,0.024777006692001915,0.022200197996033694,0.024777006692001915,0.026164519066754002,0.027948463548578207,0.028741327762722223,0.02993062408393836,0.028939543816258285,0.030723488298082375,0.030723488298082375,0.030723488298082375,0.030723488298082375
13047500,0.0,0.0,0.0,0.0,0.0,0.0,0.0,0.0,0.0,0.00188679243503026,0.00188679243503026,0.00283018865254539,0.00283018865254539,0.00283018865254539,0.00377358487006052,0.00471698108757565,0.00471698108757565,0.00471698108757565,0.00471698108757565,0.00566037730509078,0.00566037730509078,0.00566037730509078,0.00566037730509078,0.00566037730509078,0.00566037730509078,0.00566037730509078,0.0058490565485937954,0.00660377352260591,0.00660377352260591,0.00660377352260591,0.00660377352260591,0.0067924527661089255,0.00754716974012104,0.00754716974012104,0.00754716974012104,0.00754716974012104,0.00754716974012104,0.00754716974012104,0.00754716974012104,0.00754716974012104,0.00754716974012104,0.00754716974012104,0.00754716974012104,0.00754716974012104,0.00754716974012104,0.00754716974012104,0.00754716974012104,0.00754716974012104,0.00754716974012104,0.00754716974012104,0.00754716974012104,0.00754716974012104,0.00660377352260591,0.00660377352260591,0.00660377352260591,0.00660377352260591,0.00660377352260591,0.00566037730509078,0.00566037730509078,0.00471698108757565,0.00471698108757565,0.00471698108757565,0.00377358487006052,0.00377358487006052,0.00377358487006052,0.00377358487006052,0.00377358487006052,0.00377358487006052,0.00377358487006052,0.00377358487006052,0.00377358487006052,0.00283018865254539,0.00283018865254539,0.00283018865254539,0.00283018865254539,0.00283018865254539,0.00283018865254539,0.00283018865254539,0.00283018865254539,0.00283018865254539,0.00283018865254539,0.00283018865254539,0.00283018865254539,0.00283018865254539,0.00283018865254539,0.00283018865254539,0.00283018865254539,0.00283018865254539,0.00283018865254539,0.0030188678960484053,0.00377358487006052,0.00377358487006052,0.00377358487006052,0.00471698108757565,0.00471698108757565,0.00471698108757565,0.00471698108757565,0.00566037730509078,0.00566037730509078,0.00566037730509078,0.00660377352260591,0.00660377352260591,0.00754716974012104,0.00754716974012104,0.00849056595763617,0.0094339621751513,0.01037735839266643,0.01226415082769669,0.01415094326272695,0.01603773569775721,0.018113207376290488,0.02358490543787825,0.03207547139551442,0.046603773145247454,0.08433962184585266,0.1269811308775365,0.17075471537023854,0.1986792434086864,0.23283018648273415,0.26830188426130297,0.31169811026699906,0.35660377022071915,0.39094339253827,0.4339622600569598,0.47754716530615887,0.5266037686169456,0.5539622589248845,0.5871698057814169,0.6135848998718406,0.6443396165628338,0.6875471633250267,0.747169804271983,0.7924528227127092,0.8301886714133144,0.8584905579387684,0.8698113125489502,0.9150943309896762,0.926415085599858,0.9528301796902814,0.9622641418654326,0.9641509343004632,0.971698104040584,0.9735848964756142,0.9811320662157352,0.9905660283908866,0.9999999905660378,0.9999999905660378,0.9999999905660378,0.9999999905660378,0.9905660283908866,0.971698104040584,0.9622641418654326,0.9528301796902814,0.9339622553399788,0.8962264066393736,0.8679245201139196,0.8415094260234962,0.7849056529725882,0.754716974012104,0.7298113138697047,0.6911320689515843,0.6286792393520827,0.602075466018156,0.5462264099412603,0.5043396178835886,0.45867924095585616,0.4224528262032753,0.37660377003203993,0.3418867892274832,0.3092452801014598,0.2703773559398363,0.2481132052064792,0.22773584690815238,0.20433962071377718,0.187924526529014,0.1588679230295479,0.11415094231933084,0.07754716907974374,0.05962264094695626,0.044716980710217194,0.033584905343538675,0.02924528274296903,0.02641509409042364,0.02547169787290851,0.02358490543787825,0.02264150922036312,0.02169811300284799,0.02075471678533286,0.01981132056781773,0.019056603593805618,0.0188679243503026,0.01792452813278747,0.01792452813278747,0.017169811158775358,0.01698113191527234,0.01603773569775721,0.01509433948024208,0.01415094326272695,0.01226415082769669,0.01226415082769669,0.01132075461018156,0.01132075461018156,0.01037735839266643,0.0094339621751513,0.0094339621751513,0.0094339621751513,0.00849056595763617,0.00754716974012104,0.00754716974012104,0.00754716974012104,0.00754716974012104,0.00660377352260591,0.00660377352260591,0.00660377352260591,0.00660377352260591,0.00566037730509078,0.00566037730509078,0.00566037730509078,0.00566037730509078,0.00566037730509078,0.00566037730509078,0.00566037730509078,0.00566037730509078,0.00566037730509078,0.00471698108757565,0.00471698108757565,0.00471698108757565,0.00471698108757565,0.00471698108757565,0.00377358487006052,0.00377358487006052,0.00377358487006052,0.00377358487006052,0.00377358487006052,0.00377358487006052,0.00377358487006052,0.00377358487006052,0.00377358487006052,0.00377358487006052,0.00377358487006052,0.00377358487006052,0.00283018865254539,0.00283018865254539,0.00283018865254539,0.00283018865254539,0.00283018865254539,0.00283018865254539,0.00283018865254539,0.00283018865254539,0.00283018865254539,0.00283018865254539,0.00283018865254539,0.00283018865254539,0.00283018865254539,0.00283018865254539,0.00283018865254539,0.00283018865254539,0.00283018865254539,0.00283018865254539,0.00283018865254539,0.00283018865254539,0.00283018865254539,0.00283018865254539,0.00283018865254539,0.00188679243503026,0.0020754716785332753,0.00283018865254539,0.00283018865254539,0.00283018865254539,0.00283018865254539,0.00283018865254539,0.00283018865254539,0.00283018865254539,0.00283018865254539,0.00283018865254539,0.00283018865254539,0.00283018865254539,0.00283018865254539,0.00283018865254539,0.00283018865254539,0.00283018865254539,0.00283018865254539,0.00377358487006052,0.00377358487006052,0.00377358487006052,0.00377358487006052,0.00377358487006052,0.00377358487006052,0.00377358487006052,0.00377358487006052,0.00377358487006052,0.00377358487006052,0.00377358487006052,0.00377358487006052,0.00377358487006052,0.00377358487006052,0.00377358487006052,0.00377358487006052,0.00377358487006052,0.00471698108757565,0.00471698108757565,0.00471698108757565,0.00471698108757565,0.00471698108757565,0.00471698108757565,0.00471698108757565,0.00471698108757565,0.00471698108757565,0.00471698108757565,0.00566037730509078,0.00566037730509078,0.00566037730509078,0.00566037730509078,0.00566037730509078,0.00566037730509078,0.00566037730509078,0.00660377352260591,0.00660377352260591,0.00660377352260591,0.00660377352260591,0.00660377352260591,0.00660377352260591,0.00660377352260591,0.00660377352260591,0.00660377352260591,0.00660377352260591,0.00660377352260591,0.00660377352260591,0.00660377352260591,0.00566037730509078,0.00566037730509078,0.00566037730509078,0.00566037730509078,0.00566037730509078,0.00566037730509078,0.00566037730509078,0.004905660331078665,0.00471698108757565,0.00471698108757565,0.00471698108757565,0.00471698108757565,0.00471698108757565,0.00377358487006052,0.00377358487006052,0.00377358487006052,0.00283018865254539,0.00283018865254539,0.00188679243503026,0.00094339621751513,0.00018867924350301528,0.0,0.0,0.0,0.0,0.0,0.0,0.0,0.0,0.0,0.0,0.0,0.0,0.0,0.0,0.0,0.0
13049500,0.21851289667289153,0.21851289667289153,0.21881638680715942,0.21881638680715942,0.21851289667289153,0.21851289667289153,0.21881638680715942,0.21851289667289153,0.21851289667289153,0.21942336707569532,0.21851289667289153,0.21851289667289153,0.21851289667289153,0.21851289667289153,0.21851289667289153,0.21851289667289153,0.21851289667289153,0.21851289667289153,0.21851289667289153,0.21851289667289153,0.21790591640435572,0.21790591640435572,0.2156297403973465,0.21471926999454272,0.21471926999454272,0.21198785878613155,0.2109256433161939,0.2109256433161939,0.2109256433161939,0.2109256433161939,0.2109256433161939,0.2109256433161939,0.2109256433161939,0.2109256433161939,0.2109256433161939,0.2109256433161939,0.2109256433161939,0.2109256433161939,0.2109256433161939,0.2109256433161939,0.2109256433161939,0.2109256433161939,0.2109256433161939,0.2109256433161939,0.2109256433161939,0.2109256433161939,0.2109256433161939,0.2109256433161939,0.2109256433161939,0.2109256433161939,0.2109256433161939,0.2109256433161939,0.2109256433161939,0.2109256433161939,0.2109256433161939,0.21107738838332793,0.21335356439033723,0.21396054465887296,0.21471926999454272,0.21471926999454272,0.21547799533021247,0.21623672066588223,0.21699544600155202,0.21790591640435572,0.21851289667289153,0.21851289667289153,0.21851289667289153,0.2192716220085613,0.22230652335124035,0.22534142469391938,0.22610015002958916,0.22610015002958916,0.2262518950967232,0.2291350513722682,0.22989377670793795,0.23065250204360774,0.2314112273792775,0.23216995271494725,0.232928678050617,0.23368740338628677,0.23444612872195653,0.2352048540576263,0.23596357939329607,0.23611532446043001,0.23823975540030534,0.2389984807359751,0.23975720607164488,0.24051593140731464,0.24051593140731464,0.2412746567429844,0.24203338207865416,0.24355083274999367,0.245978753824137,0.2482549298311462,0.2526555367780308,0.2543247325165043,0.25796661412771915,0.26024279013472845,0.2655538674844168,0.26949923922989955,0.27845219819080275,0.28300455020482135,0.2905918035615189,0.2975720766496808,0.3050075849392444,0.31502275937008534,0.325644914069462,0.33839149970871396,0.35508345709344874,0.3696509835383082,0.3878603915943825,0.40091046736790237,0.4197268556925125,0.4417298904269357,0.4666160814369038,0.49772382019936406,0.5305007547002978,0.5599392977242845,0.6148710120267753,0.6631259433753722,0.6889226047881442,0.7192716182149346,0.7344461249283298,0.7587253356697624,0.7875568984252133,0.810318658495306,0.8254931652087013,0.8406676719220966,0.8558421786354918,0.8634294319921895,0.8861911920622824,0.89377844541898,0.9089529521323751,0.931714712202468,0.9393019655591657,0.9620637256292586,0.9772382323426538,0.9848254856993515,0.992412739056049,0.992412739056049,0.992412739056049,0.9999999924127466,0.9999999924127466,0.992412739056049,0.992412739056049,0.992412739056049,0.992412739056049,0.9863429363706911,0.9772382323426538,0.9711684296572959,0.9620637256292586,0.9559939229439004,0.9468892189158633,0.931714712202468,0.9028831494470173,0.8861911920622824,0.8406676719220966,0.7951441517819109,0.7663125890264599,0.7268588715716322,0.7040971115015394,0.6661608447180513,0.6098634248113549,0.5373292827213256,0.4878603908356573,0.42397571757226327,0.3696509835383082,0.33247344209048985,0.2951441555755375,0.24886191009968203,0.2192716220085613,0.1908952944545122,0.16160849649765935,0.12943854226526147,0.11320182008192857,0.08588770799781717,0.06418816339766192,0.05629741990669635,0.036570561179282556,0.03034901342679049,0.024430955808566357,0.018209408056074294,0.015933232049065008,0.012139605370716197,0.009104704028037147,0.0053110773496883356,0.0031866464098130143,0.0024279210741432523,0.0007587253356697623,0.0,0.0,0.0,0.0,0.0007587253356697623,0.0009104704028037277,0.0015174506713395246,0.0016691957384734899,0.002276176007009287,0.002276176007009287,0.002276176007009287,0.0024279210741432523,0.0024279210741432523,0.003034901342679049,0.003793626678348811,0.004552352014018574,0.0054628224168223015,0.00682852802102786,0.009104704028037147,0.00986342936370691,0.012898330706385958,0.01669195738473477,0.01972685872741382,0.022003034734423107,0.022761760070092868,0.025796661412771916,0.028072837419781203,0.03201820916526398,0.03429438517227327,0.03717754144781835,0.038694992119157876,0.0396054625219616,0.042488618797506685,0.04491653987164992,0.04704097081152526,0.050227617221338255,0.05417298896682105,0.06145675218925074,0.06525037886759956,0.07132018155295765,0.07587253356697622,0.0804248855809948,0.08361153199080779,0.0864946882663529,0.09059180507896963,0.0995447640398728,0.10470409632242719,0.10789074273224022,0.11229134967912481,0.11396054541759833,0.11790591716308108,0.1206373283714922,0.12367222971417124,0.12518968038551076,0.12822458172818982,0.13050075773519912,0.1327769337422084,0.1350531097492177,0.13672230548769118,0.13732928575622697,0.13732928575622697,0.13884673642756648,0.13884673642756648,0.13884673642756648,0.13884673642756648,0.13884673642756648,0.13884673642756648,0.13884673642756648,0.13960546176323627,0.14036418709890602,0.14036418709890602,0.14051593216604,0.14112291243457578,0.14112291243457578,0.14112291243457578,0.14127465750170976,0.1427921081730493,0.14339908844158505,0.14339908844158505,0.14415781377725484,0.1449165391129246,0.14734446018706787,0.1488619108584074,0.15022761646261293,0.1525037924696222,0.1547799684766315,0.15720788955077472,0.16024279089345378,0.1625189669004631,0.16540212317600816,0.17314112159983977,0.18133535522507319,0.18452200163488616,0.18816388324610103,0.1911987845887801,0.19347496059578936,0.19666160700560237,0.20045523368395127,0.20424886036230008,0.20864946730918463,0.21168436865186366,0.21487101506167666,0.21775417133722177,0.21851289667289153,0.2207890726799008,0.22230652335124035,0.22458269935824962,0.22610015002958916,0.22761760070092868,0.22837632603659844,0.22989377670793795,0.23216995271494725,0.23444612872195653,0.2352048540576263,0.23596357939329607,0.23823975540030534,0.23975720607164488,0.24051593140731464,0.2412746567429844,0.2412746567429844,0.24355083274999367,0.24506828342133322,0.24582700875700297,0.24658573409267273,0.2473444594283425,0.2473444594283425,0.2473444594283425,0.2473444594283425,0.24658573409267273,0.24658573409267273,0.2473444594283425,0.24886191009968203,0.24886191009968203,0.24810318476401225,0.24658573409267273,0.24582700875700297,0.24506828342133322,0.24203338207865416,0.24142640181011843,0.2412746567429844,0.2412746567429844,0.2412746567429844,0.24066767647444867,0.23990895113877891,0.23990895113877891,0.23915022580310905,0.23748103006463558,0.23687404979609986,0.2352048540576263,0.23459787378909058,0.23444612872195653,0.23368740338628677,0.23368740338628677,0.23368740338628677,0.23368740338628677,0.232928678050617,0.23065250204360774,0.22989377670793795,0.22989377670793795,0.22852807110373247,0.2277693457680627,0.22610015002958916,0.22610015002958916,0.22610015002958916,0.22610015002958916,0.22610015002958916,0.22610015002958916,0.22610015002958916,0.22549316976105344,0.22610015002958916,0.22610015002958916,0.22610015002958916,0.22549316976105344,0.2239757190897138,0.2239757190897138,0.22321699375404414,0.22245826841837438
13050500,0.2773722607491076,0.2773722607491076,0.27883211475305025,0.28467153076882096,0.28467153076882096,0.28467153076882096,0.28467153076882096,0.28467153076882096,0.28467153076882096,0.28467153076882096,0.28467153076882096,0.28467153076882096,0.28467153076882096,0.28467153076882096,0.28467153076882096,0.28467153076882096,0.28467153076882096,0.28467153076882096,0.28467153076882096,0.28467153076882096,0.28467153076882096,0.28467153076882096,0.28467153076882096,0.28467153076882096,0.28467153076882096,0.28467153076882096,0.28467153076882096,0.28467153076882096,0.28467153076882096,0.28467153076882096,0.2861313847727636,0.2919708007885343,0.2992700708082477,0.2992700708082477,0.306569340827961,0.306569340827961,0.306569340827961,0.306569340827961,0.306569340827961,0.306569340827961,0.306569340827961,0.3080291948319037,0.31386861084767437,0.31386861084767437,0.31386861084767437,0.31386861084767437,0.31386861084767437,0.31386861084767437,0.31386861084767437,0.31386861084767437,0.31386861084767437,0.31386861084767437,0.306569340827961,0.306569340827961,0.306569340827961,0.306569340827961,0.306569340827961,0.306569340827961,0.306569340827961,0.306569340827961,0.306569340827961,0.3007299248121905,0.2992700708082477,0.2992700708082477,0.2919708007885343,0.2919708007885343,0.2919708007885343,0.2919708007885343,0.28467153076882096,0.28467153076882096,0.28467153076882096,0.28467153076882096,0.2773722607491076,0.2773722607491076,0.2773722607491076,0.2700729907293942,0.2700729907293942,0.2700729907293942,0.26277372070968086,0.26277372070968086,0.2554744506899675,0.2554744506899675,0.2554744506899675,0.2554744506899675,0.2554744506899675,0.2554744506899675,0.2554744506899675,0.2569343046939104,0.26277372070968086,0.26277372070968086,0.26277372070968086,0.26277372070968086,0.2700729907293942,0.2700729907293942,0.2773722607491076,0.27883211475305025,0.2861313847727636,0.2919708007885343,0.3007299248121905,0.31386861084767437,0.32262773487133056,0.33576642090681447,0.34306569092652783,0.35912408496989734,0.386861311044808,0.408759121103948,0.4306569311630881,0.45985401124194153,0.48175182130108163,0.4905109453247378,0.5328467114390751,0.5620437915179285,0.5927007256007248,0.6350364917150622,0.6715328418136289,0.7007299218924823,0.7518248120304758,0.773722622089616,0.8102189721881827,0.8394160522670361,0.8540145923064628,0.8832116723853163,0.9051094824444563,0.9197080224838831,0.9270072925035964,0.9416058325430231,0.9430656865469658,0.9635036426021633,0.9708029126218766,0.9795620366455327,0.9795620366455327,0.986861306665246,0.9927007226810166,0.9941605766849593,0.99999999270073,0.99999999270073,0.99999999270073,0.99999999270073,0.99999999270073,0.99999999270073,0.9927007226810166,0.9854014526613033,0.9635036426021633,0.9576642265863928,0.9489051025627365,0.9416058325430231,0.9270072925035964,0.9124087524641697,0.8934306504129154,0.8700729863498322,0.8335766362512654,0.8248175122276095,0.8029197021684693,0.7664233520699025,0.7167883159358517,0.6715328418136289,0.6350364917150622,0.613138681655922,0.5766423315573552,0.5416058354627311,0.48613138331290995,0.4452554712025148,0.42335766114337475,0.37226277100538124,0.33722627491075713,0.2919708007885343,0.26277372070968086,0.24087591065054081,0.21897810059140074,0.1985401445362035,0.17664233447706343,0.16788321045340723,0.14598540039426716,0.1386861303745538,0.12408759033512708,0.11678832031541372,0.11678832031541372,0.10948905029570037,0.102189780275987,0.102189780275987,0.102189780275987,0.09489051025627365,0.09489051025627365,0.09489051025627365,0.08759124023656029,0.08759124023656029,0.08759124023656029,0.08759124023656029,0.08759124023656029,0.08759124023656029,0.08175182422078978,0.08029197021684693,0.08759124023656029,0.08759124023656029,0.08759124023656029,0.08759124023656029,0.08759124023656029,0.08759124023656029,0.08759124023656029,0.08759124023656029,0.08175182422078978,0.08175182422078978,0.08759124023656029,0.08759124023656029,0.08759124023656029,0.08759124023656029,0.08759124023656029,0.08759124023656029,0.08759124023656029,0.08759124023656029,0.08759124023656029,0.08759124023656029,0.08759124023656029,0.08759124023656029,0.08759124023656029,0.08759124023656029,0.08759124023656029,0.08759124023656029,0.08759124023656029,0.08759124023656029,0.08759124023656029,0.08759124023656029,0.08175182422078978,0.08029197021684693,0.08029197021684693,0.07445255420107624,0.07299270019713358,0.07299270019713358,0.07299270019713358,0.07299270019713358,0.06569343017742021,0.06569343017742021,0.06510948857584319,0.06350364917150621,0.05999999956204383,0.05562043755021582,0.054744525147850186,0.05401459814587885,0.05197080254035914,0.0490510945324738,0.048905109132079495,0.04773722592892534,0.04613138652458845,0.04306569311630881,0.04189780991315466,0.043357663917097326,0.043357663917097326,0.04189780991315466,0.03897810190526931,0.03518248149501842,0.035036496094624114,0.03430656909265278,0.03372262749107575,0.028029196875699276,0.024963503467419716,0.02189781005914007,0.01912408745164903,0.018394160449677694,0.018394160449677694,0.018248175049283395,0.016204379443763687,0.016204379443763687,0.014890510840215233,0.011678832031541372,0.010218978027598701,0.006715328418136322,0.00525547441419365,0.0030656934082796436,0.002919708007885343,0.0010218978027598535,0.0,0.0,0.00014598540039430035,0.00014598540039430035,0.0010218978027598535,0.002189781005914007,0.0030656934082796436,0.003795620410250979,0.004379562011828014,0.004379562011828014,0.009635036426021665,0.011678832031541372,0.016788321045340723,0.018248175049283395,0.02423357646544838,0.029635036280036248,0.0410218975107891,0.04919707993286802,0.05999999956204383,0.06364963457190051,0.06569343017742021,0.07445255420107624,0.08759124023656029,0.08759124023656029,0.102189780275987,0.10948905029570037,0.1109489042996432,0.11824817431935657,0.13138686035484043,0.1386861303745538,0.14598540039426716,0.1532846704139805,0.16788321045340723,0.17518248047312057,0.18248175049283394,0.19708029053226064,0.204379560551974,0.21167883057168738,0.21897810059140074,0.2204379545953434,0.22627737061111408,0.23357664063082745,0.24087591065054081,0.24087591065054081,0.24087591065054081,0.24087591065054081,0.24817518067025415,0.24817518067025415,0.24817518067025415,0.2554744506899675,0.2554744506899675,0.2554744506899675,0.2554744506899675,0.2554744506899675,0.2554744506899675,0.2554744506899675,0.2554744506899675,0.2554744506899675,0.2554744506899675,0.2554744506899675,0.2554744506899675,0.2569343046939104,0.2554744506899675,0.2554744506899675,0.26277372070968086,0.26277372070968086,0.26277372070968086,0.26277372070968086,0.26277372070968086,0.26277372070968086,0.26277372070968086,0.26277372070968086,0.26277372070968086,0.26277372070968086,0.2642335747136237,0.2700729907293942,0.2700729907293942,0.2700729907293942,0.2700729907293942,0.2642335747136237,0.26277372070968086,0.26277372070968086,0.26277372070968086,0.26277372070968086,0.26277372070968086,0.26277372070968086,0.26277372070968086,0.2700729907293942,0.2700729907293942,0.2700729907293942,0.2700729907293942,0.2700729907293942,0.2700729907293942,0.2773722607491076,0.2773722607491076,0.27153284473333705
13052200,0.007906976560302951,0.006976744023796651,0.00511627895078425,0.0,0.0,0.0,0.0,0.0,0.0,0.0,0.0,0.0,0.0,0.0,0.0,0.0,0.0,0.0046511626825311006,0.0027906976095187002,0.00046511626825314974,0.00511627895078425,0.00511627895078425,0.006976744023796651,0.00511627895078425,0.00511627895078425,0.006976744023796651,0.007906976560302951,0.007906976560302951,0.011627906706327752,0.009767441633315352,0.009767441633315352,0.011627906706327752,0.011627906706327752,0.011627906706327752,0.011627906706327752,0.011627906706327752,0.011627906706327752,0.011627906706327752,0.011627906706327752,0.011627906706327752,0.011627906706327752,0.011627906706327752,0.011627906706327752,0.01627906938885885,0.023255813412655504,0.023255813412655504,0.023255813412655504,0.028372092363439756,0.030232557436452156,0.034883720118983254,0.034883720118983254,0.034883720118983254,0.034883720118983254,0.034883720118983254,0.034883720118983254,0.034883720118983254,0.037674417728501955,0.04651162682531101,0.04651162682531101,0.05348837084910766,0.05813953353163876,0.05813953353163876,0.05813953353163876,0.05813953353163876,0.06976744023796651,0.07953488187128187,0.08139534694429426,0.08837209096809091,0.09581395126014065,0.10465116035694977,0.10511627662520284,0.11441860199026505,0.11906976467279615,0.1255813924283397,0.12790697376960528,0.13953488047593302,0.14883720584099522,0.15116278718226078,0.15581394986479188,0.16279069388858852,0.16744185657111962,0.17023255418063826,0.17441860059491626,0.1772092982044349,0.18139534461871293,0.18372092595997846,0.18604650730124403,0.18604650730124403,0.18837208864250957,0.19069766998377513,0.19302325132504067,0.19302325132504067,0.19767441400757177,0.19767441400757177,0.2004651116170904,0.20232557669010287,0.20232557669010287,0.20465115803136844,0.20465115803136844,0.20465115803136844,0.20465115803136844,0.20279069295835597,0.20232557669010287,0.20232557669010287,0.20465115803136844,0.20465115803136844,0.20465115803136844,0.20465115803136844,0.20697673937263397,0.20930232071389954,0.20930232071389954,0.2144185996646837,0.21860464607896174,0.21860464607896174,0.2190697623472148,0.22093022742022728,0.22558139010275838,0.22790697144402394,0.23023255278528948,0.23720929680908615,0.24186045949161725,0.24651162217414835,0.253488366197945,0.2604651102217416,0.27209301692806936,0.27906976095186603,0.2865116212439159,0.2953488303407249,0.30232557436452157,0.3093023183883182,0.31627906241211484,0.32139534136289916,0.3330232480692269,0.3446511547755547,0.3558139452136292,0.3697674332612225,0.3981395256246623,0.4186046414277991,0.4465116175229857,0.46325580318009774,0.4906976630070311,0.5116278950784211,0.5265116156625208,0.5469767314656577,0.574418591292591,0.599999986046512,0.625581380800433,0.6581395195781508,0.6953488210383996,0.7162790531097895,0.7306976574256362,0.7609302148620883,0.7772092842509472,0.8162790507842081,0.8465116082206603,0.8716278867063284,0.9093023044348302,0.9395348618712823,0.9534883499188757,0.9651162566252034,0.9860464886965934,0.9953488140616555,0.9958139303299087,0.9981395116711743,0.9999999767441866,0.9976743954029211,0.9897674188426183,0.9860464886965934,0.9697674193077345,0.954418582455382,0.9176743972633865,0.9009302116062744,0.8697674216333158,0.8330232364413204,0.7916278885667933,0.7493023081557606,0.7279069598161173,0.7093023090859929,0.689302309551109,0.6651162636019474,0.6469767291400763,0.6232557994591675,0.596279055900487,0.5795348702433754,0.560930219513251,0.5469767314656577,0.5372092898323422,0.5213953367117363,0.5139534764196866,0.5046511510546244,0.49116277927528434,0.4837209189832345,0.47488370988642536,0.46558138452136316,0.4558139428880479,0.43767440842617655,0.4302325481341268,0.4209302227690646,0.40279068830719345,0.39069766533261246,0.38139533996755026,0.36372092177393217,0.3488372011898325,0.3372092944835048,0.32093022509464597,0.3093023183883182,0.2981395279502437,0.28930231885343455,0.28139534229313157,0.2725581331963226,0.2674418542455383,0.26279069156300716,0.253488366197945,0.24651162217414835,0.2358139480043269,0.23023255278528948,0.22093022742022728,0.21627906473769618,0.21395348339643064,0.20697673937263397,0.20232557669010287,0.19999999534883733,0.19534883266630623,0.1911627862520282,0.18418604222823157,0.18139534461871293,0.17906976327744736,0.1725581355219038,0.17023255418063826,0.1697674379123852,0.1651162752298541,0.16279069388858852,0.16046511254732299,0.15813953120605742,0.15581394986479188,0.15348836852352632,0.15116278718226078,0.15116278718226078,0.14883720584099522,0.14651162449972968,0.14186046181719858,0.13720929913466748,0.13534883406165502,0.13255813645213638,0.1302325551108708,0.12790697376960528,0.1255813924283397,0.12325581108707417,0.11906976467279615,0.11627906706327752,0.11627906706327752,0.11627906706327752,0.11395348572201197,0.11395348572201197,0.11162790438074642,0.11162790438074642,0.1120930206489995,0.10976743930773394,0.11162790438074642,0.1120930206489995,0.11395348572201197,0.11395348572201197,0.11395348572201197,0.1120930206489995,0.1120930206489995,0.1120930206489995,0.11395348572201197,0.11395348572201197,0.11395348572201197,0.11395348572201197,0.11441860199026505,0.11627906706327752,0.11627906706327752,0.11627906706327752,0.11627906706327752,0.11627906706327752,0.11627906706327752,0.11627906706327752,0.11627906706327752,0.11627906706327752,0.11627906706327752,0.11627906706327752,0.11627906706327752,0.11627906706327752,0.11441860199026505,0.11395348572201197,0.11395348572201197,0.11395348572201197,0.11395348572201197,0.11395348572201197,0.11395348572201197,0.11395348572201197,0.11395348572201197,0.11162790438074642,0.11162790438074642,0.10930232303948087,0.10930232303948087,0.10930232303948087,0.10930232303948087,0.10930232303948087,0.10930232303948087,0.10930232303948087,0.10930232303948087,0.10930232303948087,0.10930232303948087,0.10930232303948087,0.10930232303948087,0.10930232303948087,0.10697674169821532,0.10697674169821532,0.10465116035694977,0.10465116035694977,0.10465116035694977,0.10465116035694977,0.10465116035694977,0.10465116035694977,0.10232557901568422,0.09999999767441867,0.09999999767441867,0.09767441633315312,0.09534883499188757,0.09302325365062201,0.09302325365062201,0.09302325365062201,0.08837209096809091,0.08604650962682536,0.08186046321254735,0.08139534694429426,0.08139534694429426,0.08139534694429426,0.07674418426176316,0.07255813784748522,0.06976744023796651,0.06976744023796651,0.06558139382368856,0.05813953353163876,0.05813953353163876,0.05813953353163876,0.05813953353163876,0.05813953353163876,0.05813953353163876,0.05813953353163876,0.05627906845862636,0.04744185936181731,0.04651162682531101,0.041860464142779906,0.034883720118983254,0.034883720118983254,0.034883720118983254,0.034883720118983254,0.034883720118983254,0.034883720118983254,0.034883720118983254,0.0325581387777177,0.026046511022174205,0.023255813412655504,0.016744185657112002,0.01627906938885885,0.013953488047593303,0.012093022974580902,0.011627906706327752,0.011627906706327752,0.011627906706327752,0.011627906706327752,0.011627906706327752,0.011627906706327752
13055000,0.0045045044639233835,0.0045045044639233835,0.0045045044639233835,0.0028828828569110064,0.00198198196412633,0.0018018017855693533,0.0018018017855693533,0.00198198196412633,0.00270270267835403,0.00270270267835403,0.0028828828569110064,0.003783783749695683,0.0045045044639233835,0.0045045044639233835,0.0045045044639233835,0.0045045044639233835,0.00270270267835403,0.00198198196412633,0.0009009008927846766,0.0,0.0,0.0,0.0,0.0,0.0,0.0,0.0,0.0,0.0,0.0,0.0,0.0009009008927846766,0.0018018017855693533,0.0028828828569110064,0.0045045044639233835,0.0045045044639233835,0.007207207142277413,0.00810810803506209,0.00810810803506209,0.009009008927846767,0.009009008927846767,0.009009008927846767,0.009009008927846767,0.009009008927846767,0.009909909820631443,0.01081081071341612,0.011711711606200796,0.012612612498985473,0.01351351339177015,0.015495495355896428,0.017117116962908855,0.018018017855693534,0.018018017855693534,0.019819819641262885,0.022522522319616916,0.02432432410518627,0.0270270267835403,0.027927927676324977,0.029909909640451256,0.03153153124746368,0.033333333033033034,0.03513513481860239,0.03603603571138707,0.036936936604171744,0.038738738389741095,0.03963963928252577,0.04054054017531045,0.043423423032221506,0.04684684642480318,0.04864864821037254,0.052252251781511244,0.05495495445986528,0.057657657138219305,0.059459458923788656,0.06306306249492737,0.06504504445905375,0.06756756695885074,0.06936936874442011,0.07207207142277414,0.07477477410112816,0.07765765695803922,0.07927927856505154,0.0821621614219626,0.0857657649931013,0.09009008927846766,0.0938738730281634,0.09639639552796041,0.10090089999188379,0.10360360267023781,0.10720720624137653,0.11081080981251523,0.1127927917766415,0.11621621516922329,0.11891891784757731,0.12072071963314668,0.12252252141871603,0.12630630516841176,0.12882882766820877,0.13243243123934748,0.13783783659605553,0.14072071945296658,0.14522522391688986,0.15135134998782568,0.15693693552309076,0.16486486337959583,0.17027026873630388,0.17837837677136598,0.18198198034250468,0.1891891874847821,0.19747747569840116,0.2102702683759435,0.22882882676730787,0.24342342123041968,0.26252252015745486,0.27927927676324976,0.2940540514049185,0.31459459176040916,0.3335135105088872,0.34414414104374647,0.3571171138998459,0.3720720687200715,0.38558558211184163,0.40288287925330746,0.42108107728755795,0.4396396356789222,0.4614414372843114,0.47207206781917055,0.4958558513886861,0.5189189142439737,0.5446846797776155,0.5614414363834106,0.5866666613813815,0.6118918863793524,0.6486486428049671,0.6666666606606607,0.6846846785163543,0.7027026963720477,0.7297297231555882,0.7495495427968512,0.7747747677948219,0.7927927856505155,0.8198198124340558,0.8288288213619025,0.8468468392175961,0.8666666588588592,0.9009008927846767,0.9189189106403702,0.9477477392094799,0.9729729642074508,0.9909909820631443,0.9999999909909911,0.9999999909909911,0.9999999909909911,0.9999999909909911,0.9999999909909911,0.9909909820631443,0.9819819731352976,0.9729729642074508,0.9567567481373266,0.9387387302816332,0.927927919568217,0.9189189106403702,0.9099099017125234,0.9009008927846767,0.8666666588588592,0.8468468392175961,0.8198198124340558,0.8018017945783622,0.7837837767226687,0.7657657588669752,0.7477477410112816,0.7117117052998946,0.6756756695885074,0.657657651732814,0.6306306249492737,0.6216216160214268,0.5949549495950004,0.5837837785244705,0.568648643525688,0.5560360310267025,0.5425225176349323,0.5308108060287315,0.5225225178151125,0.5100900854946839,0.4972972928171415,0.48828828388929474,0.479279274961448,0.46954954531937354,0.4560360319276033,0.44612612210697195,0.43711711317912516,0.4308108069296324,0.4225225187160134,0.41441441068095125,0.4081081044314585,0.40198197836052274,0.39027026675432197,0.38018017675513355,0.36774774443470504,0.35963963639964297,0.35135134818602387,0.3427026996152911,0.3308108078305333,0.31891891604577555,0.31171170890349814,0.30630630354679006,0.30270269997565136,0.298198195511728,0.2945945919405893,0.2875675649768688,0.2839639614057301,0.2783783758704651,0.2738738714065417,0.2711711687281877,0.2652252228358089,0.25603603372940514,0.2504504481941401,0.2463063040873306,0.2432432410518627,0.23873873658793932,0.2380180158737116,0.23639639426669923,0.2353153131953576,0.23351351140978824,0.22972972766009256,0.22810810605308018,0.2279279258745232,0.2272072051602955,0.22702702498173852,0.22450450248194145,0.22180179980358744,0.22162161962503046,0.22090089891080275,0.22090089891080275,0.22090089891080275,0.22072071873224577,0.2199999980180181,0.21891891694667642,0.21819819623244874,0.2162162142683224,0.21459459266131004,0.21171170980439902,0.2082882864118173,0.20558558373346325,0.19819819641262887,0.19549549373427483,0.1929729712344778,0.19009008837756677,0.1884684667705544,0.18468468302085872,0.18018017855693533,0.1776576560571383,0.17387387230744258,0.1677477462365069,0.16144143998701416,0.15675675534453373,0.15495495355896438,0.15135134998782568,0.14864864730947164,0.14612612480967466,0.14414414284554827,0.14324324195276358,0.14054053927440957,0.13333333213213214,0.13063062945377812,0.12792792677542408,0.12612612498985473,0.12522522409707004,0.1234234223115007,0.1209008998117037,0.119819818740362,0.11891891784757731,0.11639639534778022,0.11531531427643861,0.11351351249086926,0.11081080981251523,0.11009008909828757,0.10900900802694588,0.1081081071341612,0.10720720624137653,0.10648648552714887,0.10630630534859184,0.10450450356302249,0.10360360267023781,0.10270270177745314,0.10270270177745314,0.10270270177745314,0.10288288195601017,0.10270270177745314,0.10180180088466846,0.10090089999188379,0.09999999909909911,0.09837837749208668,0.09657657570651743,0.09207207124259405,0.09099099017125234,0.09009008927846766,0.09009008927846766,0.09009008927846766,0.08918918838568299,0.08648648570732896,0.08558558481454429,0.08378378302897493,0.08198198124340558,0.0810810803506209,0.07927927856505154,0.07927927856505154,0.07837837767226687,0.07747747677948219,0.07585585517246987,0.07387387320834349,0.07297297231555881,0.07225225160133115,0.07207207142277414,0.07207207142277414,0.07027026963720479,0.06846846785163542,0.06594594535183833,0.06486486428049672,0.06396396338771204,0.06306306249492737,0.060540539995130364,0.06036035981657334,0.05855855803100398,0.057657657138219305,0.05675675624543463,0.05495495445986528,0.0540540535670806,0.05315315267429592,0.05135135088872657,0.04954954910315722,0.04792792749614479,0.04684684642480318,0.04504504463923383,0.04252252213943683,0.04054054017531045,0.036936936604171744,0.03603603571138707,0.03603603571138707,0.033333333033033034,0.029729729461894328,0.029729729461894328,0.027927927676324977,0.0270270267835403,0.026126125890755622,0.025225224997970946,0.02342342321240159,0.022522522319616916,0.02162162142683224,0.020720720534047565,0.01891891874847821,0.018018017855693534,0.018018017855693534,0.018018017855693534,0.018018017855693534,0.018018017855693534,0.017117116962908855,0.01621621607012418,0.015315315177339504,0.01351351339177015,0.01351351339177015,0.010990990891973097,0.009009008927846767,0.009009008927846767,0.009009008927846767,0.009009008927846767
13056500,0.4755244727533539,0.47086246811851723,0.4755244727533539,0.4755244727533539,0.4755244727533539,0.47086246811851723,0.4755244727533539,0.4755244727533539,0.4755244727533539,0.4755244727533539,0.4755244727533539,0.4755244727533539,0.4755244727533539,0.4755244727533539,0.4755244727533539,0.4755244727533539,0.4755244727533539,0.4755244727533539,0.4755244727533539,0.4813519785468999,0.4813519785468999,0.4813519785468999,0.4813519785468999,0.4813519785468999,0.4813519785468999,0.4813519785468999,0.4813519785468999,0.4813519785468999,0.4813519785468999,0.4871794843404459,0.4930069901339919,0.4930069901339919,0.4930069901339919,0.4930069901339919,0.4930069901339919,0.4930069901339919,0.4930069901339919,0.4930069901339919,0.4930069901339919,0.4930069901339919,0.4930069901339919,0.4930069901339919,0.4930069901339919,0.4930069901339919,0.4930069901339919,0.4930069901339919,0.4930069901339919,0.4930069901339919,0.4930069901339919,0.4930069901339919,0.4930069901339919,0.4930069901339919,0.4930069901339919,0.4871794843404459,0.4871794843404459,0.4871794843404459,0.4871794843404459,0.4813519785468999,0.4813519785468999,0.4755244727533539,0.4755244727533539,0.4696969669598079,0.4696969669598079,0.4638694611662619,0.4638694611662619,0.4638694611662619,0.45804195537271586,0.45804195537271586,0.4522144495791699,0.4463869437856239,0.4463869437856239,0.4463869437856239,0.4417249391507872,0.44055943799207786,0.44055943799207786,0.43473193219853185,0.43473193219853185,0.43473193219853185,0.4289044264049859,0.42307692061143987,0.41724941481789385,0.41724941481789385,0.40559440323080187,0.39393939164370984,0.3881118858501638,0.38228438005661786,0.38228438005661786,0.37645687426307184,0.37645687426307184,0.37645687426307184,0.37645687426307184,0.37645687426307184,0.37645687426307184,0.37645687426307184,0.37645687426307184,0.37645687426307184,0.37645687426307184,0.37645687426307184,0.38228438005661786,0.38228438005661786,0.3881118858501638,0.3881118858501638,0.38927738700887315,0.39393939164370984,0.39976689743725585,0.40559440323080187,0.42307692061143987,0.43473193219853185,0.4463869437856239,0.4696969669598079,0.4883449854991552,0.5058275028797932,0.527972024895268,0.545454542275906,0.562937059656544,0.5804195770371819,0.603729600211366,0.632867129179096,0.6748251708926272,0.6969696929081021,0.7319347276693781,0.7494172450500161,0.7785547740177461,0.80186479719193,0.8135198087790221,0.8310023261596601,0.8438228389054613,0.8601398551273901,0.8659673609209362,0.8717948667144821,0.8776223725080281,0.8846153794602833,0.8892773840951201,0.9079254026344674,0.9184149130628502,0.9300699246499422,0.9533799478241262,0.9766899709983102,0.9883449825854023,0.9941724883789482,0.9999999941724942,0.9953379895376577,0.9941724883789482,0.9895104837441114,0.9895104837441114,0.9895104837441114,0.9895104837441114,0.9883449825854023,0.9825174767918562,0.9603729547763814,0.9358974304434882,0.9195804142215593,0.8951048898886662,0.8717948667144821,0.8310023261596601,0.80186479719193,0.7855477809700013,0.766899762430654,0.737762233462924,0.6969696929081021,0.6573426535119892,0.6398601361313512,0.6223776187507132,0.5815850781958913,0.545454542275906,0.51048950751463,0.4766899739120631,0.42307692061143987,0.3706293684695258,0.3321678302321225,0.2890442873598818,0.2610722595508611,0.21328671204378374,0.1841491830760537,0.1550116541083237,0.12191142120098242,0.10559440497905362,0.0927738922332524,0.08205128157312784,0.06620046581468268,0.05617715584978346,0.044405594146820576,0.036713286499339824,0.03216783198037396,0.023310023174184014,0.015268065179090556,0.011655011587092007,0.006177156141158777,0.003613053591998549,0.002447552433289348,0.0002331002317418269,0.0,0.0,0.0,0.0,0.001398601390451094,0.003613053591998549,0.006177156141158777,0.007808857763351698,0.008857808806189952,0.012587412514059447,0.016433566337799757,0.019930069813927358,0.023892773753538616,0.028088577924891698,0.036713286499339824,0.04312354287224043,0.044289044030949624,0.045221444957917065,0.04743589715946452,0.050699300403850234,0.05279720248952681,0.057109556776750836,0.06002330967352384,0.06002330967352384,0.06013985978939478,0.061888111527458586,0.06468531430836064,0.06491841454010247,0.06596736558294079,0.06491841454010247,0.06491841454010247,0.06421911384487698,0.06130536094810399,0.06002330967352384,0.05944055909416924,0.058974358630685585,0.057109556776750836,0.053613053300623235,0.051048950751463006,0.050699300403850234,0.051048950751463006,0.051048950751463006,0.053613053300623235,0.05745920712436361,0.05944055909416924,0.05944055909416924,0.06305361268616778,0.06421911384487698,0.06491841454010247,0.06759906720513364,0.06876456836384284,0.06958041917493928,0.0712121207971322,0.07459207415738885,0.07657342612719448,0.07937062890809653,0.08100233053028945,0.08100233053028945,0.08100233053028945,0.08228438180486959,0.08449883400641706,0.08566433516512625,0.087529137019061,0.08869463817777021,0.0892773887571248,0.09207459153802686,0.0939393933919616,0.10081585022834587,0.10139860080770047,0.10198135138705507,0.10314685254576426,0.10559440497905362,0.10792540729647201,0.10909090845518121,0.11072261007737406,0.11188811123608328,0.11247086181543788,0.11375291309001802,0.11421911355350167,0.11550116482808181,0.11596736529156547,0.11596736529156547,0.11550116482808181,0.11421911355350167,0.11421911355350167,0.11445221378524349,0.11608391540743641,0.11783216714550022,0.11934731865182226,0.12529137456123907,0.12832167757388302,0.13356643278807442,0.1406759898562005,0.1491841483147777,0.1550116541083237,0.16666666569541572,0.1724941714889617,0.17948717844121703,0.18531468423476305,0.19580419466314572,0.20163170045669174,0.20745920625023773,0.22027971899603893,0.23193473058313108,0.24825174680505976,0.25990675839215177,0.27156176997924375,0.2832167815663358,0.2960372943121371,0.313519811692775,0.3240093221211578,0.3414918395017958,0.3531468510888878,0.3648018626759798,0.37645687426307184,0.38228438005661786,0.39393939164370984,0.40559440323080187,0.41142190902434783,0.41258741018305706,0.42307692061143987,0.4289044264049859,0.43473193219853185,0.4358974333572412,0.44055943799207786,0.4475524449443332,0.4522144495791699,0.4522144495791699,0.4522144495791699,0.45337995073787907,0.45804195537271586,0.45804195537271586,0.45804195537271586,0.45337995073787907,0.4522144495791699,0.4522144495791699,0.4522144495791699,0.4522144495791699,0.4522144495791699,0.4522144495791699,0.4522144495791699,0.4522144495791699,0.4463869437856239,0.4463869437856239,0.4463869437856239,0.4463869437856239,0.4358974333572412,0.43473193219853185,0.43473193219853185,0.43473193219853185,0.43473193219853185,0.43473193219853185,0.43473193219853185,0.43473193219853185,0.43473193219853185,0.43473193219853185,0.43006992756369505,0.43006992756369505,0.4289044264049859,0.4289044264049859,0.4289044264049859,0.4289044264049859,0.4289044264049859,0.4289044264049859,0.4289044264049859,0.43473193219853185,0.43473193219853185,0.43473193219853185,0.43473193219853185,0.43473193219853185,0.4358974333572412,0.44055943799207786,0.44055943799207786,0.44055943799207786,0.4463869437856239
13060000,0.0004692632555859614,0.0,0.0028155795335157684,0.004692632555859614,0.00985452836730519,0.011731581389649035,0.01454716092316491,0.018770530223438456,0.01923979347902442,0.021586109756954224,0.02346316277929807,0.02346316277929807,0.02346316277929807,0.02346316277929807,0.02346316277929807,0.02346316277929807,0.02346316277929807,0.02346316277929807,0.023932426034884033,0.028625058590743647,0.030502111613087492,0.030502111613087492,0.030502111613087492,0.030502111613087492,0.030502111613087492,0.030502111613087492,0.028155795335157684,0.026278742312813838,0.028625058590743647,0.030502111613087492,0.030502111613087492,0.030502111613087492,0.0328484278910173,0.035194744168947106,0.035194744168947106,0.03754106044687691,0.039887376724806724,0.039887376724806724,0.04035663998039268,0.04035663998039268,0.039887376724806724,0.04035663998039268,0.04035663998039268,0.039887376724806724,0.039887376724806724,0.03801032370246288,0.039887376724806724,0.039887376724806724,0.04035663998039268,0.04223369300273653,0.04223369300273653,0.04223369300273653,0.04270295625832249,0.044580009280666334,0.044580009280666334,0.04692632555859614,0.04692632555859614,0.04692632555859614,0.04692632555859614,0.04692632555859614,0.044580009280666334,0.044580009280666334,0.044580009280666334,0.044580009280666334,0.04270295625832249,0.039887376724806724,0.039887376724806724,0.03801032370246288,0.039887376724806724,0.039887376724806724,0.039887376724806724,0.039887376724806724,0.039887376724806724,0.039887376724806724,0.039887376724806724,0.044580009280666334,0.044580009280666334,0.044580009280666334,0.044580009280666334,0.044580009280666334,0.044580009280666334,0.044580009280666334,0.04692632555859614,0.04692632555859614,0.04692632555859614,0.04692632555859614,0.04692632555859614,0.04692632555859614,0.04927264183652595,0.05396527439238556,0.05631159067031537,0.05865790694824518,0.061942749737346904,0.06804317205996441,0.07273580461582402,0.0778977004272696,0.08212106972754325,0.08916001856133267,0.10136086320656766,0.11262318134063073,0.12013139343000612,0.1290473952861394,0.13608634411992881,0.145940872487234,0.16001877015481294,0.17362740456680573,0.18535898595645475,0.20412951617989322,0.22571562593684744,0.23463162779298072,0.24870952546055955,0.26325668638372435,0.29375879799681187,0.3270764891434152,0.3566400742453307,0.3871421858584182,0.40356639980392683,0.4270295625832249,0.45096198861810893,0.48099483697561046,0.5124354750998699,0.5466916927576451,0.5776630676263185,0.619427497373469,0.645236976430697,0.6593148740982758,0.6733927717658547,0.6898169857113633,0.7090567791903877,0.7207883605800367,0.7461285763816786,0.7747536349724223,0.7958704814737906,0.8282496461092219,0.8460816498214885,0.8686062860896145,0.8775222879457478,0.886907553057467,0.8991083977027021,0.9155326116482108,0.9291412460602037,0.9343031418716492,0.9432191437277825,0.9530736720950876,0.9601126209288771,0.9666823065070805,0.9760675716187998,0.9845143102193471,0.9924917855643084,0.9995307343980978,0.9999999976536837,0.9999999976536837,0.9957766283534101,0.9929610488198943,0.9863913632416909,0.9831065204525892,0.9765368348743857,0.9713749390629401,0.9624589372068069,0.951196619072744,0.9343031418716492,0.9221022972264142,0.9127170321146949,0.8991083977027021,0.8897231325909829,0.8822149205016074,0.8728296553898882,0.8681370228340286,0.8564054414443796,0.8451431233103165,0.8381041744765271,0.8329422786650815,0.8249648033201203,0.8212106972754325,0.8165180647195729,0.8118254321637133,0.80290943030758,0.7982167977517204,0.7977475344961344,0.7954012182182046,0.790708585662345,0.7864852163620714,0.7860159531064854,0.7860159531064854,0.7836696368285556,0.7836696368285556,0.7841389000841416,0.7836696368285556,0.7813233205506258,0.7770999512503521,0.7766306879947662,0.7742843717168364,0.7742843717168364,0.7742843717168364,0.7742843717168364,0.7724073186944925,0.7719380554389065,0.7677146861386329,0.7606757373048435,0.7578601577713276,0.7484748926596084,0.741435943825819,0.7301736256917559,0.7254809931358963,0.7203190973244508,0.717972781046521,0.7038948833789421,0.6945096182672229,0.6827780368775739,0.6663538229320652,0.6527451885200724,0.6405443438748374,0.6288127624851882,0.6152041280731955,0.6030032834279604,0.5964335978497569,0.5889253857603816,0.5795401206486623,0.5748474880928027,0.5678085392590133,0.5631159067031537,0.5565462211249502,0.5537306415914345,0.5495072722911608,0.5466916927576451,0.5419990602017855,0.535429374623582,0.5302674788121364,0.5260441095118628,0.5208822137004172,0.5166588444001435,0.5143125281222137,0.511496948588698,0.5068043160328384,0.4997653671990489,0.4927264183652595,0.486156732787056,0.47630220441975085,0.47160957186389124,0.46738620256361757,0.4645706230301018,0.462224306752172,0.4598779904742422,0.45283904164045274,0.4462693560622493,0.4434537765287335,0.4392304072284599,0.4340685114170143,0.4246832463052951,0.415767244449162,0.4087282956153724,0.40356639980392683,0.39465039794779355,0.38479586958048834,0.3801032370246287,0.3730642881908393,0.3636790230791201,0.3547630212229868,0.34725480913361145,0.33786954402189223,0.3237916463543134,0.316752697520524,0.3120600649646643,0.2979821672970855,0.29141248171888207,0.28155795335157685,0.27217268823985763,0.2627874231281384,0.2534021580164192,0.24636320918262974,0.23697794407091052,0.22524636268126147,0.21820741384747205,0.21116846501368264,0.20412951617989322,0.1970905673461038,0.19005161851231436,0.17832003712266534,0.17362740456680573,0.1665884557330163,0.1618958231771567,0.15485687434336726,0.145940872487234,0.14077897667578843,0.1313937115640692,0.12200844645234997,0.11778507715207631,0.11496949761856055,0.11496949761856055,0.11496949761856055,0.11496949761856055,0.11496949761856055,0.11496949761856055,0.11496949761856055,0.11496949761856055,0.11496949761856055,0.11496949761856055,0.11496949761856055,0.11496949761856055,0.11496949761856055,0.11496949761856055,0.11496949761856055,0.1154387608741465,0.11731581389649036,0.11966213017442016,0.12200844645234997,0.12435476273027977,0.1267010790082096,0.1313937115640692,0.1313937115640692,0.12717034226379564,0.1267010790082096,0.1267010790082096,0.1267010790082096,0.1267010790082096,0.1267010790082096,0.1267010790082096,0.12482402598586574,0.12435476273027977,0.12435476273027977,0.12200844645234997,0.11966213017442016,0.11731581389649036,0.11496949761856055,0.11262318134063073,0.10793054878477112,0.10089159995098171,0.0985452836730519,0.09432191437277825,0.09385265111719228,0.09150633483926247,0.09150633483926247,0.08962928181691873,0.08493664926105901,0.08212106972754325,0.08212106972754325,0.0802440167051994,0.07508212089375382,0.07320506787140998,0.07085875159348028,0.07038948833789421,0.07038948833789421,0.07038948833789421,0.0656968557820346,0.0633505395041048,0.061004223226174985,0.061004223226174985,0.05912717020383114,0.05865790694824518,0.05865790694824518,0.04927264183652595,0.04692632555859614,0.044580009280666334,0.03754106044687691,0.035194744168947106,0.02346316277929807,0.02346316277929807,0.02346316277929807,0.02346316277929807,0.02346316277929807,0.02346316277929807,0.02346316277929807,0.021116846501368264,0.02346316277929807,0.021586109756954224,0.01923979347902442
13062500,0.1369047610898526,0.1369047610898526,0.1369047610898526,0.1369047610898526,0.1369047610898526,0.1369047610898526,0.14880952292375285,0.16071428475765306,0.16666666567460317,0.16666666567460317,0.16785714185799333,0.17976190369189343,0.18452380842545352,0.19047618934240365,0.19047618934240365,0.19166666552579378,0.19642857025935376,0.19642857025935376,0.19642857025935376,0.20833333209325397,0.20833333209325397,0.20833333209325397,0.209523808276644,0.22619047484410432,0.22619047484410432,0.22619047484410432,0.20833333209325397,0.20357142735969389,0.20833333209325397,0.2202380939271542,0.22619047484410432,0.22619047484410432,0.22738095102749434,0.23214285576105442,0.23809523667800456,0.23809523667800456,0.24404761759495466,0.24523809377834468,0.24404761759495466,0.24523809377834468,0.24523809377834468,0.24523809377834468,0.24404761759495466,0.24404761759495466,0.24404761759495466,0.24404761759495466,0.24404761759495466,0.24523809377834468,0.24523809377834468,0.24999999851190477,0.2559523794288549,0.2559523794288549,0.2559523794288549,0.2559523794288549,0.2559523794288549,0.2559523794288549,0.2559523794288549,0.261904760345805,0.26904761744614514,0.27499999836309524,0.26309523652919503,0.2559523794288549,0.2559523794288549,0.2559523794288549,0.2559523794288549,0.2559523794288549,0.2559523794288549,0.2559523794288549,0.2559523794288549,0.2559523794288549,0.2559523794288549,0.2559523794288549,0.2559523794288549,0.2559523794288549,0.2559523794288549,0.2559523794288549,0.2559523794288549,0.2559523794288549,0.2559523794288549,0.2559523794288549,0.2559523794288549,0.2559523794288549,0.2559523794288549,0.2559523794288549,0.2559523794288549,0.24999999851190477,0.24999999851190477,0.24404761759495466,0.23928571286139458,0.23809523667800456,0.23809523667800456,0.23809523667800456,0.23809523667800456,0.24523809377834468,0.24999999851190477,0.24999999851190477,0.24999999851190477,0.24404761759495466,0.23809523667800456,0.23809523667800456,0.23809523667800456,0.23928571286139458,0.23928571286139458,0.24404761759495466,0.24999999851190477,0.2571428556122449,0.261904760345805,0.2511904746952948,0.2511904746952948,0.2511904746952948,0.24999999851190477,0.24999999851190477,0.24999999851190477,0.24404761759495466,0.24404761759495466,0.23928571286139458,0.24999999851190477,0.261904760345805,0.28571428401360544,0.2976190458475057,0.3035714267644558,0.32261904569869615,0.3392857122661565,0.352380950283447,0.36309523593395693,0.3821428548681973,0.3988095214356576,0.4047619023526077,0.4345238069373583,0.45833333060515874,0.5119047588577098,0.5309523777919501,0.5476190443594104,0.5892857107780612,0.6011904726119615,0.6619047579648526,0.6904761863662132,0.7166666624007939,0.7654761859197848,0.7928571381377552,0.8273809474560658,0.8523809473072563,0.8571428520408164,0.8690476138747166,0.888095232808957,0.8999999946428572,0.9297618992276078,0.9464285657950681,0.9535714228954082,0.9595238038123584,0.9833333274801588,0.9999999940476191,0.9999999940476191,0.9821428512967687,0.9654761847293084,0.9535714228954082,0.9416666610615082,0.9297618992276078,0.8761904709750568,0.840476185473356,0.7988095190547055,0.7404761860685941,0.7095238053004536,0.6738095197987529,0.6321428533801021,0.6011904726119615,0.5654761871102608,0.5476190443594104,0.50833333030754,0.48928571137329935,0.47142856862244903,0.45357142587159865,0.4404761878543084,0.4345238069373583,0.41666666418650794,0.3999999976190479,0.3928571405187075,0.3809523786848073,0.37499999776785714,0.36904761685090703,0.36309523593395693,0.3571428550170068,0.352380950283447,0.34642856936649663,0.34642856936649663,0.3511904741000567,0.34642856936649663,0.34642856936649663,0.34642856936649663,0.3511904741000567,0.352380950283447,0.3571428550170068,0.35833333120039684,0.37499999776785714,0.3809523786848073,0.3869047596017574,0.3928571405187075,0.3928571405187075,0.39404761670209754,0.39404761670209754,0.3988095214356576,0.3988095214356576,0.3928571405187075,0.3928571405187075,0.3869047596017574,0.38809523578514743,0.3928571405187075,0.3928571405187075,0.3869047596017574,0.37499999776785714,0.35833333120039684,0.3452380931831066,0.3392857122661565,0.32738095043225623,0.315476188598356,0.2976190458475057,0.2916666649305556,0.27976190309665533,0.261904760345805,0.2559523794288549,0.23214285576105442,0.22142857011054423,0.2142857130102041,0.20238095117630386,0.19047618934240365,0.1785714275085034,0.1726190465915533,0.16666666567460317,0.16071428475765306,0.15476190384070296,0.149999999107143,0.14880952292375285,0.1309523801729025,0.12499999925595238,0.12499999925595238,0.12499999925595238,0.12023809452239244,0.11309523742205216,0.10238095177154209,0.10119047558815193,0.10119047558815193,0.10833333268849207,0.11309523742205216,0.11309523742205216,0.11309523742205216,0.10833333268849207,0.11309523742205216,0.11309523742205216,0.11309523742205216,0.11428571360544232,0.11428571360544232,0.11904761833900228,0.11904761833900228,0.11904761833900228,0.11309523742205216,0.10238095177154209,0.10119047558815193,0.0892857137542517,0.08452380902069162,0.07738095192035148,0.07261904718679152,0.07142857100340136,0.06547619008645125,0.06547619008645125,0.05476190443594118,0.04761904733560091,0.04166666641865079,0.023809523667800456,0.023809523667800456,0.01785714275085034,0.005952380916950114,0.0,0.0,0.0,0.0,0.005952380916950114,0.011904761833900228,0.01785714275085034,0.023809523667800456,0.02976190458475057,0.03690476168509071,0.04285714260204082,0.048809523518991066,0.05952380916950114,0.06547619008645125,0.07857142810374164,0.09523809467120183,0.10714285650510205,0.11904761833900228,0.12619047543934256,0.14285714200680272,0.16071428475765306,0.1785714275085034,0.19047618934240365,0.21547618919359413,0.23333333194444444,0.2559523794288549,0.2738095221797052,0.2916666649305556,0.32142856951530613,0.3392857122661565,0.3571428550170068,0.3928571405187075,0.4047619023526077,0.41071428326955783,0.42261904510345805,0.4285714260204082,0.4345238069373583,0.4404761878543084,0.4464285687712585,0.45238094968820863,0.45238094968820863,0.45238094968820863,0.45238094968820863,0.45357142587159865,0.45357142587159865,0.45238094968820863,0.45238094968820863,0.45238094968820863,0.4464285687712585,0.4404761878543084,0.4345238069373583,0.4345238069373583,0.4345238069373583,0.4285714260204082,0.42261904510345805,0.41666666418650794,0.40595237853599775,0.4047619023526077,0.3988095214356576,0.3869047596017574,0.3809523786848073,0.3809523786848073,0.37499999776785714,0.37499999776785714,0.36904761685090703,0.3571428550170068,0.34642856936649663,0.3452380931831066,0.3452380931831066,0.33333333134920634,0.32738095043225623,0.32142856951530613,0.315476188598356,0.315476188598356,0.315476188598356,0.315476188598356,0.3035714267644558,0.2976190458475057,0.28571428401360544,0.27976190309665533,0.261904760345805,0.2559523794288549,0.2511904746952948,0.22738095102749434,0.2202380939271542,0.20833333209325397,0.19642857025935376,0.19642857025935376,0.19642857025935376,0.19642857025935376,0.19642857025935376,0.19642857025935376,0.19642857025935376,0.19642857025935376,0.18571428460884354
13066000,0.004065040567783729,0.004065040567783729,0.004065040567783729,0.004065040567783729,0.004065040567783729,0.004065040567783729,0.004065040567783729,0.004065040567783729,0.004065040567783729,0.004065040567783729,0.004065040567783729,0.004065040567783729,0.003902438945072383,0.004065040567783729,0.004065040567783729,0.004065040567783729,0.004065040567783729,0.004065040567783729,0.002235772312281068,0.0020325202838918643,0.0006910568965232407,0.0012195121703351358,0.0006910568965232407,0.00012195121703351648,0.0,0.0,0.0,0.0012195121703351358,0.002073170689569708,0.004065040567783729,0.004065040567783729,0.004065040567783729,0.004065040567783729,0.004065040567783729,0.004065040567783729,0.004065040567783729,0.004065040567783729,0.004065040567783729,0.004065040567783729,0.007804877890144766,0.010162601419459322,0.012276422514706873,0.01422764198724305,0.01422764198724305,0.01422764198724305,0.01422764198724305,0.01422764198724305,0.016260162271134915,0.01829268255502678,0.02036585324459647,0.022357723122810508,0.024390243406702372,0.024390243406702372,0.024390243406702372,0.024390243406702372,0.024390243406702372,0.026260162067882918,0.02662601571898341,0.026910568558728303,0.02804877991770772,0.02849593438016393,0.030487804258377965,0.03252032454226983,0.033739836712604936,0.034552844826161694,0.03658536511005356,0.038048779714455694,0.03861788539394542,0.04065040567783729,0.04268292596172915,0.044715446245621016,0.044715446245621016,0.04597560882163398,0.04882113721908257,0.05089430790865229,0.05243902332441009,0.0528861777868663,0.05467479563669116,0.05573170618431492,0.0569105679489722,0.05878048661015272,0.059268291478286786,0.06060975486565541,0.061829267035990516,0.062439023121158066,0.0630081288006478,0.06467479543343914,0.06504064908453966,0.06707316936843152,0.06910568965232339,0.07056910425672552,0.07138211237028229,0.07467479523018708,0.07565040496645518,0.07723577078789085,0.07853658376958164,0.07947154310017188,0.08130081135567457,0.08333333163956644,0.0853658519234583,0.08983739654802043,0.0914634127751339,0.0914634127751339,0.09390243711580416,0.09552845334291762,0.09959349391070135,0.09959349391070135,0.10162601419459322,0.10365853447848508,0.10569105476237695,0.10772357504626881,0.10975609533016067,0.1138211358979444,0.11788617646572813,0.11991869674962,0.12398373731740372,0.12804877788518745,0.13414633873686305,0.14024389958853864,0.14634146044021423,0.15040650100799796,0.15650406185967355,0.16260162271134915,0.17276422413080847,0.1768292646985922,0.1829268255502678,0.18699186611805152,0.19430893914006234,0.21341462980864576,0.23211381642045092,0.24796747463480745,0.26016259633815864,0.27276422209828816,0.28861788031264474,0.3008130020159959,0.3130081237193471,0.33170731033115225,0.34959348882940067,0.3707316997818761,0.38455283771234067,0.40650405677837287,0.42723576367406996,0.46422763284090185,0.48211381133915027,0.5008129979509555,0.5304877940957766,0.5573170618431492,0.5711381997736139,0.5918699066693108,0.6040650283726622,0.6178861663031268,0.6341463285742617,0.6443089299937209,0.658536571980964,0.6686991734004233,0.6752032383088775,0.6853658397283369,0.7016260019994718,0.7178861642706067,0.7264227494629525,0.7378048630527467,0.7524390090967683,0.7723577078789085,0.7967479512856108,0.8109755932728538,0.817479658181308,0.8292682758278807,0.8475609583829073,0.8658536409379342,0.8821138032090691,0.898373965480204,0.9186991683191227,0.9369918508741494,0.9471544522936087,0.9491869725775006,0.9654471348486355,0.973577215984203,0.9796747768358786,0.9837398174036623,0.987804857971446,0.9918698985392298,0.9959349391070135,0.9979674593909054,0.9979674593909054,0.9999999796747973,0.9979674593909054,0.9979674593909054,0.9979674593909054,0.9898373782553379,0.9837398174036623,0.9796747768358786,0.973577215984203,0.9613820942808518,0.9471544522936087,0.9268292494546901,0.9146341277513389,0.9024390060479878,0.8926829086853068,0.8821138032090691,0.8703251855624965,0.8520325030074695,0.8373983569634481,0.817479658181308,0.8097560811025186,0.7829268133551464,0.7662601470272328,0.7581300658916653,0.7520325050399898,0.7398373833366386,0.733739822484963,0.7276422616332874,0.7101625871918176,0.6995934817155799,0.6914634005800124,0.6853658397283369,0.6768292545359907,0.6727642139682071,0.6686991734004233,0.6609755963216345,0.658536571980964,0.6565040516970722,0.6544715314131803,0.6544715314131803,0.6524390111292884,0.6504064908453966,0.6443089299937209,0.6422764097098291,0.6382113691420453,0.6361788488581535,0.6361788488581535,0.6300812880064779,0.622357710927689,0.6178861663031268,0.6101625892243377,0.6020325080887703,0.5934959228964244,0.5841463295905217,0.5695121835465005,0.5569105577863708,0.5451219401397981,0.5162601521085335,0.5020325101212905,0.49186990870183117,0.48780486813404744,0.47967478699848,0.46585364906801535,0.43780486915030764,0.4154471460274971,0.39878047969958375,0.3861788539394542,0.3723577160089895,0.3621951145895302,0.3577235699649681,0.349999992886179,0.3373983671260495,0.30121950607277426,0.28861788031264474,0.2804877991770773,0.27276422209828816,0.25650405982715324,0.24634145840769398,0.23617885698823465,0.21951219066032135,0.20121950810529457,0.18699186611805152,0.17479674441470033,0.16056910242745728,0.15081300506477635,0.14471544421310076,0.1361788590207549,0.13008129816907932,0.12398373731740372,0.11788617646572813,0.10772357504626881,0.10162601419459322,0.09756097362680949,0.08943089249124203,0.08048780324211781,0.0767479659197568,0.07341463265417415,0.07113820993621525,0.0682520311330888,0.06707316936843152,0.06593495800945207,0.06504064908453966,0.06227642149844672,0.05947154350667596,0.0569105679489722,0.05284552738118847,0.05081300709729661,0.04845528356798205,0.0463414624727345,0.044715446245621016,0.044715446245621016,0.04398373894341994,0.04349593407528591,0.04308943001850753,0.04252032433901783,0.0415040641970719,0.04085365770622646,0.04065040567783729,0.040243901621058904,0.04008129999834756,0.04004064959266973,0.039268291884790835,0.03861788539394542,0.03658536511005356,0.036178861053275176,0.034796747260228696,0.034552844826161694,0.034552844826161694,0.034552844826161694,0.034552844826161694,0.03252032454226983,0.031626015617357416,0.030487804258377965,0.029715446550499035,0.0284552839744861,0.0284552839744861,0.02666666612466127,0.025650405982715306,0.024390243406702372,0.024390243406702372,0.024390243406702372,0.024390243406702372,0.024390243406702372,0.024390243406702372,0.023902438538568334,0.020934958924086196,0.020325202838918643,0.019959349187818123,0.018373983366382466,0.0163414630824906,0.016260162271134915,0.01422764198724305,0.01422764198724305,0.01422764198724305,0.01422764198724305,0.01422764198724305,0.01422764198724305,0.013739837119109012,0.012195121703351186,0.012195121703351186,0.010813007910304718,0.008130081135567457,0.008130081135567457,0.008130081135567457,0.006504064908453986,0.005121951115407519,0.004065040567783729,0.004065040567783729,0.004065040567783729,0.004065040567783729,0.004065040567783729,0.004065040567783729,0.004065040567783729,0.004065040567783729,0.004065040567783729,0.004065040567783729,0.004065040567783729,0.004065040567783729,0.004065040567783729,0.004065040567783729,0.004065040567783729,0.004065040567783729,0.004065040567783729
13068500,0.5568181185433956,0.5568181185433956,0.5568181185433956,0.5568181185433956,0.5568181185433956,0.5568181185433956,0.5568181185433956,0.5568181185433956,0.5568181185433956,0.5568181185433956,0.5568181185433956,0.5568181185433956,0.5568181185433956,0.5568181185433956,0.5568181185433956,0.5568181185433956,0.5556817550361641,0.5511363010072385,0.5340908483987672,0.5340908483987672,0.5318181213843043,0.5318181213843043,0.5318181213843043,0.5295453943698415,0.5295453943698415,0.5284090308626102,0.522727213326453,0.5284090308626102,0.5318181213843043,0.5340908483987672,0.5363635754132301,0.5454544834710814,0.5568181185433956,0.5568181185433956,0.5568181185433956,0.5568181185433956,0.5568181185433956,0.5568181185433956,0.5568181185433956,0.5602272090650898,0.5681817536157098,0.579545388688024,0.579545388688024,0.5909090237603382,0.6022726588326524,0.6022726588326524,0.6136362939049665,0.6136362939049665,0.6136362939049665,0.644318108600215,0.6590908341942233,0.6704544692665375,0.6704544692665375,0.6818181043388517,0.7022726474690173,0.7159090095557944,0.7193181000774885,0.7272726446281086,0.7272726446281086,0.7386362797004228,0.7465908242510427,0.749999914772737,0.749999914772737,0.7602271863378198,0.7613635498450512,0.7681817308884396,0.7727271849173654,0.7727271849173654,0.7840908199896796,0.7840908199896796,0.7840908199896796,0.7920453645402995,0.7954544550619937,0.8022726361053821,0.8068180901343079,0.8068180901343079,0.8068180901343079,0.8090908171487707,0.812499907670465,0.8181817252066221,0.8193180887138535,0.8249999062500105,0.8272726332644734,0.8295453602789363,0.8306817237861677,0.8306817237861677,0.8306817237861677,0.8318180872933991,0.8329544508006306,0.8318180872933991,0.8295453602789363,0.8295453602789363,0.8295453602789363,0.8261362697572421,0.8249999062500105,0.8249999062500105,0.8227271792355478,0.8181817252066221,0.8193180887138535,0.8181817252066221,0.8181817252066221,0.8181817252066221,0.8181817252066221,0.8147726346849279,0.8068180901343079,0.8068180901343079,0.8068180901343079,0.7840908199896796,0.7670453673812082,0.7386362797004228,0.7159090095557944,0.6931817394111659,0.6818181043388517,0.657954470686992,0.6363635640495949,0.6227272019628179,0.6056817493543466,0.6022726588326524,0.6022726588326524,0.6022726588326524,0.6022726588326524,0.6022726588326524,0.6022726588326524,0.6022726588326524,0.6022726588326524,0.6022726588326524,0.6022726588326524,0.5909090237603382,0.5636362995867842,0.5454544834710814,0.5363635754132301,0.5340908483987672,0.5136363052686017,0.5034090337035189,0.4886363081095104,0.4795454000516591,0.473863582515502,0.46590903796488203,0.4613635839359564,0.45454540289256784,0.4499999488636422,0.44318176782025365,0.4397726772985594,0.4397726772985594,0.44318176782025365,0.44318176782025365,0.44318176782025365,0.4499999488636422,0.4499999488636422,0.45454540289256784,0.4579544934142621,0.45454540289256784,0.452272675878105,0.45454540289256784,0.45454540289256784,0.44318176782025365,0.4249999517045509,0.41477268013946816,0.3977272275309969,0.38977268298037687,0.38295450193698843,0.3670454128357485,0.3579545047778972,0.3420454156766573,0.338636325154963,0.338636325154963,0.3363635981405002,0.324999963068186,0.297727238894632,0.2943181483729377,0.28749996732954913,0.2806817862861607,0.2749999687500036,0.2613636066632265,0.2499999715909123,0.2386363365185981,0.2374999730113667,0.2318181554752096,0.2306817919679782,0.22840906495351534,0.22727270144628392,0.20681815831611836,0.19318179622934134,0.19318179622934134,0.19318179622934134,0.1852272516787214,0.18181816115702715,0.18181816115702715,0.1795454341425643,0.18181816115702715,0.18181816115702715,0.1852272516787214,0.19318179622934134,0.19318179622934134,0.1965908867510356,0.19772725025826698,0.1965908867510356,0.19318179622934134,0.19318179622934134,0.20568179480888696,0.1965908867510356,0.19318179622934134,0.19318179622934134,0.19431815973657277,0.19318179622934134,0.19318179622934134,0.19318179622934134,0.1920454327221099,0.17045452608471293,0.15568180049070449,0.13636362086777035,0.12840907631715043,0.11931816825929906,0.1090908966942163,0.09659089811467067,0.08295453602789364,0.06477271991219091,0.05681817536157098,0.05681817536157098,0.04545454028925679,0.03863635924586827,0.032954541709711176,0.023863633651859808,0.022727270144628393,0.011363635072314197,0.007954544550619929,0.004545454028925682,0.003409090521694267,0.0011363635072314156,0.0011363635072314156,0.0011363635072314156,0.0,0.0011363635072314156,0.0011363635072314156,0.002272727014462831,0.002272727014462831,0.005681817536157098,0.006818181043388514,0.005681817536157098,0.009090908057851364,0.022727270144628393,0.03409090521694259,0.04545454028925679,0.05454544834710815,0.06818181043388517,0.07954544550619937,0.10113635214359633,0.10227271565082777,0.11363635072314196,0.12613634930268758,0.13636362086777035,0.14772725594008454,0.14772725594008454,0.15909089101239873,0.1738636166064072,0.18977270570764707,0.21590906637396973,0.2318181554752096,0.24249997244318497,0.2747726960485573,0.2924999667613675,0.297727238894632,0.317727236621905,0.3288635989927728,0.33249996221591344,0.3515908691374013,0.3647726858212857,0.3827272292355422,0.4031817723657076,0.4165908617510384,0.4429544951188073,0.4772726730371962,0.5120453963584777,0.5463635742768665,0.579545388688024,0.6245453835743883,0.649999926136372,0.6920453759039346,0.7145453733471165,0.7361362799845136,0.7613635498450512,0.7852271834969109,0.8068180901343079,0.8522726304235647,0.8761362640754244,0.8963635345041439,0.9295453489153012,0.9559089822830702,0.9845453426653019,0.9931817053202607,0.9999998863636492,0.9999998863636492,0.9931817053202607,0.9911362510072441,0.9831817064566242,0.961363527117781,0.9470453469266651,0.9343180756456732,0.925454440289268,0.9013635339359622,0.885227172133276,0.8770453548812097,0.8636362654958789,0.8538635393336886,0.8454544493801762,0.8306817237861677,0.8202271795196387,0.8068180901343079,0.8034089996126137,0.7954544550619937,0.7847726380940184,0.7790908205578613,0.7722726395144729,0.7613635498450512,0.7520453690857536,0.7386362797004228,0.7313635532541418,0.7272726446281086,0.7263635538223234,0.7165908276601333,0.7159090095557944,0.7159090095557944,0.7159090095557944,0.7138635552427779,0.7045453744834802,0.6968181026343065,0.6931817394111659,0.6831817405475296,0.6704544692665375,0.6704544692665375,0.6704544692665375,0.6704544692665375,0.6704544692665375,0.6590908341942233,0.6590908341942233,0.6513635623450498,0.642727199690091,0.6397726545712892,0.6363635640495949,0.6249999289772807,0.6136362939049665,0.6136362939049665,0.6136362939049665,0.6136362939049665,0.6022726588326524,0.6022726588326524,0.6011362953254209,0.5920453872675696,0.5909090237603382,0.5815908430010406,0.5749999346590984,0.5645453903925693,0.5568181185433956,0.5568181185433956,0.5568181185433956,0.5568181185433956,0.5568181185433956,0.5568181185433956,0.5568181185433956,0.5568181185433956,0.5568181185433956,0.5568181185433956,0.5568181185433956,0.5568181185433956,0.5568181185433956,0.5568181185433956
13069500,0.11854951102824605,0.11854951102824605,0.11854951102824605,0.11854951102824605,0.11994421115799013,0.12552301167696642,0.13249651232568677,0.13249651232568677,0.13947001297440711,0.14644351362312746,0.14783821375287154,0.15341701427184784,0.15341701427184784,0.15341701427184784,0.15341701427184784,0.16736401556928854,0.1743375162180089,0.18131101686672926,0.19525801816416996,0.19525801816416996,0.20223151881289034,0.20223151881289034,0.20223151881289034,0.20223151881289034,0.20223151881289034,0.20223151881289034,0.1966527182939142,0.19525801816416996,0.19525801816416996,0.20223151881289034,0.2092050194616107,0.2092050194616107,0.21617852011033103,0.21757322024007528,0.22315202075905138,0.22315202075905138,0.22454672088879546,0.23012552140777176,0.23012552140777176,0.23012552140777176,0.23012552140777176,0.23012552140777176,0.23012552140777176,0.23012552140777176,0.23012552140777176,0.2370990220564921,0.2370990220564921,0.2370990220564921,0.2370990220564921,0.24407252270521246,0.24407252270521246,0.25104602335393283,0.25801952400265316,0.25801952400265316,0.26499302465137353,0.2719665253000939,0.27894002594881423,0.2859135265975346,0.2859135265975346,0.2859135265975346,0.2873082267272787,0.2859135265975346,0.2859135265975346,0.2859135265975346,0.2803347260785583,0.27894002594881423,0.2719665253000939,0.2719665253000939,0.2608089242621413,0.25801952400265316,0.25801952400265316,0.25801952400265316,0.25801952400265316,0.2608089242621413,0.25941422413239723,0.25801952400265316,0.25801952400265316,0.25801952400265316,0.2719665253000939,0.2719665253000939,0.2719665253000939,0.2719665253000939,0.2719665253000939,0.2719665253000939,0.2719665253000939,0.2719665253000939,0.2719665253000939,0.26499302465137353,0.25801952400265316,0.25801952400265316,0.25801952400265316,0.25801952400265316,0.25801952400265316,0.25801952400265316,0.25801952400265316,0.25941422413239723,0.26499302465137353,0.26499302465137353,0.26499302465137353,0.2663877247811176,0.2719665253000939,0.2719665253000939,0.27894002594881423,0.2859135265975346,0.2873082267272787,0.294281727375999,0.2998605278949753,0.2928870272462549,0.2873082267272787,0.2859135265975346,0.2859135265975346,0.2719665253000939,0.2719665253000939,0.26499302465137353,0.26499302465137353,0.25941422413239723,0.25941422413239723,0.2719665253000939,0.2859135265975346,0.294281727375999,0.3012552280247194,0.3207810298411364,0.34170153178729745,0.3430962319170415,0.3570432332144822,0.3626220337334585,0.3835425356796196,0.3988842371068044,0.4253835395719417,0.4602510428155435,0.489539745540169,0.5299860493027471,0.5467224508596759,0.5857740544925099,0.6220362578658557,0.627615058384832,0.6415620596822734,0.7057182656505,0.7322175681156374,0.7615062708402632,0.7963737740838647,0.822873076549002,0.8368200778464427,0.8507670791438834,0.8647140804413241,0.8730822812197889,0.9093444845931348,0.9623430895234091,0.9623430895234091,0.9832635914695702,0.997210592767011,0.9999999930264993,0.9999999930264993,0.997210592767011,0.9846582915993146,0.9623430895234091,0.9274755862798073,0.9065550843336463,0.8675034807008126,0.8507670791438834,0.8089260752515613,0.7545327701915425,0.725244067466917,0.6834030635745949,0.627615058384832,0.5801952539735337,0.5439330506001878,0.5034867468376097,0.4700139437237523,0.44630404151810277,0.41283123840424507,0.3905160363283399,0.3765690350308992,0.3709902345119229,0.3430962319170415,0.32357043010062453,0.313807529192416,0.2928870272462549,0.27894002594881423,0.26499302465137353,0.25801952400265316,0.24546722283495653,0.24407252270521246,0.24407252270521246,0.24546722283495653,0.24407252270521246,0.24407252270521246,0.24407252270521246,0.24407252270521246,0.25104602335393283,0.25801952400265316,0.26499302465137353,0.2663877247811176,0.27894002594881423,0.2928870272462549,0.3012552280247194,0.313807529192416,0.3207810298411364,0.32775453048985675,0.33612273126832115,0.3430962319170415,0.3486750324360178,0.35564853308473815,0.35564853308473815,0.35564853308473815,0.36959553438217885,0.3765690350308992,0.3835425356796196,0.3835425356796196,0.3835425356796196,0.3765690350308992,0.3765690350308992,0.35564853308473815,0.34170153178729745,0.3207810298411364,0.2998605278949753,0.26499302465137353,0.23849372218623618,0.21617852011033103,0.2092050194616107,0.18131101686672926,0.16875871569903278,0.16736401556928854,0.14644351362312746,0.13249651232568677,0.11994421115799013,0.11854951102824605,0.11157601037952569,0.10460250973080534,0.09762900908208498,0.09065550843336463,0.08368200778464427,0.08368200778464427,0.08368200778464427,0.07670850713592392,0.07670850713592392,0.06973500648720356,0.06276150583848321,0.05718270531950708,0.055788005189762846,0.055788005189762846,0.06276150583848321,0.06276150583848321,0.06276150583848321,0.06276150583848321,0.06276150583848321,0.06276150583848321,0.05718270531950708,0.055788005189762846,0.055788005189762846,0.055788005189762846,0.05718270531950708,0.06276150583848321,0.06276150583848321,0.06276150583848321,0.055788005189762846,0.04881450454104249,0.03486750324360178,0.03486750324360178,0.027894002594881423,0.027894002594881423,0.027894002594881423,0.027894002594881423,0.020920501946161067,0.013947001297440711,0.008368200778464428,0.0,0.0,0.008368200778464428,0.013947001297440711,0.013947001297440711,0.013947001297440711,0.020920501946161067,0.027894002594881423,0.027894002594881423,0.03486750324360178,0.04323570402206621,0.050209204670786725,0.06973500648720356,0.07670850713592392,0.08368200778464427,0.0850767079143885,0.09065550843336463,0.09762900908208498,0.11854951102824605,0.13947001297440711,0.14086471310415136,0.1603905149205682,0.1743375162180089,0.1882845175154496,0.20223151881289034,0.21617852011033103,0.2370990220564921,0.25104602335393283,0.26499302465137353,0.27894002594881423,0.2998605278949753,0.313807529192416,0.3347280311385771,0.3626220337334585,0.3765690350308992,0.3835425356796196,0.391910736458084,0.4044630376257807,0.411436538274501,0.4184100389232214,0.4253835395719417,0.43375174035040615,0.45327754216682314,0.46722454346426384,0.4741980441129842,0.48117154476170454,0.48117154476170454,0.4881450454104249,0.4881450454104249,0.4881450454104249,0.4881450454104249,0.48117154476170454,0.4755927442427283,0.4741980441129842,0.4741980441129842,0.46722454346426384,0.4602510428155435,0.45327754216682314,0.44630404151810277,0.43235704022066207,0.43235704022066207,0.4253835395719417,0.4184100389232214,0.4184100389232214,0.4184100389232214,0.41283123840424507,0.411436538274501,0.405857737755525,0.3988842371068044,0.3905160363283399,0.3765690350308992,0.3626220337334585,0.3570432332144822,0.35006973256576185,0.34170153178729745,0.3347280311385771,0.3207810298411364,0.3068340285436957,0.2998605278949753,0.2928870272462549,0.2928870272462549,0.2859135265975346,0.2719665253000939,0.2719665253000939,0.25941422413239723,0.25104602335393283,0.23012552140777176,0.22315202075905138,0.2092050194616107,0.1882845175154496,0.18131101686672926,0.1743375162180089,0.16736401556928854,0.1603905149205682,0.1603905149205682,0.1603905149205682,0.1603905149205682,0.15481171440159192,0.15341701427184784,0.15341701427184784
13073000,0.2616898882945129,0.2616898882945129,0.2616898882945129,0.2616898882945129,0.2616898882945129,0.2616898882945129,0.2616898882945129,0.2616898882945129,0.2616898882945129,0.2616898882945129,0.2616898882945129,0.2616898882945129,0.2616898882945129,0.2616898882945129,0.2616898882945129,0.26989333306863555,0.26989333306863555,0.26989333306863555,0.26989333306863555,0.26989333306863555,0.26989333306863555,0.26989333306863555,0.26989333306863555,0.26989333306863555,0.26989333306863555,0.26989333306863555,0.26989333306863555,0.26989333306863555,0.26989333306863555,0.26989333306863555,0.26989333306863555,0.2780967778427582,0.2780967778427582,0.2780967778427582,0.2780967778427582,0.2863002226168809,0.28794091157170554,0.29450366739100353,0.29450366739100353,0.29450366739100353,0.3027071121651262,0.3027071121651262,0.3027071121651262,0.3027071121651262,0.30434780111995086,0.31091055693924885,0.3125512458940735,0.3191140017133715,0.3191140017133715,0.32731744648749417,0.32731744648749417,0.3355208912616168,0.3355208912616168,0.3355208912616168,0.3437243360357395,0.3437243360357395,0.35192778080986215,0.35192778080986215,0.3601312255839848,0.3601312255839848,0.36833467035810746,0.3765381151322301,0.3847415599063528,0.3847415599063528,0.39294500468047544,0.4011484494545981,0.40935189422872076,0.4175553390028434,0.4257587837769661,0.4356029175059134,0.45036911809933405,0.4585725628734567,0.46677600764757937,0.47497945242170203,0.48482358615064935,0.493027030924772,0.5077932315181927,0.5159966762923153,0.524200121066438,0.5324035658405607,0.5324035658405607,0.5406070106146833,0.548810455388806,0.548810455388806,0.5504511443436306,0.5570139001629286,0.5652173449370513,0.5652173449370513,0.5652173449370513,0.5734207897111739,0.5734207897111739,0.5816242344852967,0.5816242344852967,0.5816242344852967,0.5816242344852967,0.5816242344852967,0.5816242344852967,0.5816242344852967,0.5816242344852967,0.5816242344852967,0.5816242344852967,0.5816242344852967,0.5898276792594193,0.5898276792594193,0.5898276792594193,0.5898276792594193,0.5898276792594193,0.598031124033542,0.598031124033542,0.598031124033542,0.598031124033542,0.598031124033542,0.6062345688076646,0.6062345688076646,0.6144380135817873,0.6144380135817873,0.6226414583559099,0.6242821473107346,0.6390483479041552,0.6554552374524005,0.6718621270006458,0.6882690165488912,0.7046759060971365,0.7210827956453818,0.7538965747418724,0.7867103538383631,0.8113206881607311,0.8195241329348537,0.8457751562120464,0.8605413568054671,0.885151691127835,0.9015585806760803,0.9179654702243256,0.9261689149984483,0.9425758045466937,0.9425758045466937,0.9507792493208163,0.9671861388690616,0.9753895836431843,0.9835930284173069,0.9917964731914296,0.9917964731914296,0.9917964731914296,0.993437162146254,0.9999999179655522,0.993437162146254,0.9917964731914296,0.9917964731914296,0.9917964731914296,0.9835930284173069,0.9671861388690616,0.958982694094939,0.9507792493208163,0.9261689149984483,0.9179654702243256,0.9015585806760803,0.885151691127835,0.8769482463537124,0.8539786009861691,0.835931022483099,0.835931022483099,0.835931022483099,0.8277275777089764,0.8277275777089764,0.8277275777089764,0.8277275777089764,0.8195241329348537,0.8195241329348537,0.8195241329348537,0.8195241329348537,0.8195241329348537,0.8195241329348537,0.8211648218896784,0.8195241329348537,0.8195241329348537,0.8211648218896784,0.8277275777089764,0.8277275777089764,0.8211648218896784,0.8195241329348537,0.8195241329348537,0.8195241329348537,0.8129613771155557,0.8113206881607311,0.8113206881607311,0.8031172433866084,0.7949137986124858,0.7949137986124858,0.7867103538383631,0.7785069090642405,0.7538965747418724,0.7374896851936271,0.7063165950519612,0.6718621270006458,0.6554552374524005,0.6390483479041552,0.6144380135817873,0.598031124033542,0.5816242344852967,0.5652173449370513,0.5504511443436306,0.5406070106146833,0.524200121066438,0.493027030924772,0.47497945242170203,0.4602132518282814,0.44380636228003606,0.4421656733252114,0.4175553390028434,0.40278913840942276,0.3847415599063528,0.36177191453880947,0.34536502499056415,0.3207546906681962,0.3027071121651262,0.29450366739100353,0.2863002226168809,0.2780967778427582,0.26989333306863555,0.2616898882945129,0.25020506561074113,0.23806396734503965,0.233141900480566,0.220836733319382,0.2124692196497769,0.2077112216807858,0.194749778937672,0.1837571629403476,0.17473337368881273,0.17079572019723382,0.1648892399598655,0.1601312419908744,0.1543888306489885,0.14700573035227807,0.14356028354714653,0.14027890563749754,0.1361771832504362,0.13305987423626964,0.13059884080403275,0.1289581518492083,0.12731746289438375,0.12551270504407677,0.12305167161183989,0.11730926026995413,0.1107465044506559,0.10434781752684033,0.0976209928120597,0.09122230588824401,0.08236258553219167,0.07301065848969171,0.07301065848969171,0.06480721371556905,0.06480721371556905,0.05939294016464813,0.0566037689414464,0.0566037689414464,0.054306804404692044,0.04856439306280616,0.04840032416732374,0.041837568348025635,0.03872025933385906,0.03199343461907842,0.024118127635920715,0.017391302921140075,0.014109925011491081,0.011648891579254191,0.007547169192192861,0.0041017223870613295,0.0024610334322368913,0.001640688954824555,0.0003281377909649577,0.0,0.0,0.0,0.001640688954824555,0.0024610334322368913,0.006070549132850843,0.010008202624429752,0.01246923605666641,0.013945856116008544,0.016406889548245318,0.017227234025657654,0.01886792298048221,0.021328956412718984,0.025430678799780313,0.028219850022982048,0.03461853694679773,0.041017223870613295,0.050861357599560515,0.0566037689414464,0.06086956022399015,0.0664479026703936,0.07465134744451628,0.07957341430898981,0.08695651460570027,0.0918785814701738,0.0976209928120597,0.10582443758618236,0.11156684892806824,0.11894994922477856,0.1289581518492083,0.13634125214591863,0.14995897047096235,0.15767020855863761,0.17145199577916362,0.17817882049394426,0.1831008873584178,0.18835109201385633,0.1960623301015316,0.20180474144341748,0.20426577487565425,0.2124692196497769,0.21985231994648738,0.22280556006517152,0.22887610919802223,0.23100900483929418,0.2370795539721449,0.24068906967275885,0.24462672316433776,0.24708775659657453,0.24856437665591669,0.24872844555139909,0.2493847211333289,0.2493847211333289,0.2495487900288113,0.25036913450622367,0.25036913450622367,0.25102541008815343,0.25118947898363586,0.25348644352039024,0.2551271324752148,0.25545527026617965,0.25676782143003934,0.2569318903255218,0.2585725792803463,0.26021326823517077,0.2616898882945129,0.2616898882945129,0.2616898882945129,0.26989333306863555,0.26333057724933756,0.2616898882945129,0.2616898882945129,0.2616898882945129,0.2616898882945129,0.2616898882945129,0.26333057724933756,0.2616898882945129,0.2616898882945129,0.2616898882945129,0.2616898882945129,0.2616898882945129,0.2616898882945129,0.2616898882945129,0.2616898882945129,0.2616898882945129,0.2616898882945129,0.2616898882945129,0.2616898882945129,0.2616898882945129,0.2616898882945129,0.2616898882945129,0.2616898882945129,0.2616898882945129,0.2616898882945129,0.2616898882945129
13075000,0.4807690948051201,0.48133470550489094,0.4841627590037446,0.4869908125025981,0.4869908125025981,0.4898188660014518,0.4920813088005347,0.4920813088005347,0.4920813088005347,0.4920813088005347,0.4926469195003055,0.4920813088005347,0.4920813088005347,0.4920813088005347,0.4926469195003055,0.49773741579824204,0.4994342478975541,0.5090496297936566,0.5090496297936566,0.5090496297936566,0.5090496297936566,0.514705736791364,0.5152713474911346,0.5180994009899883,0.5203618437890711,0.5231898972879249,0.5345021112833394,0.5373301647821931,0.5373301647821931,0.5407238289808176,0.5486423787776076,0.5514704322764613,0.5559953178746271,0.5656106997707295,0.569004363969354,0.5769229137661441,0.5825790207638515,0.5859726849624758,0.5910631812604124,0.5944568454590369,0.600112952456744,0.6085971129533051,0.617081273449866,0.6221717697478025,0.6289590981450514,0.6430993656393196,0.650452304736339,0.6589364652328998,0.6764703969257926,0.6877826109212072,0.7132350924108899,0.7352939097019484,0.7352939097019484,0.7635744446904849,0.7664024981893386,0.7918549796790214,0.8059952471732896,0.8229635681664116,0.8484160496560943,0.8631219278501334,0.8766965846446308,0.878393416743943,0.9049771196331673,0.9111988373306452,0.9230766620258306,0.9332576546217037,0.9332576546217037,0.9332576546217037,0.9417418151182646,0.95361963981345,0.9615381896102402,0.9643662431090939,0.9898187245987767,0.9898187245987767,0.99999971719465,0.9898187245987767,0.9898187245987767,0.9898187245987767,0.9875562817996938,0.986990671099923,0.9615381896102402,0.9615381896102402,0.9564476933123037,0.9457010900166599,0.9338232653214745,0.9332576546217037,0.9157237229288114,0.9049771196331673,0.878393416743943,0.8744341418455479,0.8653843706492163,0.849547271055636,0.8484160496560943,0.8376694463604506,0.8291852858638895,0.8201355146675579,0.8201355146675579,0.8173074611687041,0.8059952471732896,0.792986201078563,0.7918549796790214,0.7918549796790214,0.7839364298822311,0.7720586051870457,0.7556558948936947,0.746606123697363,0.7358595204017192,0.707013374713412,0.6957011607179974,0.6787328397248754,0.671379900627856,0.6561084117340463,0.6436649763390904,0.6221717697478025,0.593891234759266,0.5882351277615586,0.5571265392741687,0.5378957754819639,0.5096152404934274,0.5039591334957201,0.48133470550489094,0.47850665200603726,0.4541853919158959,0.4445700100197934,0.4270360783269008,0.4191175285301106,0.40441165033607157,0.3857464972436376,0.3676469548509742,0.35916279435441334,0.3450225268601451,0.3393664198624377,0.33653836636358403,0.328619816566794,0.3133483276729843,0.31108588487390126,0.31108588487390126,0.2901582889823844,0.27488680008857475,0.2613121432940773,0.2545248148968283,0.2545248148968283,0.2516967613979746,0.24038454740256004,0.2290723334071455,0.22624427990829182,0.22398183710920894,0.22341622640943812,0.22341622640943812,0.2154976766126481,0.20984156961494072,0.2092759589151699,0.2126696231137944,0.2166288980121895,0.22398183710920894,0.22624427990829182,0.22398183710920894,0.22624427990829182,0.2290723334071455,0.2290723334071455,0.2290723334071455,0.2290723334071455,0.2166288980121895,0.207013516116087,0.19852935561952617,0.19796374491975535,0.19513569142090165,0.19513569142090165,0.1900451951229653,0.18947958442319449,0.1900451951229653,0.1900451951229653,0.19513569142090165,0.19513569142090165,0.1928732486218188,0.1928732486218188,0.19513569142090165,0.19513569142090165,0.18665153092434078,0.18156103462640424,0.17873298112755054,0.17533931692892624,0.16968320993121885,0.15893660663557513,0.14988683543924325,0.14140267494268238,0.11877824695185328,0.11312213995414591,0.10463797945758495,0.09615381896102398,0.08540721566538025,0.08201355146675575,0.06561084117340464,0.056561069977072956,0.056561069977072956,0.04807690948051199,0.04015835968372185,0.031108588487390166,0.028280534988536478,0.028280534988536478,0.016968320993121927,0.014140267494268239,0.011312213995414551,0.00678732839724871,0.0033936641986244053,0.0,0.0,0.0,0.0,0.0,0.0,0.0,0.0,0.0,0.0,0.0,0.0056561069977072755,0.008484160496560963,0.011877824695185368,0.011312213995414551,0.011877824695185368,0.016968320993121927,0.019796374491975514,0.02092759589151695,0.02545248148968279,0.028280534988536478,0.028280534988536478,0.028280534988536478,0.028280534988536478,0.03676469548509744,0.04015835968372185,0.05090496297936568,0.056561069977072956,0.056561069977072956,0.0678732839724875,0.07635744446904846,0.08484160496560943,0.08540721566538025,0.09389137616194111,0.10520359015735567,0.11312213995414591,0.11651580415277042,0.12782801814818498,0.1385746214438287,0.14140267494268238,0.1419682856424532,0.15893660663557513,0.16968320993121885,0.19570130212067247,0.2036198519174627,0.22624427990829182,0.24038454740256004,0.25226237209774544,0.257352868395682,0.27205874658972107,0.28280534988536477,0.28563340338421844,0.2997736708784867,0.31730760257137947,0.3342759235645012,0.3484161910587694,0.3676469548509742,0.37895916884638875,0.3846152758440961,0.3959274898395107,0.40158359683721806,0.4128958108326326,0.42420802482804715,0.42420802482804715,0.4304297425255251,0.45248855981658365,0.45248855981658365,0.45248855981658365,0.4553166133154373,0.4677600487103935,0.4756785985071836,0.4835971483039738,0.4869908125025981,0.4920813088005347,0.49490936229938837,0.49830302649801284,0.5005654692970958,0.5005654692970958,0.5005654692970958,0.49773741579824204,0.49773741579824204,0.49490936229938837,0.4926469195003055,0.4926469195003055,0.4920813088005347,0.4920813088005347,0.4926469195003055,0.4926469195003055,0.49490936229938837,0.49490936229938837,0.49547497299915916,0.49773741579824204,0.5005654692970958,0.5033935227959492,0.5033935227959492,0.5062215762948029,0.5090496297936566,0.5124432939922811,0.514705736791364,0.514705736791364,0.5152713474911346,0.514705736791364,0.514705736791364,0.514705736791364,0.514705736791364,0.514705736791364,0.5124432939922811,0.5124432939922811,0.514705736791364,0.514705736791364,0.514705736791364,0.514705736791364,0.514705736791364,0.5152713474911346,0.5175337902902175,0.5175337902902175,0.5175337902902175,0.5175337902902175,0.5152713474911346,0.514705736791364,0.514705736791364,0.514705736791364,0.5124432939922811,0.514705736791364,0.514705736791364,0.514705736791364,0.514705736791364,0.514705736791364,0.514705736791364,0.514705736791364,0.5152713474911346,0.5175337902902175,0.5175337902902175,0.5175337902902175,0.5175337902902175,0.5175337902902175,0.5175337902902175,0.5175337902902175,0.514705736791364,0.5090496297936566,0.5090496297936566,0.5090496297936566,0.5067871869945737,0.5062215762948029,0.5062215762948029,0.5011310799968663,0.5005654692970958,0.49490936229938837,0.4920813088005347,0.4920813088005347,0.4920813088005347,0.4869908125025981,0.4864252018028275,0.4864252018028275,0.4841627590037446,0.4835971483039738,0.4807690948051201,0.4807690948051201,0.4807690948051201,0.4807690948051201,0.4779410413062664
13075500,0.6195651914897495,0.6237457933216641,0.6237457933216641,0.6237457933216641,0.6237457933216641,0.6237457933216641,0.6237457933216641,0.6237457933216641,0.6237457933216641,0.6245819136880472,0.6245819136880472,0.6279263951535787,0.6279263951535787,0.6279263951535787,0.6287625155199618,0.6321069969854934,0.6321069969854934,0.6321069969854934,0.6321069969854934,0.6321069969854934,0.6321069969854934,0.6321069969854934,0.6321069969854934,0.6321069969854934,0.6321069969854934,0.6321069969854934,0.6321069969854934,0.6321069969854934,0.6321069969854934,0.636287598817408,0.636287598817408,0.6404682006493226,0.648829404313152,0.6530100061450667,0.6530100061450667,0.6571906079769813,0.6613712098088959,0.6622073301752788,0.6655518116408106,0.6655518116408106,0.6655518116408106,0.6655518116408106,0.6697324134727252,0.6739130153046398,0.6739130153046398,0.6739130153046398,0.6739130153046398,0.6739130153046398,0.6780936171365545,0.6822742189684691,0.6864548208003837,0.694816024464213,0.7031772281280423,0.7081939503263398,0.7157190336237862,0.7165551539901691,0.7282608391195301,0.7366220427833594,0.7491638482791033,0.7617056537748472,0.7742474592705911,0.7826086629344204,0.799331070262079,0.8118728757578229,0.8244146812535669,0.8369564867493108,0.8494982922450547,0.8620400977407986,0.8745819032365425,0.8879598290986693,0.8963210327624985,0.9080267178918596,0.9163879215556889,0.9247491252195181,0.9331103288833474,0.9456521343790913,0.9540133380429207,0.96237454170675,0.9665551435386646,0.9749163472024939,0.9790969490344085,0.9790969490344085,0.9790969490344085,0.9790969490344085,0.9790969490344085,0.9841136712327062,0.9874581526982378,0.9874581526982378,0.9916387545301524,0.995819356362067,0.9999999581939817,0.9999999581939817,0.9999999581939817,0.9999999581939817,0.9966554767284501,0.995819356362067,0.9916387545301524,0.9874581526982378,0.9882942730646209,0.9874581526982378,0.9874581526982378,0.9874581526982378,0.9874581526982378,0.9841136712327062,0.9832775508663231,0.9790969490344085,0.9757524675688769,0.9707357453705792,0.9707357453705792,0.9581939398748353,0.9456521343790913,0.937290930715262,0.9297658474178156,0.9088628382582424,0.891304310564201,0.8704013014046279,0.833612005283779,0.7926421073310157,0.7575250519429326,0.6923076633650643,0.6613712098088959,0.6112039878259202,0.5785952935369861,0.5493310807135836,0.510869543859969,0.49414713653231035,0.4857859328684811,0.47742472920465184,0.4657190440752909,0.4565217200450786,0.43979931271742007,0.4230769053897615,0.4155518220923152,0.4105350998940176,0.39882941476465666,0.3904682111008274,0.3854514889025297,0.37792640560508345,0.36454847974295657,0.35200667424721266,0.3394648687514687,0.33110366508763944,0.3227424614238102,0.3143812577599809,0.30602005409615163,0.29498326525989693,0.28093644310466376,0.2725752394408345,0.2680601894623667,0.26346152744726054,0.25209029046445275,0.24648828400968717,0.23745818405275157,0.23185617759798594,0.220735776725093,0.21613711470998687,0.2095317638155618,0.20150500829828563,0.1969899583198179,0.18737457410641412,0.17391303620764903,0.16387959181105388,0.15150501038858658,0.14715718448339532,0.13946487711267241,0.13043477715573673,0.12040133275914164,0.11789297165999282,0.10953176799616354,0.10459865783450427,0.092809360668505,0.08620400977407987,0.08026755517276107,0.07608695334084643,0.07525083297446349,0.06989966262961278,0.06772574967701715,0.0660535089442513,0.06354514784510251,0.05936454601318787,0.05518394418127324,0.05518394418127324,0.048160533103656644,0.04682274051744396,0.04264213868552932,0.041471570172593245,0.038461536853614677,0.03770902852387004,0.034280935021700036,0.03135451373935978,0.0301003331897854,0.02926421282340246,0.026421403577700536,0.024331102661743216,0.021822741562594426,0.021739129525956122,0.018729096206977616,0.016889631400935155,0.015217390668169304,0.014297658265148089,0.014214046228509783,0.013461537898765148,0.013377925862126843,0.01137123698280783,0.009698996250041964,0.009197324030212204,0.008779263847020734,0.0080267555172761,0.006270902747871959,0.0050167221982975645,0.0041806018319146395,0.0016722407327658497,0.0008361203663829249,0.0,0.0,0.0,8.3612036638291e-05,0.0,0.0005016722198297608,0.0005016722198297608,0.0008361203663829249,0.0008361203663829249,0.0008361203663829249,0.00016722407327659686,0.00016722407327659686,0.00016722407327659686,0.0,0.0,0.0008361203663829249,0.0012541805495743948,0.0029264212823402447,0.0050167221982975645,0.00635451478451025,0.00886287588365904,0.009698996250041964,0.011287624946169523,0.014715718448339528,0.01755852769404148,0.01806019991387126,0.020234112866466855,0.021822741562594426,0.025919731357870762,0.028678928566934436,0.030602005409615177,0.0334448146553171,0.03561872760791272,0.038461536853614677,0.04264213868552932,0.04682274051744396,0.04891304143340128,0.05284280715540106,0.05518394418127324,0.05936454601318787,0.06354514784510251,0.06613712098088961,0.06772574967701715,0.07190635150893179,0.07608695334084643,0.08026755517276107,0.08444815700467571,0.08862875883659035,0.092809360668505,0.09782608286680257,0.10158862451552574,0.1053511661642489,0.10953176799616354,0.11371236982807818,0.11789297165999282,0.12207357349190746,0.12558527903071579,0.13085283733892822,0.1360367836105024,0.15075250205884191,0.16387959181105388,0.17107022696194704,0.1779264139662871,0.1861203935568398,0.19732440646637098,0.20568561013020026,0.21337791750092322,0.22474915448373103,0.2362040035031772,0.2516722302812613,0.2668060089127923,0.30267557263061995,0.3143812577599809,0.33110366508763944,0.3403009891178517,0.3687290815748712,0.3812708870706151,0.3854514889025297,0.39381269256635903,0.40635449806210294,0.4105350998940176,0.41471570172593225,0.41889630355784685,0.4230769053897615,0.4314381090535908,0.44063543308380304,0.452341118213164,0.4565217200450786,0.46906352554082253,0.47742472920465184,0.48160533103656644,0.48662205323486407,0.49414713653231035,0.498327738364225,0.5025083401961397,0.5066889420280543,0.5150501456918836,0.5192307475237982,0.5275919511876275,0.5401337566833714,0.544314358515286,0.5526755621791153,0.5568561640110299,0.5610367658429446,0.5660534880412422,0.5693979695067738,0.5744146917050714,0.5819397750025177,0.5827758953689007,0.5861203768344324,0.5861203768344324,0.590300978666347,0.590300978666347,0.59113709903273,0.5944815804982616,0.5986621823301763,0.5986621823301763,0.5986621823301763,0.5986621823301763,0.6028427841620909,0.6028427841620909,0.6028427841620909,0.6028427841620909,0.603678904528474,0.6070233859940056,0.6112039878259202,0.6112039878259202,0.6112039878259202,0.6112039878259202,0.6112039878259202,0.6112039878259202,0.6112039878259202,0.6112039878259202,0.6112039878259202,0.6112039878259202,0.6112039878259202,0.6112039878259202,0.6112039878259202,0.6112039878259202,0.6112039878259202,0.6112039878259202,0.6112039878259202,0.6112039878259202,0.6112039878259202,0.6112039878259202,0.6112039878259202,0.6112039878259202,0.6112039878259202,0.6112039878259202,0.6112039878259202,0.6112039878259202,0.6112039878259202,0.6112039878259202
13077000,0.0012348945918365577,0.0012348945918365577,0.0011643291865887635,0.0011466878352768036,0.0011466878352768036,0.0011466878352768036,0.0011466878352768036,0.0011466878352768036,0.0011466878352768036,0.0011466878352768036,0.0011466878352768036,0.0011466878352768036,0.0011466878352768036,0.0011466878352768036,0.0011466878352768036,0.0011466878352768036,0.0011466878352768036,0.0011466878352768036,0.0011466878352768036,0.0011466878352768036,0.0010761224300290092,0.0010584810787170494,0.0009879156734692552,0.0009702743221572953,0.0009702743221572953,0.0009879156734692552,0.0009702743221572953,0.0009702743221572953,0.0009702743221572953,0.0009879156734692552,0.0010584810787170494,0.0010584810787170494,0.0010761224300290092,0.0011466878352768036,0.0011466878352768036,0.0011466878352768036,0.0011466878352768036,0.0011466878352768036,0.0012348945918365577,0.0012348945918365577,0.0012348945918365577,0.0012348945918365577,0.0012348945918365577,0.0012525359431485076,0.0013231013483963117,0.0013231013483963117,0.0013231013483963117,0.001411308104956066,0.0014289494562680259,0.00149951486151582,0.00149951486151582,0.001587721618075574,0.001587721618075574,0.001587721618075574,0.001587721618075574,0.001605362969387524,0.0016759283746353283,0.0017641351311950824,0.0017641351311950824,0.0018523418877548364,0.0018523418877548364,0.0018699832390667963,0.0019405486443145907,0.0020287554008743447,0.002046396752186305,0.0021169621574340988,0.0022933756705536073,0.0024697891836731154,0.0025579959402328694,0.0026462026967926234,0.002734409453352378,0.002822616209912132,0.00299902972303164,0.003087236479591394,0.003175443236151148,0.0033518567492706566,0.0035282702623901647,0.0037928905320694273,0.004322131071427952,0.004604392692419174,0.005115991880465739,0.0054864602580167055,0.006439093228862051,0.012984034565595815,0.035970715325067765,0.056364117441682904,0.07294698767491666,0.08000352819969699,0.0995854281559624,0.10558348760202568,0.12498897404517159,0.14104260373904684,0.1463350091326321,0.15180382803933687,0.1593896091034757,0.16397636044458294,0.18355826040084836,0.19396665767489932,0.198376995502887,0.20719767115886242,0.22219281977402064,0.229955014351279,0.24424450891395919,0.2557113872667272,0.2640028223833441,0.2793507980247413,0.2975213898760507,0.3112816438993723,0.32998147629004015,0.3536208870480543,0.37108582484688557,0.3827291167127731,0.40478080585271164,0.41607127069236016,0.4338890355174305,0.4550586570917715,0.4684660840888542,0.4788744813629051,0.4984563813191705,0.5286230920626065,0.5510276082287839,0.5704330946719299,0.5854282432870881,0.5968951216398561,0.6085384135057437,0.626003351304575,0.6422333945115698,0.6547587539430548,0.6678133539138984,0.6773396836223519,0.6861603592783273,0.6940989673687051,0.700979094380366,0.7064479132870708,0.7108582511150584,0.7150921754299266,0.7195025132579144,0.7284996024270093,0.7362617970042676,0.7424362699634505,0.7491399834619917,0.7574314185786086,0.7646643726165084,0.7717209131412888,0.7736614617856034,0.7805415887972642,0.78565758067773,0.7902443320188371,0.7937726022812274,0.7988885941616931,0.8017112103716052,0.8043574130683978,0.8070036157651904,0.810355472514461,0.8147658103424488,0.8184704941179585,0.8237628995115437,0.8385816346135824,0.8466966562170798,0.8500485129663504,0.8588691886223259,0.8588691886223259,0.8676898642783013,0.8765105399342766,0.8853312155902521,0.8941518912462275,0.902972566902203,0.9117932425581783,0.9206139182141537,0.9294345938701292,0.9311987290013244,0.9382552695261046,0.9470759451820799,0.9558966208380554,0.9558966208380554,0.9647172964940308,0.9735379721500063,0.9753021072812015,0.9823586478059816,0.9823586478059816,0.9823586478059816,0.991179323461957,0.991179323461957,0.991179323461957,0.991179323461957,0.9999999991179325,0.991179323461957,0.991179323461957,0.991179323461957,0.991179323461957,0.9823586478059816,0.9823586478059816,0.9735379721500063,0.9647172964940308,0.9647172964940308,0.9558966208380554,0.9470759451820799,0.9470759451820799,0.9400194046572998,0.9382552695261046,0.9382552695261046,0.9382552695261046,0.9382552695261046,0.9294345938701292,0.9294345938701292,0.9294345938701292,0.922378053345349,0.9206139182141537,0.9117932425581783,0.9117932425581783,0.902972566902203,0.902972566902203,0.8941518912462275,0.8941518912462275,0.8941518912462275,0.8853312155902521,0.8853312155902521,0.8765105399342766,0.8676898642783013,0.8676898642783013,0.8588691886223259,0.8588691886223259,0.8500485129663504,0.8449325210858847,0.8429919724415701,0.8376995670479849,0.8332892292199972,0.8288788913920094,0.8211166968147511,0.8138837427768513,0.8050630671208758,0.79641880497802,0.7891858509401201,0.7798359347447862,0.7724265671937668,0.754785215881816,0.7389079997010602,0.721443061902229,0.7090941159838634,0.6992149592491709,0.6852782917127298,0.6632266025727912,0.6508776566544257,0.6401164323541356,0.6242392161733799,0.6104789621500584,0.5968951216398561,0.5863103108526856,0.5757255000655152,0.5626709000946716,0.5536738109255767,0.5369145271792233,0.5258004758526944,0.5157449056048823,0.49898562185852907,0.49034135971567316,0.47852165433666616,0.46282085166902986,0.4531181084474569,0.4442974327914815,0.4294786976894428,0.41712975177107725,0.40284025720839706,0.39842991938040934,0.38996207075067296,0.37902443293726346,0.3642056978352248,0.35079827083814213,0.3395078059984936,0.32539472494893296,0.29716856284981163,0.2811149331559364,0.26488488994894166,0.2431860278352421,0.23436535217926668,0.21178442249996965,0.18867425228131407,0.17103290096936327,0.14368880643583945,0.11740319298103276,0.10417217949706964,0.08264973089648961,0.0669489282288534,0.06077445526967059,0.059715974190953536,0.058833906625355994,0.05532327771427779,0.026426744265302345,0.018029461040813752,0.012684131593292654,0.004145717558308444,0.0034400635058304107,0.0028402575612240916,0.0026462026967926234,0.0024697891836731154,0.002205168913993853,0.0019405486443145907,0.001587721618075574,0.00149951486151582,0.0013231013483963117,0.0012348945918365577,0.0011466878352768036,0.0009702743221572953,0.0008820675655975412,0.0008820675655975412,0.0008115021603497469,0.000793860809037787,0.000793860809037787,0.0007232954037899928,0.000705654052478033,0.0006174472959182788,0.0005292405393585247,0.0004410337827987706,0.0004410337827987706,0.0004410337827987706,0.0004410337827987706,0.0003528270262390165,0.0003528270262390165,0.0003528270262390165,0.0003528270262390165,0.0003528270262390165,0.0003528270262390165,0.00026462026967926234,0.00017641351311950825,0.00017641351311950825,0.00010584810787171397,8.820675655975412e-05,8.820675655975412e-05,8.820675655975412e-05,8.820675655975412e-05,8.820675655975412e-05,8.820675655975412e-05,8.820675655975412e-05,8.820675655975412e-05,1.764135131195985e-05,0.0,0.0,0.0,0.0,8.820675655975412e-05,8.820675655975412e-05,8.820675655975412e-05,8.820675655975412e-05,8.820675655975412e-05,8.820675655975412e-05,8.820675655975412e-05,8.820675655975412e-05,8.820675655975412e-05,0.00017641351311950825,0.00017641351311950825,0.00017641351311950825,0.00026462026967926234,0.0003528270262390165,0.0003528270262390165,0.0003528270262390165,0.0003528270262390165,0.0004410337827987706,0.0004410337827987706,0.0005292405393585247,0.0005292405393585247,0.0005292405393585247,0.0005292405393585247,0.0006174472959182788,0.000705654052478033,0.000705654052478033,0.000705654052478033
13081500,0.002845962287624852,0.002845962287624852,0.002845962287624852,0.002845962287624852,0.002845962287624852,0.002845962287624852,0.0028696786400217314,0.0028696786400217314,0.002845962287624852,0.002845962287624852,0.002845962287624852,0.002845962287624852,0.002845962287624852,0.002845962287624852,0.002845962287624852,0.002845962287624852,0.0028933949924186105,0.0028933949924186105,0.0030831258115935896,0.0030831258115935896,0.0030831258115935896,0.0029882604020061002,0.002845962287624852,0.0026087987636561143,0.002632515116052994,0.0026087987636561143,0.0026087987636561143,0.0026087987636561143,0.002632515116052994,0.0026087987636561143,0.0026087987636561143,0.0026087987636561143,0.002727380525640483,0.002727380525640483,0.002727380525640483,0.002727380525640483,0.002632515116052994,0.002632515116052994,0.002632515116052994,0.002632515116052994,0.002632515116052994,0.0026087987636561143,0.002632515116052994,0.002727380525640483,0.002727380525640483,0.002727380525640483,0.0027510968780373626,0.0028696786400217314,0.0030831258115935896,0.0030831258115935896,0.003106842163990469,0.0033440056879592067,0.0035574528595310653,0.003676034621515434,0.003676034621515434,0.003676034621515434,0.003818332735896682,0.003818332735896682,0.003699750973912313,0.003818332735896682,0.003818332735896682,0.003699750973912313,0.003676034621515434,0.003676034621515434,0.003676034621515434,0.003676034621515434,0.003676034621515434,0.003818332735896682,0.003913198145484171,0.0040554962598654196,0.004387525193421647,0.004529823307802895,0.004743270479374753,0.004861852241359123,0.005122732117724739,0.0055733428132653355,0.005810506337234073,0.006047669861202811,0.006284833385171548,0.006427131499552797,0.006759160433109024,0.007257203833443378,0.007731530881380853,0.008443021453287066,0.009012213910812032,0.009605122720733876,0.01031661329264009,0.01126526738851504,0.012356219598771239,0.014111229676139892,0.01792956241203656,0.019732005194198973,0.0254950788266393,0.030143483896426564,0.038325625473348016,0.04380410287702586,0.048262777127638115,0.05988378980210632,0.07719672705182411,0.09522115487344818,0.11063678393141615,0.12700106708525902,0.14123087852338329,0.15546068996150755,0.17490809892694403,0.19838728779984907,0.21427724390575453,0.23870508687453448,0.26242143927140826,0.287086445764157,0.3110399616849995,0.34614016323237273,0.36938218858130906,0.39641883031374503,0.42487845318999357,0.43768528348430535,0.45713269244974186,0.47800308255899077,0.5206925168733636,0.5479663221297684,0.5645677688075801,0.5778489261498293,0.598007825687172,0.61342345474514,0.6335823542824827,0.6492351468644194,0.6653622664942935,0.6833866943159176,0.7071030467127913,0.7175382417674159,0.7284477638699779,0.7376971413047585,0.7519269527428828,0.7602276760817887,0.7640222924652884,0.7709000346603818,0.778014940379444,0.7841811920026311,0.7877386448621622,0.7924819153415369,0.7984110034407554,0.804340091539974,0.8078975443995049,0.8112178337350672,0.8138266324987233,0.8171469218342856,0.819518557073973,0.8218901923136605,0.823076009933504,0.8254476451731915,0.8254476451731915,0.8301909156525662,0.8313767332724099,0.8325625508922536,0.8361200037517846,0.838491638991472,0.8396774566113158,0.8420490918510031,0.8467923623303779,0.849401161094034,0.8515356328097526,0.85390726804944,0.8586505385288148,0.8657654442478769,0.8716945323470954,0.8740661675867827,0.8799952556860011,0.8871101614050633,0.8965967023638128,0.906320406846531,0.9146211301854369,0.9238705076202176,0.9333570485789672,0.9416577719178729,0.9487726776369351,0.9523301304964661,0.9582592185956845,0.9630024890750594,0.9665599419345904,0.9689315771742778,0.9724890300338088,0.979603935752871,0.9822127345165271,0.9843472062322457,0.9855330238520894,0.9893276402355892,0.9916992754752766,0.994070910714964,0.9962053824306826,0.9973912000505263,0.9973912000505263,0.9999999988141824,0.9988141811943387,0.9988141811943387,0.997628363574495,0.9964425459546513,0.9950195648108389,0.9928850930951203,0.9914621119513078,0.9905134578554329,0.9902762943314641,0.9890904767116204,0.9879046590917768,0.9843472062322457,0.983161388612402,0.9810269168966834,0.9774694640371523,0.97604648289334,0.9748606652734962,0.9727261935577776,0.9713032124139651,0.9691687406982465,0.9641883066949031,0.9573105644998097,0.9525672940204348,0.945215224777404,0.940709117821998,0.9333570485789672,0.9286137780995923,0.9226846900003739,0.9169927654251242,0.910826513801937,0.907269060942406,0.9037116080828749,0.9001541552233439,0.8942250671241254,0.891853431884438,0.8859243437852196,0.8788094380661574,0.8752519852066264,0.8681370794875642,0.8586505385288148,0.8515356328097526,0.8444207270906905,0.8363571672757534,0.8242618275533478,0.8147752865945983,0.804340091539974,0.7922447518175683,0.7782521039034127,0.7675797453248195,0.7533499338866952,0.7436262294039769,0.7260761286302904,0.7118463171921662,0.6988023233738856,0.690264436511011,0.6774576062166991,0.6618048136347625,0.6501838009602944,0.636902643618045,0.6250444674196082,0.6146092723649837,0.6072572031219529,0.5968220080673283,0.5847266683449227,0.5716826745266421,0.5636191147117051,0.5529467561331118,0.5408514164107062,0.5304162213560818,0.5230641521130509,0.5126289570584265,0.5005336173360209,0.48227202599042807,0.46875370512421,0.45808134654561683,0.44717182444305487,0.43199335890905566,0.41634056632711897,0.4044823901286821,0.3843234905913394,0.36558757219780913,0.3347563140818733,0.30843116292134337,0.2942013514832191,0.2766512507095325,0.2645559109871269,0.24795446430931525,0.21641171562147318,0.19127238208078692,0.17229930016328793,0.14360251376307065,0.11917467079429074,0.09166370201391714,0.06462706028148107,0.044349578982153984,0.024925886369114334,0.017716115240464715,0.013660618980599296,0.009652555425527634,0.0075180837098089955,0.006047669861202811,0.00500415035574037,0.0040554962598654196,0.003794616383499803,0.0033202893355623276,0.0029882604020061002,0.002727380525640483,0.0026087987636561143,0.002253053477703008,0.0020158899537342703,0.0016601446677811638,0.001422981143812426,0.0013043993818280572,0.0013043993818280572,0.0010672358578593195,0.0009486540958749507,0.0009486540958749507,0.0008300723338905819,0.0008300723338905819,0.0008300723338905819,0.0008300723338905819,0.0008300723338905819,0.0008300723338905819,0.0008300723338905819,0.000711490571906213,0.000711490571906213,0.000711490571906213,0.000711490571906213,0.000711490571906213,0.000711490571906213,0.000711490571906213,0.000711490571906213,0.000711490571906213,0.0005929088099218442,0.0005929088099218442,0.0005929088099218442,0.0005929088099218442,0.00047432704793747536,0.00037946163834999243,0.00037946163834999243,0.0003557452859531065,0.00011858176198436884,0.00011858176198436884,0.00011858176198436884,2.37163523968859e-05,2.37163523968859e-05,0.0,2.37163523968859e-05,0.00011858176198436884,0.00011858176198436884,0.00011858176198436884,0.00011858176198436884,0.00011858176198436884,0.00011858176198436884,0.00011858176198436884,0.00023716352396873768,0.0003557452859531065,0.00023716352396873768,0.0002608798763656101,0.0003557452859531065,0.00047432704793747536,0.0006166251623187301,0.000711490571906213,0.0011858176198436883,0.0013043993818280572,0.0015415629057967948,0.0017787264297655326,0.0017787264297655326,0.0018973081917499014,0.0018973081917499014,0.0018973081917499014,0.0019210245441467805,0.0020158899537342703,0.0020158899537342703
